Begin PolyList
   Begin Polygon Texture=DrtyBlueDumpt_A Flags=1073741856 Link=0
      Origin   +00068.000000,-00110.000000,+00056.000000
      Normal   -00001.000000,-00000.000000,-00000.000000
      TextureU +00000.000000,+00001.000000,+00000.000000
      TextureV +00000.000000,+00000.000000,-00001.000000
      Vertex   +00068.000000,-00102.000000,+00056.000000
      Vertex   +00068.000000,-00103.333336,+00056.000000
      Vertex   +00068.000000,-00102.000000,+00060.000000
   End Polygon
   Begin Polygon Texture=DrtyBlueDumpt_A Flags=1073741856 Link=1
      Origin   +00036.000000,-00102.000000,+00056.000000
      Normal   +00001.000000,+00000.000000,+00000.000000
      TextureU -00000.000000,-00001.000000,-00000.000000
      TextureV +00000.000000,+00000.000000,-00001.000000
      Vertex   +00036.000004,-00110.000000,+00060.000000
      Vertex   +00036.000000,-00108.666672,+00064.000000
      Vertex   +00036.000000,-00110.000000,+00064.000000
   End Polygon
   Begin Polygon Texture=DrtyBlueDumpt_A Flags=1073741856 Link=2
      Origin   +00050.000000,-00102.000000,+00056.000000
      Normal   +00001.000000,+00000.000000,+00000.000000
      TextureU -00000.000000,-00001.000000,-00000.000000
      TextureV +00000.000000,+00000.000000,-00001.000000
      Vertex   +00050.000004,-00110.000000,+00060.000000
      Vertex   +00050.000000,-00108.666672,+00064.000000
      Vertex   +00050.000000,-00110.000000,+00064.000000
   End Polygon
   Begin Polygon Texture=DrtyBlueDumpt_A Flags=1073741856 Link=3
      Origin   +00064.000000,-00102.000000,+00056.000000
      Normal   +00001.000000,+00000.000000,+00000.000000
      TextureU -00000.000000,-00001.000000,-00000.000000
      TextureV +00000.000000,+00000.000000,-00001.000000
      Vertex   +00064.000000,-00110.000000,+00060.000000
      Vertex   +00064.000000,-00109.000000,+00063.000000
      Vertex   +00064.000000,-00110.000000,+00062.666664
   End Polygon
   Begin Polygon Texture=DrtyBlueDumpt_A Flags=1073741856 Link=4
      Origin   +00096.000000,-00103.000000,+00063.000000
      Normal   +00000.000000,+00000.948683,+00000.316230
      TextureU -00001.000000,-00000.000000,-00000.000000
      TextureV +00000.000000,-00000.316228,+00000.948683
      Vertex   +00068.000000,-00102.000000,+00060.000000
      Vertex   +00064.000000,-00102.000000,+00060.000000
      Vertex   +00064.000000,-00103.000000,+00063.000000
      Vertex   +00068.000000,-00103.000000,+00063.000000
   End Polygon
   Begin Polygon Texture=DrtyBlueDumpt_A Flags=1073741856 Link=5
      Origin   +00096.000000,-00106.000000,+00096.000000
      Normal   -00000.000000,+00000.316227,+00000.948683
      TextureU -00001.000000,-00000.000000,-00000.000000
      TextureV +00000.000000,-00000.948683,+00000.316228
      Vertex   +00064.000000,-00103.000000,+00095.000000
      Vertex   +00064.000000,-00106.000000,+00096.000000
      Vertex   +00068.000000,-00106.000000,+00096.000000
      Vertex   +00068.000000,-00103.000000,+00095.000000
   End Polygon
   Begin Polygon Texture=DrtyBlueDumpt_A Flags=1073741856 Link=6
      Origin   +00096.000000,-00103.000000,+00095.000000
      Normal   +00000.000000,+00000.948683,+00000.316230
      TextureU -00001.000000,-00000.000000,-00000.000000
      TextureV +00000.000000,-00000.316228,+00000.948683
      Vertex   +00068.000000,-00102.000000,+00092.000000
      Vertex   +00064.000000,-00102.000000,+00092.000000
      Vertex   +00064.000000,-00103.000000,+00095.000000
      Vertex   +00068.000000,-00103.000000,+00095.000000
   End Polygon
   Begin Polygon Texture=DrtyBlueDumpt_A Flags=1073741856 Link=7
      Origin   +00096.000000,-00102.000000,+00092.000000
      Normal   -00000.000000,+00000.948683,-00000.316228
      TextureU -00001.000000,-00000.000000,-00000.000000
      TextureV -00000.000000,+00000.316227,+00000.948683
      Vertex   +00064.000000,-00103.000000,+00089.000000
      Vertex   +00064.000000,-00102.000000,+00092.000000
      Vertex   +00068.000000,-00102.000000,+00092.000000
      Vertex   +00068.000000,-00103.000000,+00089.000000
   End Polygon
   Begin Polygon Texture=DrtyBlueDumpt_A Flags=1073741856 Link=8
      Origin   +00096.000000,-00106.000000,+00088.000000
      Normal   -00000.000000,-00000.316228,-00000.948683
      TextureU -00001.000000,-00000.000000,-00000.000000
      TextureV -00000.000000,+00000.948683,-00000.316228
      Vertex   +00068.000000,-00106.000000,+00088.000000
      Vertex   +00068.000000,-00109.000000,+00089.000000
      Vertex   +00064.000000,-00109.000000,+00089.000000
      Vertex   +00064.000000,-00106.000000,+00088.000000
   End Polygon
   Begin Polygon Texture=DrtyBlueDumpt_A Flags=1073741856 Link=9
      Origin   +00096.000000,-00110.000000,+00092.000000
      Normal   +00000.000000,-00000.948683,+00000.316228
      TextureU -00001.000000,-00000.000000,-00000.000000
      TextureV -00000.000000,-00000.316228,-00000.948683
      Vertex   +00068.000000,-00110.000000,+00092.000000
      Vertex   +00068.000000,-00109.000000,+00095.000000
      Vertex   +00064.000000,-00109.000000,+00095.000000
      Vertex   +00064.000000,-00110.000000,+00092.000000
   End Polygon
   Begin Polygon Texture=DrtyBlueDumpt_A Flags=1073741856 Link=10
      Origin   +00096.000000,-00103.000000,+00089.000000
      Normal   +00000.000000,+00000.316228,-00000.948683
      TextureU -00001.000000,-00000.000000,-00000.000000
      TextureV +00000.000000,+00000.948683,+00000.316230
      Vertex   +00064.000000,-00106.000000,+00088.000000
      Vertex   +00064.000000,-00103.000000,+00089.000000
      Vertex   +00068.000000,-00103.000000,+00089.000000
      Vertex   +00068.000000,-00106.000000,+00088.000000
   End Polygon
   Begin Polygon Texture=DrtyBlueDumpt_A Flags=1073741856 Link=11
      Origin   +00096.000000,-00109.000000,+00095.000000
      Normal   +00000.000000,-00000.316228,+00000.948683
      TextureU -00001.000000,-00000.000000,-00000.000000
      TextureV +00000.000000,-00000.948683,-00000.316228
      Vertex   +00068.000000,-00109.000000,+00095.000000
      Vertex   +00068.000000,-00106.000000,+00096.000000
      Vertex   +00064.000000,-00106.000000,+00096.000000
      Vertex   +00064.000000,-00109.000000,+00095.000000
   End Polygon
   Begin Polygon Texture=DrtyBlueDumpt_A Flags=1073741856 Link=12
      Origin   +00096.000000,-00109.000000,+00089.000000
      Normal   +00000.000000,-00000.948683,-00000.316228
      TextureU -00001.000000,-00000.000000,-00000.000000
      TextureV +00000.000000,+00000.316228,-00000.948683
      Vertex   +00068.000000,-00109.000000,+00089.000000
      Vertex   +00068.000000,-00110.000000,+00092.000000
      Vertex   +00064.000000,-00110.000000,+00092.000000
      Vertex   +00064.000000,-00109.000000,+00089.000000
   End Polygon
   Begin Polygon Texture=DrtyBlueDumpt_A Flags=1073741856 Link=13
      Origin   +00096.000000,-00102.000000,+00060.000000
      Normal   -00000.000000,+00000.948683,-00000.316228
      TextureU -00001.000000,-00000.000000,-00000.000000
      TextureV -00000.000000,+00000.316227,+00000.948683
      Vertex   +00064.000000,-00103.000000,+00057.000000
      Vertex   +00064.000000,-00102.000000,+00060.000000
      Vertex   +00068.000000,-00102.000000,+00060.000000
      Vertex   +00068.000000,-00103.000000,+00057.000000
   End Polygon
   Begin Polygon Texture=DrtyBlueDumpt_A Flags=1073741856 Link=14
      Origin   +00096.000000,-00103.000000,+00057.000000
      Normal   +00000.000000,+00000.316228,-00000.948683
      TextureU -00001.000000,-00000.000000,-00000.000000
      TextureV +00000.000000,+00000.948683,+00000.316230
      Vertex   +00064.000000,-00106.000000,+00056.000000
      Vertex   +00064.000000,-00103.000000,+00057.000000
      Vertex   +00068.000000,-00103.000000,+00057.000000
      Vertex   +00068.000000,-00106.000000,+00056.000000
   End Polygon
   Begin Polygon Texture=DrtyBlueDumpt_A Flags=1073741856 Link=15
      Origin   +00096.000000,-00110.000000,+00060.000000
      Normal   +00000.000000,-00000.948683,+00000.316228
      TextureU -00001.000000,-00000.000000,-00000.000000
      TextureV -00000.000000,-00000.316228,-00000.948683
      Vertex   +00064.000000,-00110.000000,+00060.000000
      Vertex   +00068.000000,-00110.000000,+00060.000000
      Vertex   +00068.000000,-00109.000000,+00063.000000
      Vertex   +00064.000000,-00109.000000,+00063.000000
   End Polygon
   Begin Polygon Texture=DrtyBlueDumpt_A Flags=1073741856 Link=16
      Origin   +00096.000000,-00109.000000,+00057.000000
      Normal   +00000.000000,-00000.948683,-00000.316228
      TextureU -00001.000000,-00000.000000,-00000.000000
      TextureV +00000.000000,+00000.316228,-00000.948683
      Vertex   +00068.000000,-00109.000000,+00057.000000
      Vertex   +00068.000000,-00110.000000,+00060.000000
      Vertex   +00064.000000,-00110.000000,+00060.000000
      Vertex   +00064.000000,-00109.000000,+00057.000000
   End Polygon
   Begin Polygon Texture=DrtyBlueDumpt_A Flags=1073741856 Link=17
      Origin   +00096.000000,-00106.000000,+00056.000000
      Normal   -00000.000000,-00000.316228,-00000.948683
      TextureU -00001.000000,-00000.000000,-00000.000000
      TextureV -00000.000000,+00000.948683,-00000.316228
      Vertex   +00068.000000,-00106.000000,+00056.000000
      Vertex   +00068.000000,-00109.000000,+00057.000000
      Vertex   +00064.000000,-00109.000000,+00057.000000
      Vertex   +00064.000000,-00106.000000,+00056.000000
   End Polygon
   Begin Polygon Texture=DrtyBlueDumpt_A Flags=1073741856 Link=18
      Origin   +00096.000000,-00106.000000,+00064.000000
      Normal   -00000.000000,+00000.316227,+00000.948683
      TextureU -00001.000000,-00000.000000,-00000.000000
      TextureV +00000.000000,-00000.948683,+00000.316228
      Vertex   +00064.000000,-00103.000000,+00063.000000
      Vertex   +00064.000000,-00106.000000,+00064.000000
      Vertex   +00068.000000,-00106.000000,+00064.000000
      Vertex   +00068.000000,-00103.000000,+00063.000000
   End Polygon
   Begin Polygon Texture=DrtyBlueDumpt_A Flags=1073741856 Link=19
      Origin   +00096.000000,-00109.000000,+00063.000000
      Normal   +00000.000000,-00000.316228,+00000.948683
      TextureU -00001.000000,-00000.000000,-00000.000000
      TextureV +00000.000000,-00000.948683,-00000.316228
      Vertex   +00068.000000,-00109.000000,+00063.000000
      Vertex   +00068.000000,-00106.000000,+00064.000000
      Vertex   +00064.000000,-00106.000000,+00064.000000
      Vertex   +00064.000000,-00109.000000,+00063.000000
   End Polygon
   Begin Polygon Texture=DrtyBlueDumpt_A Flags=1073741856 Link=20
      Origin   +00054.000000,-00110.000000,+00056.000000
      Normal   -00001.000000,-00000.000000,-00000.000000
      TextureU +00000.000000,+00001.000000,+00000.000000
      TextureV +00000.000000,+00000.000000,-00001.000000
      Vertex   +00054.000000,-00108.666672,+00056.000000
      Vertex   +00054.000000,-00110.000000,+00056.000000
      Vertex   +00054.000004,-00110.000000,+00060.000000
   End Polygon
   Begin Polygon Texture=DrtyBlueDumpt_A Flags=1073741856 Link=4
      Origin   +00096.000000,-00103.000000,+00063.000000
      Normal   +00000.000000,+00000.948683,+00000.316230
      TextureU -00001.000000,-00000.000000,-00000.000000
      TextureV +00000.000000,-00000.316228,+00000.948683
      Vertex   +00054.000000,-00102.000000,+00060.000000
      Vertex   +00050.000004,-00102.000000,+00060.000000
      Vertex   +00050.000004,-00103.000000,+00063.000000
      Vertex   +00054.000000,-00103.000000,+00063.000000
   End Polygon
   Begin Polygon Texture=DrtyBlueDumpt_A Flags=1073741856 Link=5
      Origin   +00096.000000,-00106.000000,+00096.000000
      Normal   -00000.000000,+00000.316227,+00000.948683
      TextureU -00001.000000,-00000.000000,-00000.000000
      TextureV +00000.000000,-00000.948683,+00000.316228
      Vertex   +00050.000004,-00103.000000,+00095.000000
      Vertex   +00050.000004,-00106.000000,+00096.000000
      Vertex   +00054.000004,-00106.000000,+00096.000000
      Vertex   +00054.000000,-00103.000000,+00095.000000
   End Polygon
   Begin Polygon Texture=DrtyBlueDumpt_A Flags=1073741856 Link=6
      Origin   +00096.000000,-00103.000000,+00095.000000
      Normal   +00000.000000,+00000.948683,+00000.316230
      TextureU -00001.000000,-00000.000000,-00000.000000
      TextureV +00000.000000,-00000.316228,+00000.948683
      Vertex   +00054.000000,-00102.000000,+00092.000000
      Vertex   +00050.000004,-00102.000000,+00092.000000
      Vertex   +00050.000004,-00103.000000,+00095.000000
      Vertex   +00054.000000,-00103.000000,+00095.000000
   End Polygon
   Begin Polygon Texture=DrtyBlueDumpt_A Flags=1073741856 Link=7
      Origin   +00096.000000,-00102.000000,+00092.000000
      Normal   -00000.000000,+00000.948683,-00000.316228
      TextureU -00001.000000,-00000.000000,-00000.000000
      TextureV -00000.000000,+00000.316227,+00000.948683
      Vertex   +00050.000004,-00103.000000,+00089.000000
      Vertex   +00050.000004,-00102.000000,+00092.000000
      Vertex   +00054.000000,-00102.000000,+00092.000000
      Vertex   +00054.000000,-00103.000000,+00089.000000
   End Polygon
   Begin Polygon Texture=DrtyBlueDumpt_A Flags=1073741856 Link=8
      Origin   +00096.000000,-00106.000000,+00088.000000
      Normal   -00000.000000,-00000.316228,-00000.948683
      TextureU -00001.000000,-00000.000000,-00000.000000
      TextureV -00000.000000,+00000.948683,-00000.316228
      Vertex   +00054.000004,-00106.000000,+00088.000000
      Vertex   +00054.000004,-00109.000000,+00089.000000
      Vertex   +00050.000004,-00109.000000,+00089.000000
      Vertex   +00050.000004,-00106.000000,+00088.000000
   End Polygon
   Begin Polygon Texture=DrtyBlueDumpt_A Flags=1073741856 Link=9
      Origin   +00096.000000,-00110.000000,+00092.000000
      Normal   +00000.000000,-00000.948683,+00000.316228
      TextureU -00001.000000,-00000.000000,-00000.000000
      TextureV -00000.000000,-00000.316228,-00000.948683
      Vertex   +00054.000004,-00110.000000,+00092.000000
      Vertex   +00054.000004,-00109.000000,+00095.000000
      Vertex   +00050.000004,-00109.000000,+00095.000000
      Vertex   +00050.000004,-00110.000000,+00092.000000
   End Polygon
   Begin Polygon Texture=DrtyBlueDumpt_A Flags=1073741856 Link=10
      Origin   +00096.000000,-00103.000000,+00089.000000
      Normal   +00000.000000,+00000.316228,-00000.948683
      TextureU -00001.000000,-00000.000000,-00000.000000
      TextureV +00000.000000,+00000.948683,+00000.316230
      Vertex   +00050.000004,-00106.000000,+00088.000000
      Vertex   +00050.000004,-00103.000000,+00089.000000
      Vertex   +00054.000000,-00103.000000,+00089.000000
      Vertex   +00054.000004,-00106.000000,+00088.000000
   End Polygon
   Begin Polygon Texture=DrtyBlueDumpt_A Flags=1073741856 Link=11
      Origin   +00096.000000,-00109.000000,+00095.000000
      Normal   +00000.000000,-00000.316228,+00000.948683
      TextureU -00001.000000,-00000.000000,-00000.000000
      TextureV +00000.000000,-00000.948683,-00000.316228
      Vertex   +00054.000004,-00109.000000,+00095.000000
      Vertex   +00054.000004,-00106.000000,+00096.000000
      Vertex   +00050.000004,-00106.000000,+00096.000000
      Vertex   +00050.000004,-00109.000000,+00095.000000
   End Polygon
   Begin Polygon Texture=DrtyBlueDumpt_A Flags=1073741856 Link=12
      Origin   +00096.000000,-00109.000000,+00089.000000
      Normal   +00000.000000,-00000.948683,-00000.316228
      TextureU -00001.000000,-00000.000000,-00000.000000
      TextureV +00000.000000,+00000.316228,-00000.948683
      Vertex   +00054.000004,-00109.000000,+00089.000000
      Vertex   +00054.000004,-00110.000000,+00092.000000
      Vertex   +00050.000004,-00110.000000,+00092.000000
      Vertex   +00050.000004,-00109.000000,+00089.000000
   End Polygon
   Begin Polygon Texture=DrtyBlueDumpt_A Flags=1073741856 Link=13
      Origin   +00096.000000,-00102.000000,+00060.000000
      Normal   -00000.000000,+00000.948683,-00000.316228
      TextureU -00001.000000,-00000.000000,-00000.000000
      TextureV -00000.000000,+00000.316227,+00000.948683
      Vertex   +00050.000004,-00103.000000,+00057.000000
      Vertex   +00050.000004,-00102.000000,+00060.000000
      Vertex   +00054.000000,-00102.000000,+00060.000000
      Vertex   +00054.000000,-00103.000000,+00057.000000
   End Polygon
   Begin Polygon Texture=DrtyBlueDumpt_A Flags=1073741856 Link=14
      Origin   +00096.000000,-00103.000000,+00057.000000
      Normal   +00000.000000,+00000.316228,-00000.948683
      TextureU -00001.000000,-00000.000000,-00000.000000
      TextureV +00000.000000,+00000.948683,+00000.316230
      Vertex   +00050.000004,-00106.000000,+00056.000000
      Vertex   +00050.000004,-00103.000000,+00057.000000
      Vertex   +00054.000000,-00103.000000,+00057.000000
      Vertex   +00054.000004,-00106.000000,+00056.000000
   End Polygon
   Begin Polygon Texture=DrtyBlueDumpt_A Flags=1073741856 Link=15
      Origin   +00096.000000,-00110.000000,+00060.000000
      Normal   +00000.000000,-00000.948683,+00000.316228
      TextureU -00001.000000,-00000.000000,-00000.000000
      TextureV -00000.000000,-00000.316228,-00000.948683
      Vertex   +00050.000004,-00110.000000,+00060.000000
      Vertex   +00054.000004,-00110.000000,+00060.000000
      Vertex   +00054.000004,-00109.000000,+00063.000000
      Vertex   +00050.000004,-00109.000000,+00063.000000
   End Polygon
   Begin Polygon Texture=DrtyBlueDumpt_A Flags=1073741856 Link=16
      Origin   +00096.000000,-00109.000000,+00057.000000
      Normal   +00000.000000,-00000.948683,-00000.316228
      TextureU -00001.000000,-00000.000000,-00000.000000
      TextureV +00000.000000,+00000.316228,-00000.948683
      Vertex   +00054.000004,-00109.000000,+00057.000000
      Vertex   +00054.000004,-00110.000000,+00060.000000
      Vertex   +00050.000004,-00110.000000,+00060.000000
      Vertex   +00050.000004,-00109.000000,+00057.000000
   End Polygon
   Begin Polygon Texture=DrtyBlueDumpt_A Flags=1073741856 Link=17
      Origin   +00096.000000,-00106.000000,+00056.000000
      Normal   -00000.000000,-00000.316228,-00000.948683
      TextureU -00001.000000,-00000.000000,-00000.000000
      TextureV -00000.000000,+00000.948683,-00000.316228
      Vertex   +00054.000004,-00106.000000,+00056.000000
      Vertex   +00054.000004,-00109.000000,+00057.000000
      Vertex   +00050.000004,-00109.000000,+00057.000000
      Vertex   +00050.000004,-00106.000000,+00056.000000
   End Polygon
   Begin Polygon Texture=DrtyBlueDumpt_A Flags=1073741856 Link=18
      Origin   +00096.000000,-00106.000000,+00064.000000
      Normal   -00000.000000,+00000.316227,+00000.948683
      TextureU -00001.000000,-00000.000000,-00000.000000
      TextureV +00000.000000,-00000.948683,+00000.316228
      Vertex   +00050.000004,-00103.000000,+00063.000000
      Vertex   +00050.000004,-00106.000000,+00064.000000
      Vertex   +00054.000004,-00106.000000,+00064.000000
      Vertex   +00054.000000,-00103.000000,+00063.000000
   End Polygon
   Begin Polygon Texture=DrtyBlueDumpt_A Flags=1073741856 Link=19
      Origin   +00096.000000,-00109.000000,+00063.000000
      Normal   +00000.000000,-00000.316228,+00000.948683
      TextureU -00001.000000,-00000.000000,-00000.000000
      TextureV +00000.000000,-00000.948683,-00000.316228
      Vertex   +00054.000004,-00109.000000,+00063.000000
      Vertex   +00054.000004,-00106.000000,+00064.000000
      Vertex   +00050.000004,-00106.000000,+00064.000000
      Vertex   +00050.000004,-00109.000000,+00063.000000
   End Polygon
   Begin Polygon Texture=DrtyBlueDumpt_A Flags=1073741856 Link=37
      Origin   +00064.000000,-00110.000000,+00096.000000
      Normal   +00000.707107,+00000.000000,+00000.707107
      TextureU -00000.707107,+00000.000000,+00000.707107
      TextureV -00000.000000,-00001.000000,-00000.000000
      Vertex   +00064.000000,-00102.000000,+00096.000000
      Vertex   +00060.000000,-00098.000000,+00100.000000
      Vertex   +00060.000000,-00114.000000,+00100.000000
      Vertex   +00064.000000,-00110.000000,+00096.000000
   End Polygon
   Begin Polygon Texture=DrtyBlueDumpt_A Flags=1073741856 Link=38
      Origin   +00054.000000,-00102.000000,+00056.000000
      Normal   -00000.707106,+00000.707108,+00000.000000
      TextureU +00000.707107,+00000.707106,+00000.000000
      TextureV +00000.000000,+00000.000000,-00001.000000
      Vertex   +00054.000000,-00102.000000,+00096.000000
      Vertex   +00058.000000,-00098.000000,+00100.000000
      Vertex   +00058.000000,-00098.000000,+00052.000000
      Vertex   +00054.000000,-00102.000000,+00056.000000
   End Polygon
   Begin Polygon Texture=DrtyBlueDumpt_A Flags=1073741856 Link=39
      Origin   +00086.000000,-00098.000000,+00052.000000
      Normal   +00000.000000,+00001.000000,+00000.000000
      TextureU +00001.000000,+00000.000000,+00000.000000
      TextureV +00000.000000,+00000.000000,-00001.000000
      Vertex   +00058.000000,-00098.000000,+00100.000000
      Vertex   +00060.000000,-00098.000000,+00100.000000
      Vertex   +00060.000000,-00098.000000,+00052.000000
      Vertex   +00058.000000,-00098.000000,+00052.000000
   End Polygon
   Begin Polygon Texture=DrtyBlueDumpt_A Flags=1073741856 Link=40
      Origin   +00060.000000,-00098.000000,+00052.000000
      Normal   +00000.707107,+00000.707106,+00000.000000
      TextureU +00000.707106,-00000.707107,+00000.000000
      TextureV +00000.000000,+00000.000000,-00001.000000
      Vertex   +00060.000000,-00098.000000,+00100.000000
      Vertex   +00064.000000,-00102.000000,+00096.000000
      Vertex   +00064.000000,-00102.000000,+00056.000000
      Vertex   +00060.000000,-00098.000000,+00052.000000
   End Polygon
   Begin Polygon Texture=DrtyBlueDumpt_A Flags=1073741856 Link=41
      Origin   +00086.000000,-00098.000000,+00100.000000
      Normal   +00000.000000,+00000.000000,+00001.000000
      TextureU +00001.000000,+00000.000000,+00000.000000
      TextureV +00000.000000,+00001.000000,+00000.000000
      Vertex   +00060.000000,-00098.000000,+00100.000000
      Vertex   +00058.000000,-00098.000000,+00100.000000
      Vertex   +00058.000000,-00114.000000,+00100.000000
      Vertex   +00060.000000,-00114.000000,+00100.000000
   End Polygon
   Begin Polygon Texture=DrtyBlueDumpt_A Flags=1073741856 Link=42
      Origin   +00058.000000,-00114.000000,+00052.000000
      Normal   -00000.707106,-00000.707108,-00000.000000
      TextureU -00000.707106,+00000.707108,+00000.000000
      TextureV +00000.000000,+00000.000000,-00001.000000
      Vertex   +00058.000000,-00114.000000,+00100.000000
      Vertex   +00054.000000,-00110.000000,+00096.000000
      Vertex   +00054.000000,-00110.000000,+00056.000000
      Vertex   +00058.000000,-00114.000000,+00052.000000
   End Polygon
   Begin Polygon Texture=DrtyBlueDumpt_A Flags=1073741856 Link=43
      Origin   +00054.000000,-00102.000000,+00096.000000
      Normal   -00000.707107,+00000.000000,+00000.707107
      TextureU +00000.707107,+00000.000000,+00000.707107
      TextureV +00000.000000,+00001.000000,+00000.000000
      Vertex   +00058.000000,-00098.000000,+00100.000000
      Vertex   +00054.000000,-00102.000000,+00096.000000
      Vertex   +00054.000000,-00110.000000,+00096.000000
      Vertex   +00058.000000,-00114.000000,+00100.000000
   End Polygon
   Begin Polygon Texture=DrtyBlueDumpt_A Flags=1073741856 Link=44
      Origin   +00064.000000,-00110.000000,+00056.000000
      Normal   +00000.707106,-00000.707107,+00000.000000
      TextureU -00000.707106,-00000.707108,-00000.000000
      TextureV +00000.000000,+00000.000000,-00001.000000
      Vertex   +00064.000000,-00110.000000,+00096.000000
      Vertex   +00060.000000,-00114.000000,+00100.000000
      Vertex   +00060.000000,-00114.000000,+00052.000000
      Vertex   +00064.000000,-00110.000000,+00056.000000
   End Polygon
   Begin Polygon Texture=DrtyBlueDumpt_A Flags=1073741856 Link=45
      Origin   +00012.000000,-00108.000000,+00066.000000
      Normal   +00000.000000,+00000.000000,+00001.000000
      TextureU +00001.000000,+00000.000000,+00000.000000
      TextureV -00000.000000,-00001.000000,-00000.000000
      Vertex   +00064.000000,-00104.000000,+00066.000000
      Vertex   +00054.000000,-00104.000000,+00066.000000
      Vertex   +00054.000000,-00108.000000,+00066.000000
      Vertex   +00064.000000,-00108.000000,+00066.000000
   End Polygon
   Begin Polygon Texture=DrtyBlueDumpt_A Flags=1073741856 Link=46
      Origin   +00092.000000,-00108.000000,+00066.000000
      Normal   +00000.000000,+00001.000000,+00000.000000
      TextureU -00001.000000,-00000.000000,-00000.000000
      TextureV +00000.000000,+00000.000000,-00001.000000
      Vertex   +00054.000000,-00108.000000,+00066.000000
      Vertex   +00054.000000,-00108.000000,+00086.000000
      Vertex   +00064.000000,-00108.000000,+00086.000000
      Vertex   +00064.000000,-00108.000000,+00066.000000
   End Polygon
   Begin Polygon Texture=DrtyBlueDumpt_A Flags=1073741856 Link=47
      Origin   +00012.000000,-00104.000000,+00066.000000
      Normal   -00000.000000,-00001.000000,-00000.000000
      TextureU +00001.000000,+00000.000000,+00000.000000
      TextureV +00000.000000,+00000.000000,-00001.000000
      Vertex   +00054.000000,-00104.000000,+00066.000000
      Vertex   +00064.000000,-00104.000000,+00066.000000
      Vertex   +00064.000000,-00104.000000,+00086.000000
      Vertex   +00054.000000,-00104.000000,+00086.000000
   End Polygon
   Begin Polygon Texture=DrtyBlueDumpt_A Flags=1073741856 Link=48
      Origin   +00012.000000,-00104.000000,+00086.000000
      Normal   +00000.000000,+00000.000000,-00001.000000
      TextureU +00001.000000,+00000.000000,+00000.000000
      TextureV +00000.000000,+00001.000000,+00000.000000
      Vertex   +00064.000000,-00108.000000,+00086.000000
      Vertex   +00054.000000,-00108.000000,+00086.000000
      Vertex   +00054.000000,-00104.000000,+00086.000000
      Vertex   +00064.000000,-00104.000000,+00086.000000
   End Polygon
   Begin Polygon Texture=DrtyBlueDumpt_A Flags=1073741856 Link=49
      Origin   +00088.000000,-00114.000000,+00052.000000
      Normal   -00000.000000,-00001.000000,-00000.000000
      TextureU -00001.000000,-00000.000000,-00000.000000
      TextureV +00000.000000,+00000.000000,-00001.000000
      Vertex   +00060.000000,-00114.000000,+00100.000000
      Vertex   +00058.000000,-00114.000000,+00100.000000
      Vertex   +00058.000000,-00114.000000,+00052.000000
      Vertex   +00060.000000,-00114.000000,+00052.000000
   End Polygon
   Begin Polygon Texture=DrtyBlueDumpt_A Flags=1073741856 Link=50
      Origin   +00086.000000,-00114.000000,+00052.000000
      Normal   +00000.000000,+00000.000000,-00001.000000
      TextureU +00001.000000,+00000.000000,+00000.000000
      TextureV -00000.000000,-00001.000000,-00000.000000
      Vertex   +00058.000000,-00114.000000,+00052.000000
      Vertex   +00058.000000,-00098.000000,+00052.000000
      Vertex   +00060.000000,-00098.000000,+00052.000000
      Vertex   +00060.000000,-00114.000000,+00052.000000
   End Polygon
   Begin Polygon Texture=DrtyBlueDumpt_A Flags=1073741856 Link=51
      Origin   +00064.000000,-00102.000000,+00056.000000
      Normal   +00000.707107,+00000.000000,-00000.707107
      TextureU -00000.707107,+00000.000000,-00000.707107
      TextureV +00000.000000,+00001.000000,+00000.000000
      Vertex   +00064.000000,-00102.000000,+00056.000000
      Vertex   +00064.000000,-00110.000000,+00056.000000
      Vertex   +00060.000000,-00114.000000,+00052.000000
      Vertex   +00060.000000,-00098.000000,+00052.000000
   End Polygon
   Begin Polygon Texture=DrtyBlueDumpt_A Flags=1073741856 Link=52
      Origin   +00054.000000,-00110.000000,+00056.000000
      Normal   -00000.707107,+00000.000000,-00000.707107
      TextureU +00000.707107,+00000.000000,-00000.707107
      TextureV -00000.000000,-00001.000000,-00000.000000
      Vertex   +00054.000000,-00110.000000,+00056.000000
      Vertex   +00054.000000,-00102.000000,+00056.000000
      Vertex   +00058.000000,-00098.000000,+00052.000000
      Vertex   +00058.000000,-00114.000000,+00052.000000
   End Polygon
   Begin Polygon Texture=DrtyBlueDumpt_A Flags=1073741856 Link=20
      Origin   +00054.000000,-00110.000000,+00056.000000
      Normal   -00001.000000,-00000.000000,-00000.000000
      TextureU +00000.000000,+00001.000000,+00000.000000
      TextureV +00000.000000,+00000.000000,-00001.000000
      Vertex   +00054.000004,-00110.000000,+00060.000000
      Vertex   +00054.000000,-00110.000000,+00062.666664
      Vertex   +00054.000004,-00109.000000,+00063.000000
   End Polygon
   Begin Polygon Texture=DrtyBlueDumpt_A Flags=1073741856 Link=20
      Origin   +00054.000000,-00110.000000,+00056.000000
      Normal   -00001.000000,-00000.000000,-00000.000000
      TextureU +00000.000000,+00001.000000,+00000.000000
      TextureV +00000.000000,+00000.000000,-00001.000000
      Vertex   +00054.000004,-00106.000000,+00056.000000
      Vertex   +00054.000000,-00108.666672,+00056.000000
      Vertex   +00054.000004,-00109.000000,+00057.000000
   End Polygon
   Begin Polygon Texture=DrtyBlueDumpt_A Flags=1073741856 Link=20
      Origin   +00054.000000,-00110.000000,+00056.000000
      Normal   -00001.000000,-00000.000000,-00000.000000
      TextureU +00000.000000,+00001.000000,+00000.000000
      TextureV +00000.000000,+00000.000000,-00001.000000
      Vertex   +00054.000000,-00102.000000,+00057.333336
      Vertex   +00054.000000,-00102.000000,+00056.000000
      Vertex   +00054.000004,-00106.000000,+00056.000000
   End Polygon
   Begin Polygon Texture=DrtyBlueDumpt_A Flags=1073741856 Link=20
      Origin   +00054.000000,-00110.000000,+00056.000000
      Normal   -00001.000000,-00000.000000,-00000.000000
      TextureU +00000.000000,+00001.000000,+00000.000000
      TextureV +00000.000000,+00000.000000,-00001.000000
      Vertex   +00054.000000,-00103.000000,+00057.000000
      Vertex   +00054.000000,-00102.000000,+00060.000000
      Vertex   +00054.000000,-00102.000000,+00057.333336
   End Polygon
   Begin Polygon Texture=DrtyBlueDumpt_A Flags=1073741856 Link=20
      Origin   +00054.000000,-00110.000000,+00056.000000
      Normal   -00001.000000,-00000.000000,-00000.000000
      TextureU +00000.000000,+00001.000000,+00000.000000
      TextureV +00000.000000,+00000.000000,-00001.000000
      Vertex   +00054.000000,-00102.000000,+00060.000000
      Vertex   +00054.000000,-00103.333328,+00064.000000
      Vertex   +00054.000000,-00102.000000,+00064.000000
   End Polygon
   Begin Polygon Texture=DrtyBlueDumpt_A Flags=1073741856 Link=20
      Origin   +00054.000000,-00110.000000,+00056.000000
      Normal   -00001.000000,-00000.000000,-00000.000000
      TextureU +00000.000000,+00001.000000,+00000.000000
      TextureV +00000.000000,+00000.000000,-00001.000000
      Vertex   +00054.000004,-00110.000000,+00092.000000
      Vertex   +00054.000000,-00108.000000,+00086.000000
      Vertex   +00054.000000,-00108.000000,+00063.333336
      Vertex   +00054.000000,-00110.000000,+00062.666664
   End Polygon
   Begin Polygon Texture=DrtyBlueDumpt_A Flags=1073741856 Link=20
      Origin   +00054.000000,-00110.000000,+00056.000000
      Normal   -00001.000000,-00000.000000,-00000.000000
      TextureU +00000.000000,+00001.000000,+00000.000000
      TextureV +00000.000000,+00000.000000,-00001.000000
      Vertex   +00054.000000,-00102.000000,+00065.333336
      Vertex   +00054.000000,-00104.000000,+00064.666672
      Vertex   +00054.000000,-00104.000000,+00087.333328
      Vertex   +00054.000000,-00102.000000,+00086.666664
   End Polygon
   Begin Polygon Texture=DrtyBlueDumpt_A Flags=1073741856 Link=20
      Origin   +00054.000000,-00110.000000,+00056.000000
      Normal   -00001.000000,-00000.000000,-00000.000000
      TextureU +00000.000000,+00001.000000,+00000.000000
      TextureV +00000.000000,+00000.000000,-00001.000000
      Vertex   +00054.000000,-00102.000000,+00065.333336
      Vertex   +00054.000000,-00102.000000,+00064.000000
      Vertex   +00054.000004,-00106.000000,+00064.000000
   End Polygon
   Begin Polygon Texture=DrtyBlueDumpt_A Flags=1073741856 Link=20
      Origin   +00054.000000,-00110.000000,+00056.000000
      Normal   -00001.000000,-00000.000000,-00000.000000
      TextureU +00000.000000,+00001.000000,+00000.000000
      TextureV +00000.000000,+00000.000000,-00001.000000
      Vertex   +00054.000000,-00108.000000,+00066.000000
      Vertex   +00054.000000,-00104.000000,+00066.000000
      Vertex   +00054.000000,-00104.000000,+00064.666672
      Vertex   +00054.000000,-00108.000000,+00063.333336
   End Polygon
   Begin Polygon Texture=DrtyBlueDumpt_A Flags=1073741856 Link=20
      Origin   +00054.000000,-00110.000000,+00056.000000
      Normal   -00001.000000,-00000.000000,-00000.000000
      TextureU +00000.000000,+00001.000000,+00000.000000
      TextureV +00000.000000,+00000.000000,-00001.000000
      Vertex   +00054.000000,-00110.000000,+00094.666664
      Vertex   +00054.000000,-00110.000000,+00096.000000
      Vertex   +00054.000004,-00106.000000,+00096.000000
   End Polygon
   Begin Polygon Texture=DrtyBlueDumpt_A Flags=1073741856 Link=20
      Origin   +00054.000000,-00110.000000,+00056.000000
      Normal   -00001.000000,-00000.000000,-00000.000000
      TextureU +00000.000000,+00001.000000,+00000.000000
      TextureV +00000.000000,+00000.000000,-00001.000000
      Vertex   +00054.000004,-00106.000000,+00088.000000
      Vertex   +00054.000000,-00102.000000,+00089.333336
      Vertex   +00054.000000,-00102.000000,+00086.666664
   End Polygon
   Begin Polygon Texture=DrtyBlueDumpt_A Flags=1073741856 Link=20
      Origin   +00054.000000,-00110.000000,+00056.000000
      Normal   -00001.000000,-00000.000000,-00000.000000
      TextureU +00000.000000,+00001.000000,+00000.000000
      TextureV +00000.000000,+00000.000000,-00001.000000
      Vertex   +00054.000000,-00104.000000,+00087.333328
      Vertex   +00054.000000,-00104.000000,+00086.000000
      Vertex   +00054.000000,-00108.000000,+00086.000000
      Vertex   +00054.000004,-00109.000000,+00089.000000
   End Polygon
   Begin Polygon Texture=DrtyBlueDumpt_A Flags=1073741856 Link=20
      Origin   +00054.000000,-00110.000000,+00056.000000
      Normal   -00001.000000,-00000.000000,-00000.000000
      TextureU +00000.000000,+00001.000000,+00000.000000
      TextureV +00000.000000,+00000.000000,-00001.000000
      Vertex   +00054.000004,-00110.000000,+00092.000000
      Vertex   +00054.000000,-00110.000000,+00094.666664
      Vertex   +00054.000004,-00109.000000,+00095.000000
   End Polygon
   Begin Polygon Texture=DrtyBlueDumpt_A Flags=1073741856 Link=20
      Origin   +00054.000000,-00110.000000,+00056.000000
      Normal   -00001.000000,-00000.000000,-00000.000000
      TextureU +00000.000000,+00001.000000,+00000.000000
      TextureV +00000.000000,+00000.000000,-00001.000000
      Vertex   +00054.000000,-00103.000000,+00089.000000
      Vertex   +00054.000000,-00102.000000,+00092.000000
      Vertex   +00054.000000,-00102.000000,+00089.333336
   End Polygon
   Begin Polygon Texture=DrtyBlueDumpt_A Flags=1073741856 Link=20
      Origin   +00054.000000,-00110.000000,+00056.000000
      Normal   -00001.000000,-00000.000000,-00000.000000
      TextureU +00000.000000,+00001.000000,+00000.000000
      TextureV +00000.000000,+00000.000000,-00001.000000
      Vertex   +00054.000000,-00103.333328,+00096.000000
      Vertex   +00054.000000,-00102.000000,+00096.000000
      Vertex   +00054.000000,-00102.000000,+00092.000000
   End Polygon
   Begin Polygon Texture=DrtyBlueDumpt_A Flags=1073741856 Link=20
      Origin   +00054.000000,-00110.000000,+00056.000000
      Normal   -00001.000000,-00000.000000,-00000.000000
      TextureU +00000.000000,+00001.000000,+00000.000000
      TextureV +00000.000000,+00000.000000,-00001.000000
      Vertex   +00054.000000,-00103.000000,+00095.000000
      Vertex   +00054.000004,-00106.000000,+00096.000000
      Vertex   +00054.000000,-00103.333328,+00096.000000
   End Polygon
   Begin Polygon Texture=DrtyBlueDumpt_A Flags=1073741856 Link=20
      Origin   +00054.000000,-00110.000000,+00056.000000
      Normal   -00001.000000,-00000.000000,-00000.000000
      TextureU +00000.000000,+00001.000000,+00000.000000
      TextureV +00000.000000,+00000.000000,-00001.000000
      Vertex   +00054.000000,-00103.333328,+00064.000000
      Vertex   +00054.000000,-00103.000000,+00063.000000
      Vertex   +00054.000004,-00106.000000,+00064.000000
   End Polygon
   Begin Polygon Texture=DrtyBlueDumpt_A Flags=1073741856 Link=3
      Origin   +00064.000000,-00102.000000,+00056.000000
      Normal   +00001.000000,+00000.000000,+00000.000000
      TextureU -00000.000000,-00001.000000,-00000.000000
      TextureV +00000.000000,+00000.000000,-00001.000000
      Vertex   +00064.000000,-00108.666672,+00056.000000
      Vertex   +00064.000000,-00110.000000,+00060.000000
      Vertex   +00064.000000,-00110.000000,+00056.000000
   End Polygon
   Begin Polygon Texture=DrtyBlueDumpt_A Flags=1073741856 Link=3
      Origin   +00064.000000,-00102.000000,+00056.000000
      Normal   +00001.000000,+00000.000000,+00000.000000
      TextureU -00000.000000,-00001.000000,-00000.000000
      TextureV +00000.000000,+00000.000000,-00001.000000
      Vertex   +00064.000000,-00109.000000,+00057.000000
      Vertex   +00064.000000,-00108.666672,+00056.000000
      Vertex   +00064.000000,-00106.000000,+00056.000000
   End Polygon
   Begin Polygon Texture=DrtyBlueDumpt_A Flags=1073741856 Link=3
      Origin   +00064.000000,-00102.000000,+00056.000000
      Normal   +00001.000000,+00000.000000,+00000.000000
      TextureU -00000.000000,-00001.000000,-00000.000000
      TextureV +00000.000000,+00000.000000,-00001.000000
      Vertex   +00064.000000,-00102.000000,+00056.000000
      Vertex   +00064.000000,-00102.000000,+00057.333336
      Vertex   +00064.000000,-00106.000000,+00056.000000
   End Polygon
   Begin Polygon Texture=DrtyBlueDumpt_A Flags=1073741856 Link=3
      Origin   +00064.000000,-00102.000000,+00056.000000
      Normal   +00001.000000,+00000.000000,+00000.000000
      TextureU -00000.000000,-00001.000000,-00000.000000
      TextureV +00000.000000,+00000.000000,-00001.000000
      Vertex   +00064.000000,-00103.000000,+00057.000000
      Vertex   +00064.000000,-00102.000000,+00057.333336
      Vertex   +00064.000000,-00102.000000,+00060.000000
   End Polygon
   Begin Polygon Texture=DrtyBlueDumpt_A Flags=1073741856 Link=3
      Origin   +00064.000000,-00102.000000,+00056.000000
      Normal   +00001.000000,+00000.000000,+00000.000000
      TextureU -00000.000000,-00001.000000,-00000.000000
      TextureV +00000.000000,+00000.000000,-00001.000000
      Vertex   +00064.000000,-00102.000000,+00060.000000
      Vertex   +00064.000000,-00102.000000,+00064.000000
      Vertex   +00064.000000,-00103.333336,+00064.000000
   End Polygon
   Begin Polygon Texture=DrtyBlueDumpt_A Flags=1073741856 Link=3
      Origin   +00064.000000,-00102.000000,+00056.000000
      Normal   +00001.000000,+00000.000000,+00000.000000
      TextureU -00000.000000,-00001.000000,-00000.000000
      TextureV +00000.000000,+00000.000000,-00001.000000
      Vertex   +00064.000000,-00104.000000,+00064.666672
      Vertex   +00064.000000,-00102.000000,+00065.333336
      Vertex   +00064.000000,-00102.000000,+00086.666664
      Vertex   +00064.000000,-00104.000000,+00087.333328
   End Polygon
   Begin Polygon Texture=DrtyBlueDumpt_A Flags=1073741856 Link=3
      Origin   +00064.000000,-00102.000000,+00056.000000
      Normal   +00001.000000,+00000.000000,+00000.000000
      TextureU -00000.000000,-00001.000000,-00000.000000
      TextureV +00000.000000,+00000.000000,-00001.000000
      Vertex   +00064.000000,-00102.000000,+00064.000000
      Vertex   +00064.000000,-00102.000000,+00065.333336
      Vertex   +00064.000000,-00106.000000,+00064.000000
   End Polygon
