Begin PolyList
   Begin Polygon Item=OUTSIDE Flags=-1073741824 Link=0
      Origin   -00064.000000,+00045.000000,-00064.000000
      Normal   +00000.000000,+00000.000000,-00001.000000
      TextureU +00000.000000,-00001.000000,+00000.000000
      TextureV -00001.000000,+00000.000000,+00000.000000
      Vertex   +00063.000000,+00037.000000,-00064.000000
      Vertex   +00059.000000,+00037.000000,-00064.000000
      Vertex   +00059.000000,+00041.000000,-00064.000000
      Vertex   +00063.000000,+00041.000000,-00064.000000
   End Polygon
   Begin Polygon Item=OUTSIDE Flags=-1073741824 Link=0
      Origin   -00064.000000,+00045.000000,-00064.000000
      Normal   +00000.000000,+00000.000000,-00001.000000
      TextureU +00000.000000,-00001.000000,+00000.000000
      TextureV -00001.000000,+00000.000000,+00000.000000
      Vertex   +00063.000000,-00039.000000,-00064.000000
      Vertex   +00059.000000,-00039.000000,-00064.000000
      Vertex   +00059.000000,-00035.000000,-00064.000000
      Vertex   +00063.000000,-00035.000000,-00064.000000
   End Polygon
   Begin Polygon Item=OUTSIDE Flags=-1073741824 Link=0
      Origin   -00064.000000,+00045.000000,-00064.000000
      Normal   +00000.000000,+00000.000000,-00001.000000
      TextureU +00000.000000,-00001.000000,+00000.000000
      TextureV -00001.000000,+00000.000000,+00000.000000
      Vertex   -00061.000000,-00039.000000,-00064.000000
      Vertex   -00061.000000,-00035.000000,-00064.000000
      Vertex   -00057.000000,-00035.000000,-00064.000000
      Vertex   -00057.000000,-00039.000000,-00064.000000
   End Polygon
   Begin Polygon Item=OUTSIDE Flags=-1073741824 Link=0
      Origin   -00064.000000,+00045.000000,-00064.000000
      Normal   +00000.000000,+00000.000000,-00001.000000
      TextureU +00000.000000,-00001.000000,+00000.000000
      TextureV -00001.000000,+00000.000000,+00000.000000
      Vertex   -00061.000000,+00037.000000,-00064.000000
      Vertex   -00061.000000,+00041.000000,-00064.000000
      Vertex   -00057.000000,+00041.000000,-00064.000000
      Vertex   -00057.000000,+00037.000000,-00064.000000
   End Polygon
   Begin Polygon Item=OUTSIDE Texture=DrtySilvMetal_A Flags=1073741824 Link=4
      Origin   +00059.000000,+00025.000000,+00039.000000
      Normal   +00000.000000,+00001.000000,+00000.000000
      TextureU +00001.000000,+00000.000000,+00000.000000
      TextureV +00000.000000,+00000.000000,-00001.000000
      Vertex   +00059.000000,+00025.000000,+00039.000000
      Vertex   +00059.000000,+00025.000000,+00043.000000
      Vertex   +00063.000000,+00025.000000,+00043.000000
      Vertex   +00063.000000,+00025.000000,+00039.000000
   End Polygon
   Begin Polygon Item=OUTSIDE Texture=DrtySilvMetal_A Flags=1073741824 Link=5
      Origin   +00063.000000,+00041.000000,-00037.000000
      Normal   +00001.000000,+00000.000000,+00000.000000
      TextureU +00000.000000,-00001.000000,+00000.000000
      TextureV +00000.000000,+00000.000000,-00001.000000
      Vertex   +00063.000000,+00041.000000,+00027.000000
      Vertex   +00063.000000,+00037.000000,+00027.000000
      Vertex   +00063.000000,+00037.000000,-00037.000000
      Vertex   +00063.000000,+00041.000000,-00037.000000
   End Polygon
   Begin Polygon Item=OUTSIDE Texture=DrtySilvMetal_A Flags=1073741824 Link=6
      Origin   -00057.000000,+00041.000000,-00037.000000
      Normal   +00001.000000,+00000.000000,+00000.000000
      TextureU +00000.000000,-00001.000000,+00000.000000
      TextureV +00000.000000,+00000.000000,-00001.000000
      Vertex   -00057.000000,+00041.000000,+00015.000000
      Vertex   -00057.000000,+00037.000000,+00015.000000
      Vertex   -00057.000000,+00037.000000,-00037.000000
      Vertex   -00057.000000,+00041.000000,-00037.000000
   End Polygon
   Begin Polygon Item=OUTSIDE Texture=DrtyComandBed_A Flags=1073741824 Link=7
      Origin   -00055.000000,-00036.000000,+00032.000000
      Normal   +00000.000000,+00000.000000,+00001.000000
      TextureU +00000.000000,+00002.000000,+00000.000000
      TextureV -00002.000000,+00000.000000,+00000.000000
      Vertex   +00057.000000,+00038.000000,+00032.000000
      Vertex   -00055.000000,+00038.000000,+00032.000000
      Vertex   -00055.000000,-00036.000000,+00032.000000
      Vertex   +00057.000000,-00036.000000,+00032.000000
   End Polygon
   Begin Polygon Item=2DLoftSIDE Texture=DrtySilvMetal_A Flags=1073741856 Link=8
      Origin   +00059.000000,+00035.392578,+00033.000000
      Normal   -00001.000000,+00000.000000,+00000.000000
      TextureU +00000.000000,+00000.500011,-00000.866019
      TextureV -00000.000000,-00000.866019,-00000.500011
      Vertex   +00059.000000,+00035.660645,+00032.000000
      Vertex   +00059.000000,+00035.392578,+00033.000000
      Vertex   +00059.000000,+00033.393066,+00040.463623
      Vertex   +00059.000000,+00038.856445,+00035.000000
      Vertex   +00059.000000,+00041.000000,+00027.000000
      Vertex   +00059.000000,+00037.000000,+00027.000000
   End Polygon
   Begin Polygon Item=2DLoftSIDE Texture=DrtySilvMetal_A Flags=1073741856 Link=9
      Origin   +00059.000000,+00025.000000,+00043.000000
      Normal   +00000.000000,+00000.258812,+00000.965928
      TextureU +00000.000000,+00000.965926,-00000.258817
      TextureV -00001.000000,+00000.000000,+00000.000000
      Vertex   +00059.000000,+00025.000000,+00043.000000
      Vertex   +00063.000000,+00025.000000,+00043.000000
      Vertex   +00063.000000,+00033.000000,+00040.856445
      Vertex   +00059.000000,+00033.000000,+00040.856445
   End Polygon
   Begin Polygon Item=2DLoftSIDE Texture=DrtySilvMetal_A Flags=1073741856 Link=10
      Origin   +00063.000000,+00031.000000,+00037.392334
      Normal   +00000.000000,-00000.707107,-00000.707107
      TextureU +00000.000000,+00000.707107,-00000.707107
      TextureV +00001.000000,+00000.000000,+00000.000000
      Vertex   +00063.000000,+00031.000000,+00037.392334
      Vertex   +00059.000000,+00031.000000,+00037.392334
      Vertex   +00059.000000,+00035.392578,+00033.000000
      Vertex   +00063.000000,+00035.392578,+00033.000000
   End Polygon
   Begin Polygon Item=2DLoftSIDE Texture=DrtySilvMetal_A Flags=1073741856 Link=11
      Origin   +00063.000000,+00035.392578,+00033.000000
      Normal   +00000.000000,-00000.965930,-00000.258805
      TextureU +00000.000000,+00000.258818,-00000.965926
      TextureV +00001.000000,+00000.000000,+00000.000000
      Vertex   +00063.000000,+00035.392578,+00033.000000
      Vertex   +00059.000000,+00035.392578,+00033.000000
      Vertex   +00059.000000,+00037.000000,+00027.000000
      Vertex   +00063.000000,+00037.000000,+00027.000000
   End Polygon
   Begin Polygon Item=2DLoftSIDE Texture=DrtySilvMetal_A Flags=1073741856 Link=12
      Origin   +00063.000000,+00025.000000,+00039.000000
      Normal   +00000.000000,-00000.258809,-00000.965929
      TextureU +00000.000000,+00000.965926,-00000.258817
      TextureV +00001.000000,+00000.000000,+00000.000000
      Vertex   +00063.000000,+00025.000000,+00039.000000
      Vertex   +00059.000000,+00025.000000,+00039.000000
      Vertex   +00059.000000,+00031.000000,+00037.392334
      Vertex   +00063.000000,+00031.000000,+00037.392334
   End Polygon
   Begin Polygon Item=2DLoftSIDE Texture=DrtySilvMetal_A Flags=1073741856 Link=13
      Origin   +00059.000000,+00033.000000,+00040.856445
      Normal   +00000.000000,+00000.707107,+00000.707107
      TextureU +00000.000000,+00000.707107,-00000.707107
      TextureV -00001.000000,+00000.000000,+00000.000000
      Vertex   +00059.000000,+00033.000000,+00040.856445
      Vertex   +00063.000000,+00033.000000,+00040.856445
      Vertex   +00063.000000,+00038.856445,+00035.000000
      Vertex   +00059.000000,+00038.856445,+00035.000000
   End Polygon
   Begin Polygon Item=2DLoftSIDE Texture=DrtySilvMetal_A Flags=1073741856 Link=14
      Origin   +00059.000000,+00038.856445,+00035.000000
      Normal   +00000.000000,+00000.965929,+00000.258809
      TextureU +00000.000000,+00000.258818,-00000.965926
      TextureV -00001.000000,+00000.000000,+00000.000000
      Vertex   +00059.000000,+00038.856445,+00035.000000
      Vertex   +00063.000000,+00038.856445,+00035.000000
      Vertex   +00063.000000,+00041.000000,+00027.000000
      Vertex   +00059.000000,+00041.000000,+00027.000000
   End Polygon
   Begin Polygon Item=2DLoftSIDE Texture=DrtySilvMetal_A Flags=1073741856 Link=8
      Origin   +00059.000000,+00035.392578,+00033.000000
      Normal   -00001.000000,+00000.000000,+00000.000000
      TextureU +00000.000000,+00000.500011,-00000.866019
      TextureV -00000.000000,-00000.866019,-00000.500011
      Vertex   +00059.000000,+00033.000000,+00040.856445
      Vertex   +00059.000000,+00033.393066,+00040.463623
      Vertex   +00059.000000,+00035.392578,+00033.000000
      Vertex   +00059.000000,+00025.536133,+00042.856445
   End Polygon
   Begin Polygon Item=2DLoftSIDE Texture=DrtySilvMetal_A Flags=1073741856 Link=8
      Origin   +00059.000000,+00035.392578,+00033.000000
      Normal   -00001.000000,+00000.000000,+00000.000000
      TextureU +00000.000000,+00000.500011,-00000.866019
      TextureV -00000.000000,-00000.866019,-00000.500011
      Vertex   +00059.000000,+00031.000000,+00037.392334
      Vertex   +00059.000000,+00025.000000,+00039.000000
      Vertex   +00059.000000,+00025.000000,+00043.000000
      Vertex   +00059.000000,+00025.536133,+00042.856445
   End Polygon
   Begin Polygon Item=OUTSIDE Texture=DrtySilvMetal_A Flags=1073741824 Link=17
      Origin   +00059.000000,+00037.000000,-00037.000000
      Normal   -00001.000000,+00000.000000,+00000.000000
      TextureU +00000.000000,+00001.000000,+00000.000000
      TextureV +00000.000000,+00000.000000,-00001.000000
      Vertex   +00059.000000,+00041.000000,+00027.000000
      Vertex   +00059.000000,+00041.000000,+00019.000000
      Vertex   +00059.000000,+00037.000000,+00019.000000
      Vertex   +00059.000000,+00037.000000,+00027.000000
   End Polygon
   Begin Polygon Item=OUTSIDE Texture=ClenPatnWpapr_B Flags=1073741824 Link=18
      Origin   -00055.000000,+00038.000000,+00019.000000
      Normal   +00000.000000,+00000.000000,-00001.000000
      TextureU +00000.000000,-00000.864869,+00000.000000
      TextureV -00001.107143,+00000.000000,+00000.000000
      Vertex   -00055.000000,+00037.000000,+00019.000000
      Vertex   +00057.000000,+00037.000000,+00019.000000
      Vertex   +00057.000000,-00035.000000,+00019.000000
      Vertex   -00055.000000,-00035.000000,+00019.000000
   End Polygon
   Begin Polygon Item=OUTSIDE Texture=DrtySilvMetal_A Flags=1073741824 Link=19
      Origin   +00059.000000,+00037.000000,+00015.000000
      Normal   +00000.000000,-00001.000000,+00000.000000
      TextureU -00001.000000,+00000.000000,+00000.000000
      TextureV +00000.000000,+00000.000000,-00001.000000
      Vertex   +00059.000000,+00037.000000,+00015.000000
      Vertex   +00059.000000,+00037.000000,+00019.000000
      Vertex   -00057.000000,+00037.000000,+00019.000000
      Vertex   -00057.000000,+00037.000000,+00015.000000
   End Polygon
   Begin Polygon Item=OUTSIDE Texture=DrtySilvMetal_A Flags=1073741824 Link=20
      Origin   -00057.000000,+00041.000000,+00015.000000
      Normal   +00000.000000,+00001.000000,+00000.000000
      TextureU +00001.000000,+00000.000000,+00000.000000
      TextureV +00000.000000,+00000.000000,-00001.000000
      Vertex   -00057.000000,+00041.000000,+00015.000000
      Vertex   -00057.000000,+00041.000000,+00019.000000
      Vertex   +00059.000000,+00041.000000,+00019.000000
      Vertex   +00059.000000,+00041.000000,+00015.000000
   End Polygon
   Begin Polygon Item=OUTSIDE Texture=DrtySilvMetal_A Flags=1073741824 Link=21
      Origin   -00057.000000,+00041.000000,+00015.000000
      Normal   +00000.000000,+00000.000000,-00001.000000
      TextureU +00000.000000,-00001.000000,+00000.000000
      TextureV -00001.000000,+00000.000000,+00000.000000
      Vertex   -00057.000000,+00041.000000,+00015.000000
      Vertex   +00059.000000,+00041.000000,+00015.000000
      Vertex   +00059.000000,+00037.000000,+00015.000000
      Vertex   -00057.000000,+00037.000000,+00015.000000
   End Polygon
   Begin Polygon Item=OUTSIDE Texture=DrtyComandBed_A Flags=1073741824 Link=22
      Origin   -00055.000000,+00038.000000,+00019.000000
      Normal   +00000.000000,+00001.000000,+00000.000000
      Pan      U=16 V=-4
      TextureU +00002.000000,+00000.000000,+00000.000000
      TextureV +00000.000000,+00000.000000,-00002.000000
      Vertex   -00055.000000,+00038.000000,+00019.000000
      Vertex   -00055.000000,+00038.000000,+00032.000000
      Vertex   +00057.000000,+00038.000000,+00032.000000
      Vertex   +00057.000000,+00038.000000,+00019.000000
   End Polygon
   Begin Polygon Item=OUTSIDE Texture=ClenPatnWpapr_B Flags=1073741824 Link=23
      Origin   +00057.000000,+00038.000000,+00019.000000
      Normal   +00001.000000,+00000.000000,+00000.000000
      TextureU +00000.000000,-00000.864869,+00000.000000
      TextureV +00000.000000,+00000.000000,-00001.230769
      Vertex   +00057.000000,+00038.000000,+00019.000000
      Vertex   +00057.000000,+00038.000000,+00032.000000
      Vertex   +00057.000000,-00036.000000,+00032.000000
      Vertex   +00057.000000,-00036.000000,+00019.000000
   End Polygon
   Begin Polygon Item=OUTSIDE Texture=ClenPatnWpapr_B Flags=1073741824 Link=24
      Origin   -00055.000000,-00036.000000,+00019.000000
      Normal   -00001.000000,+00000.000000,+00000.000000
      TextureU +00000.000000,+00000.864869,+00000.000000
      TextureV +00000.000000,+00000.000000,-00001.230769
      Vertex   -00055.000000,+00038.000000,+00032.000000
      Vertex   -00055.000000,+00038.000000,+00019.000000
      Vertex   -00055.000000,-00036.000000,+00019.000000
      Vertex   -00055.000000,-00036.000000,+00032.000000
   End Polygon
   Begin Polygon Item=OUTSIDE Texture=DrtySilvMetal_A Flags=1073741824 Link=25
      Origin   -00057.000000,+00037.000000,+00019.000000
      Normal   +00000.000000,+00000.000000,+00001.000000
      TextureU +00000.000000,+00001.000000,+00000.000000
      TextureV -00001.000000,+00000.000000,+00000.000000
      Vertex   -00057.000000,+00038.000000,+00019.000000
      Vertex   +00059.000000,+00038.000000,+00019.000000
      Vertex   +00059.000000,+00041.000000,+00019.000000
      Vertex   -00057.000000,+00041.000000,+00019.000000
   End Polygon
   Begin Polygon Item=OUTSIDE Texture=DrtySilvMetal_A Flags=1073741824 Link=25
      Origin   -00057.000000,+00037.000000,+00019.000000
      Normal   +00000.000000,+00000.000000,+00001.000000
      TextureU +00000.000000,+00001.000000,+00000.000000
      TextureV -00001.000000,+00000.000000,+00000.000000
      Vertex   +00057.000000,+00038.000000,+00019.000000
      Vertex   +00057.000000,+00037.000000,+00019.000000
      Vertex   +00059.000000,+00037.000000,+00019.000000
      Vertex   +00059.000000,+00038.000000,+00019.000000
   End Polygon
   Begin Polygon Item=OUTSIDE Texture=DrtySilvMetal_A Flags=1073741824 Link=25
      Origin   -00057.000000,+00037.000000,+00019.000000
      Normal   +00000.000000,+00000.000000,+00001.000000
      TextureU +00000.000000,+00001.000000,+00000.000000
      TextureV -00001.000000,+00000.000000,+00000.000000
      Vertex   -00055.000000,+00038.000000,+00019.000000
      Vertex   -00057.000000,+00038.000000,+00019.000000
      Vertex   -00057.000000,+00037.000000,+00019.000000
      Vertex   -00055.000000,+00037.000000,+00019.000000
   End Polygon
   Begin Polygon Item=OUTSIDE Texture=DrtySilvMetal_A Flags=1073741824 Link=28
      Origin   +00063.000000,+00037.000000,-00037.000000
      Normal   +00000.000000,-00001.000000,+00000.000000
      TextureU -00001.000000,+00000.000000,+00000.000000
      TextureV +00000.000000,+00000.000000,-00001.000000
      Vertex   +00063.000000,+00037.000000,+00019.000000
      Vertex   +00063.000000,+00037.000000,+00027.000000
      Vertex   +00059.000000,+00037.000000,+00027.000000
      Vertex   +00059.000000,+00037.000000,+00019.000000
   End Polygon
   Begin Polygon Item=OUTSIDE Texture=DrtySilvMetal_A Flags=1073741824 Link=29
      Origin   +00059.000000,-00035.000000,+00019.000000
      Normal   +00000.000000,+00000.000000,+00001.000000
      TextureU +00000.000000,+00001.000000,+00000.000000
      TextureV -00001.000000,+00000.000000,+00000.000000
      Vertex   +00063.000000,+00037.000000,+00019.000000
      Vertex   +00059.000000,+00037.000000,+00019.000000
      Vertex   +00059.000000,-00035.000000,+00019.000000
      Vertex   +00063.000000,-00035.000000,+00019.000000
   End Polygon
   Begin Polygon Item=OUTSIDE Texture=DrtySilvMetal_A Flags=1073741824 Link=30
      Origin   +00059.000000,+00037.000000,+00015.000000
      Normal   +00000.000000,+00000.000000,-00001.000000
      TextureU +00000.000000,-00001.000000,+00000.000000
      TextureV -00001.000000,+00000.000000,+00000.000000
      Vertex   +00059.000000,+00037.000000,+00015.000000
      Vertex   +00063.000000,+00037.000000,+00015.000000
      Vertex   +00063.000000,-00035.000000,+00015.000000
      Vertex   +00059.000000,-00035.000000,+00015.000000
   End Polygon
   Begin Polygon Item=OUTSIDE Texture=DrtySilvMetal_A Flags=1073741824 Link=31
      Origin   +00059.000000,+00037.000000,+00027.000000
      Normal   +00000.000000,+00000.000000,+00001.000000
      TextureU +00000.000000,+00001.000000,+00000.000000
      TextureV -00001.000000,+00000.000000,+00000.000000
      Vertex   +00063.000000,+00041.000000,+00027.000000
      Vertex   +00059.000000,+00041.000000,+00027.000000
      Vertex   +00059.000000,+00037.000000,+00027.000000
      Vertex   +00063.000000,+00037.000000,+00027.000000
   End Polygon
   Begin Polygon Item=OUTSIDE Texture=DrtySilvMetal_A Flags=1073741824 Link=32
      Origin   +00059.000000,+00041.000000,-00037.000000
      Normal   +00000.000000,+00001.000000,+00000.000000
      TextureU +00001.000000,+00000.000000,+00000.000000
      TextureV +00000.000000,+00000.000000,-00001.000000
      Vertex   +00059.000000,+00041.000000,+00027.000000
      Vertex   +00063.000000,+00041.000000,+00027.000000
      Vertex   +00063.000000,+00041.000000,-00037.000000
      Vertex   +00059.000000,+00041.000000,-00037.000000
   End Polygon
   Begin Polygon Item=OUTSIDE Texture=DrtySilvMetal_A Flags=1073741824 Link=28
      Origin   +00063.000000,+00037.000000,-00037.000000
      Normal   +00000.000000,-00001.000000,+00000.000000
      TextureU -00001.000000,+00000.000000,+00000.000000
      TextureV +00000.000000,+00000.000000,-00001.000000
      Vertex   +00063.000000,+00037.000000,+00015.000000
      Vertex   +00059.000000,+00037.000000,+00015.000000
      Vertex   +00059.000000,+00037.000000,-00037.000000
      Vertex   +00063.000000,+00037.000000,-00037.000000
   End Polygon
   Begin Polygon Item=OUTSIDE Texture=DrtySilvMetal_A Flags=1073741824 Link=17
      Origin   +00059.000000,+00037.000000,-00037.000000
      Normal   -00001.000000,+00000.000000,+00000.000000
      TextureU +00000.000000,+00001.000000,+00000.000000
      TextureV +00000.000000,+00000.000000,-00001.000000
      Vertex   +00059.000000,+00037.000000,+00015.000000
      Vertex   +00059.000000,+00041.000000,+00015.000000
      Vertex   +00059.000000,+00041.000000,-00037.000000
      Vertex   +00059.000000,+00037.000000,-00037.000000
   End Polygon
   Begin Polygon Item=OUTSIDE Texture=DrtySilvMetal_A Flags=1073741824 Link=35
      Origin   +00059.000000,-00035.000000,+00015.000000
      Normal   -00001.000000,+00000.000000,+00000.000000
      TextureU +00000.000000,+00001.000000,+00000.000000
      TextureV +00000.000000,+00000.000000,-00001.000000
      Vertex   +00059.000000,+00037.000000,+00019.000000
      Vertex   +00059.000000,+00037.000000,+00015.000000
      Vertex   +00059.000000,-00035.000000,+00015.000000
      Vertex   +00059.000000,-00035.000000,+00019.000000
   End Polygon
   Begin Polygon Item=OUTSIDE Texture=DrtySilvMetal_A Flags=1073741824 Link=36
      Origin   -00061.000000,+00037.000000,+00027.000000
      Normal   +00000.000000,+00000.000000,+00001.000000
      TextureU +00000.000000,+00001.000000,+00000.000000
      TextureV -00001.000000,+00000.000000,+00000.000000
      Vertex   -00057.000000,+00041.000000,+00027.000000
      Vertex   -00061.000000,+00041.000000,+00027.000000
      Vertex   -00061.000000,+00037.000000,+00027.000000
      Vertex   -00057.000000,+00037.000000,+00027.000000
   End Polygon
   Begin Polygon Item=2DLoftSIDE Texture=DrtySilvMetal_A Flags=1073741856 Link=37
      Origin   -00061.000000,+00035.392578,+00033.000000
      Normal   -00001.000000,+00000.000000,+00000.000000
      TextureU +00000.000000,+00000.500011,-00000.866019
      TextureV -00000.000000,-00000.866019,-00000.500011
      Vertex   -00061.000000,+00038.856445,+00035.000000
      Vertex   -00061.000000,+00041.000000,+00027.000000
      Vertex   -00061.000000,+00037.000000,+00027.000000
      Vertex   -00061.000000,+00033.785156,+00039.000000
      Vertex   -00061.000000,+00034.856445,+00039.000000
   End Polygon
   Begin Polygon Item=2DLoftSIDE Texture=DrtySilvMetal_A Flags=1073741856 Link=38
      Origin   -00061.000000,+00038.856445,+00035.000000
      Normal   +00000.000000,+00000.965929,+00000.258809
      TextureU +00000.000000,+00000.258818,-00000.965926
      TextureV -00001.000000,+00000.000000,+00000.000000
      Vertex   -00061.000000,+00038.856445,+00035.000000
      Vertex   -00057.000000,+00038.856445,+00035.000000
      Vertex   -00057.000000,+00041.000000,+00027.000000
      Vertex   -00061.000000,+00041.000000,+00027.000000
   End Polygon
   Begin Polygon Item=2DLoftSIDE Texture=DrtySilvMetal_A Flags=1073741856 Link=39
      Origin   -00061.000000,+00033.000000,+00040.856445
      Normal   +00000.000000,+00000.707107,+00000.707107
      TextureU +00000.000000,+00000.707107,-00000.707107
      TextureV -00001.000000,+00000.000000,+00000.000000
      Vertex   -00057.000000,+00038.856445,+00035.000000
      Vertex   -00061.000000,+00038.856445,+00035.000000
      Vertex   -00061.000000,+00033.000000,+00040.856445
      Vertex   -00057.000000,+00033.000000,+00040.856445
   End Polygon
   Begin Polygon Item=2DLoftSIDE Texture=DrtySilvMetal_A Flags=1073741856 Link=40
      Origin   -00057.000000,+00025.000000,+00039.000000
      Normal   +00000.000000,-00000.258809,-00000.965929
      TextureU +00000.000000,+00000.965926,-00000.258817
      TextureV +00001.000000,+00000.000000,+00000.000000
      Vertex   -00057.000000,+00025.000000,+00039.000000
      Vertex   -00061.000000,+00025.000000,+00039.000000
      Vertex   -00061.000000,+00031.000000,+00037.392334
      Vertex   -00057.000000,+00031.000000,+00037.392334
   End Polygon
   Begin Polygon Item=2DLoftSIDE Texture=DrtySilvMetal_A Flags=1073741856 Link=41
      Origin   -00057.000000,+00035.392578,+00033.000000
      Normal   +00000.000000,-00000.965930,-00000.258805
      TextureU +00000.000000,+00000.258818,-00000.965926
      TextureV +00001.000000,+00000.000000,+00000.000000
      Vertex   -00057.000000,+00035.392578,+00033.000000
      Vertex   -00061.000000,+00035.392578,+00033.000000
      Vertex   -00061.000000,+00037.000000,+00027.000000
      Vertex   -00057.000000,+00037.000000,+00027.000000
   End Polygon
   Begin Polygon Item=2DLoftSIDE Texture=DrtySilvMetal_A Flags=1073741856 Link=42
      Origin   -00057.000000,+00031.000000,+00037.392334
      Normal   +00000.000000,-00000.707107,-00000.707107
      TextureU +00000.000000,+00000.707107,-00000.707107
      TextureV +00001.000000,+00000.000000,+00000.000000
      Vertex   -00057.000000,+00031.000000,+00037.392334
      Vertex   -00061.000000,+00031.000000,+00037.392334
      Vertex   -00061.000000,+00035.392578,+00033.000000
      Vertex   -00057.000000,+00035.392578,+00033.000000
   End Polygon
   Begin Polygon Item=2DLoftSIDE Texture=DrtySilvMetal_A Flags=1073741856 Link=43
      Origin   -00061.000000,+00025.000000,+00043.000000
      Normal   +00000.000000,+00000.258812,+00000.965928
      TextureU +00000.000000,+00000.965926,-00000.258817
      TextureV -00001.000000,+00000.000000,+00000.000000
      Vertex   -00061.000000,+00025.000000,+00043.000000
      Vertex   -00057.000000,+00025.000000,+00043.000000
      Vertex   -00057.000000,+00033.000000,+00040.856445
      Vertex   -00061.000000,+00033.000000,+00040.856445
   End Polygon
   Begin Polygon Item=2DLoftSIDE Texture=DrtySilvMetal_A Flags=1073741856 Link=37
      Origin   -00061.000000,+00035.392578,+00033.000000
      Normal   -00001.000000,+00000.000000,+00000.000000
      TextureU +00000.000000,+00000.500011,-00000.866019
      TextureV -00000.000000,-00000.866019,-00000.500011
      Vertex   -00061.000000,+00033.785156,+00039.000000
      Vertex   -00061.000000,+00035.392578,+00033.000000
      Vertex   -00061.000000,+00029.392578,+00039.000000
   End Polygon
   Begin Polygon Item=2DLoftSIDE Texture=DrtySilvMetal_A Flags=1073741856 Link=37
      Origin   -00061.000000,+00035.392578,+00033.000000
      Normal   -00001.000000,+00000.000000,+00000.000000
      TextureU +00000.000000,+00000.500011,-00000.866019
      TextureV -00000.000000,-00000.866019,-00000.500011
      Vertex   -00061.000000,+00033.000000,+00040.856445
      Vertex   -00061.000000,+00034.856445,+00039.000000
      Vertex   -00061.000000,+00025.000000,+00039.000000
      Vertex   -00061.000000,+00025.000000,+00043.000000
   End Polygon
   Begin Polygon Item=2DLoftSIDE Texture=DrtySilvMetal_A Flags=1073741856 Link=37
      Origin   -00061.000000,+00035.392578,+00033.000000
      Normal   -00001.000000,+00000.000000,+00000.000000
      TextureU +00000.000000,+00000.500011,-00000.866019
      TextureV -00000.000000,-00000.866019,-00000.500011
      Vertex   -00061.000000,+00031.000000,+00037.392334
      Vertex   -00061.000000,+00025.000000,+00039.000000
      Vertex   -00061.000000,+00029.392578,+00039.000000
   End Polygon
   Begin Polygon Item=OUTSIDE Texture=DrtySilvMetal_A Flags=1073741824 Link=47
      Origin   -00057.000000,+00037.000000,-00037.000000
      Normal   +00000.000000,-00001.000000,+00000.000000
      TextureU -00001.000000,+00000.000000,+00000.000000
      TextureV +00000.000000,+00000.000000,-00001.000000
      Vertex   -00057.000000,+00037.000000,+00019.000000
      Vertex   -00057.000000,+00037.000000,+00027.000000
      Vertex   -00061.000000,+00037.000000,+00027.000000
      Vertex   -00061.000000,+00037.000000,+00019.000000
   End Polygon
   Begin Polygon Item=OUTSIDE Texture=DrtySilvMetal_A Flags=1073741824 Link=48
      Origin   -00061.000000,-00035.000000,+00019.000000
      Normal   +00000.000000,+00000.000000,+00001.000000
      TextureU +00000.000000,+00001.000000,+00000.000000
      TextureV -00001.000000,+00000.000000,+00000.000000
      Vertex   -00057.000000,+00037.000000,+00019.000000
      Vertex   -00061.000000,+00037.000000,+00019.000000
      Vertex   -00061.000000,-00035.000000,+00019.000000
      Vertex   -00057.000000,-00035.000000,+00019.000000
   End Polygon
   Begin Polygon Item=OUTSIDE Texture=DrtySilvMetal_A Flags=1073741824 Link=49
      Origin   -00061.000000,+00037.000000,+00015.000000
      Normal   +00000.000000,+00000.000000,-00001.000000
      TextureU +00000.000000,-00001.000000,+00000.000000
      TextureV -00001.000000,+00000.000000,+00000.000000
      Vertex   -00061.000000,+00037.000000,+00015.000000
      Vertex   -00057.000000,+00037.000000,+00015.000000
      Vertex   -00057.000000,-00035.000000,+00015.000000
      Vertex   -00061.000000,-00035.000000,+00015.000000
   End Polygon
   Begin Polygon Item=OUTSIDE Texture=DrtySilvMetal_A Flags=1073741824 Link=50
      Origin   -00061.000000,-00035.000000,+00015.000000
      Normal   -00001.000000,+00000.000000,+00000.000000
      TextureU +00000.000000,+00001.000000,+00000.000000
      TextureV +00000.000000,+00000.000000,-00001.000000
      Vertex   -00061.000000,+00037.000000,+00019.000000
      Vertex   -00061.000000,+00037.000000,+00015.000000
      Vertex   -00061.000000,-00035.000000,+00015.000000
      Vertex   -00061.000000,-00035.000000,+00019.000000
   End Polygon
   Begin Polygon Item=OUTSIDE Texture=DrtySilvMetal_A Flags=1073741824 Link=51
      Origin   -00061.000000,+00037.000000,-00037.000000
      Normal   -00001.000000,+00000.000000,+00000.000000
      TextureU +00000.000000,+00001.000000,+00000.000000
      TextureV +00000.000000,+00000.000000,-00001.000000
      Vertex   -00061.000000,+00037.000000,+00027.000000
      Vertex   -00061.000000,+00041.000000,+00027.000000
      Vertex   -00061.000000,+00041.000000,-00037.000000
      Vertex   -00061.000000,+00037.000000,-00037.000000
   End Polygon
   Begin Polygon Item=OUTSIDE Texture=DrtySilvMetal_A Flags=1073741824 Link=52
      Origin   -00061.000000,+00041.000000,-00037.000000
      Normal   +00000.000000,+00001.000000,+00000.000000
      TextureU +00001.000000,+00000.000000,+00000.000000
      TextureV +00000.000000,+00000.000000,-00001.000000
      Vertex   -00061.000000,+00041.000000,+00027.000000
      Vertex   -00057.000000,+00041.000000,+00027.000000
      Vertex   -00057.000000,+00041.000000,-00037.000000
      Vertex   -00061.000000,+00041.000000,-00037.000000
   End Polygon
   Begin Polygon Item=OUTSIDE Texture=DrtySilvMetal_A Flags=1073741824 Link=47
      Origin   -00057.000000,+00037.000000,-00037.000000
      Normal   +00000.000000,-00001.000000,+00000.000000
      TextureU -00001.000000,+00000.000000,+00000.000000
      TextureV +00000.000000,+00000.000000,-00001.000000
      Vertex   -00057.000000,+00037.000000,+00015.000000
      Vertex   -00061.000000,+00037.000000,+00015.000000
      Vertex   -00061.000000,+00037.000000,-00037.000000
      Vertex   -00057.000000,+00037.000000,-00037.000000
   End Polygon
   Begin Polygon Item=OUTSIDE Texture=DrtySilvMetal_A Flags=1073741824 Link=6
      Origin   -00057.000000,+00041.000000,-00037.000000
      Normal   +00001.000000,+00000.000000,+00000.000000
      TextureU +00000.000000,-00001.000000,+00000.000000
      TextureV +00000.000000,+00000.000000,-00001.000000
      Vertex   -00057.000000,+00041.000000,+00019.000000
      Vertex   -00057.000000,+00041.000000,+00027.000000
      Vertex   -00057.000000,+00037.000000,+00027.000000
      Vertex   -00057.000000,+00037.000000,+00019.000000
   End Polygon
   Begin Polygon Item=OUTSIDE Texture=DrtySilvMetal_A Flags=1073741824 Link=55
      Origin   -00057.000000,+00037.000000,+00015.000000
      Normal   +00001.000000,+00000.000000,+00000.000000
      TextureU +00000.000000,-00001.000000,+00000.000000
      TextureV +00000.000000,+00000.000000,-00001.000000
      Vertex   -00057.000000,+00037.000000,+00015.000000
      Vertex   -00057.000000,+00037.000000,+00019.000000
      Vertex   -00057.000000,-00035.000000,+00019.000000
      Vertex   -00057.000000,-00035.000000,+00015.000000
   End Polygon
   Begin Polygon Item=2DLoftSIDE Texture=DrtySilvMetal_A Flags=1073741856 Link=56
      Origin   -00057.000000,+00038.856445,+00035.000000
      Normal   +00001.000000,+00000.000000,+00000.000000
      TextureU +00000.000000,+00000.500011,-00000.866019
      TextureV +00000.000000,+00000.866026,+00000.499998
      Vertex   -00057.000000,+00038.856445,+00035.000000
      Vertex   -00057.000000,+00034.856445,+00039.000000
      Vertex   -00057.000000,+00033.785156,+00039.000000
      Vertex   -00057.000000,+00035.392578,+00033.000000
      Vertex   -00057.000000,+00035.660645,+00032.000000
      Vertex   -00057.000000,+00037.000000,+00027.000000
      Vertex   -00057.000000,+00041.000000,+00027.000000
   End Polygon
   Begin Polygon Item=2DLoftSIDE Texture=DrtySilvMetal_A Flags=1073741856 Link=56
      Origin   -00057.000000,+00038.856445,+00035.000000
      Normal   +00001.000000,+00000.000000,+00000.000000
      TextureU +00000.000000,+00000.500011,-00000.866019
      TextureV +00000.000000,+00000.866026,+00000.499998
      Vertex   -00057.000000,+00035.392578,+00033.000000
      Vertex   -00057.000000,+00033.785156,+00039.000000
      Vertex   -00057.000000,+00029.392578,+00039.000000
   End Polygon
   Begin Polygon Item=2DLoftSIDE Texture=DrtySilvMetal_A Flags=1073741856 Link=56
      Origin   -00057.000000,+00038.856445,+00035.000000
      Normal   +00001.000000,+00000.000000,+00000.000000
      TextureU +00000.000000,+00000.500011,-00000.866019
      TextureV +00000.000000,+00000.866026,+00000.499998
      Vertex   -00057.000000,+00034.856445,+00039.000000
      Vertex   -00057.000000,+00033.000000,+00040.856445
      Vertex   -00057.000000,+00025.000000,+00043.000000
      Vertex   -00057.000000,+00025.000000,+00039.000000
   End Polygon
   Begin Polygon Item=2DLoftSIDE Texture=DrtySilvMetal_A Flags=1073741856 Link=56
      Origin   -00057.000000,+00038.856445,+00035.000000
      Normal   +00001.000000,+00000.000000,+00000.000000
      TextureU +00000.000000,+00000.500011,-00000.866019
      TextureV +00000.000000,+00000.866026,+00000.499998
      Vertex   -00057.000000,+00029.392578,+00039.000000
      Vertex   -00057.000000,+00025.000000,+00039.000000
      Vertex   -00057.000000,+00031.000000,+00037.392334
   End Polygon
   Begin Polygon Item=OUTSIDE Texture=DrtySilvMetal_A Flags=1073741824 Link=60
      Origin   +00063.000000,+00037.000000,+00015.000000
      Normal   +00001.000000,+00000.000000,+00000.000000
      TextureU +00000.000000,-00001.000000,+00000.000000
      TextureV +00000.000000,+00000.000000,-00001.000000
      Vertex   +00063.000000,+00037.000000,+00015.000000
      Vertex   +00063.000000,+00037.000000,+00019.000000
      Vertex   +00063.000000,-00035.000000,+00019.000000
      Vertex   +00063.000000,-00035.000000,+00015.000000
   End Polygon
   Begin Polygon Item=2DLoftSIDE Texture=DrtySilvMetal_A Flags=1073741856 Link=61
      Origin   +00063.000000,+00038.856445,+00035.000000
      Normal   +00001.000000,+00000.000000,+00000.000000
      TextureU +00000.000000,+00000.500011,-00000.866019
      TextureV +00000.000000,+00000.866026,+00000.499998
      Vertex   +00063.000000,+00035.392578,+00033.000000
      Vertex   +00063.000000,+00035.660645,+00032.000000
      Vertex   +00063.000000,+00037.000000,+00027.000000
      Vertex   +00063.000000,+00041.000000,+00027.000000
      Vertex   +00063.000000,+00038.856445,+00035.000000
      Vertex   +00063.000000,+00033.393066,+00040.463623
   End Polygon
   Begin Polygon Item=2DLoftSIDE Texture=DrtySilvMetal_A Flags=1073741856 Link=61
      Origin   +00063.000000,+00038.856445,+00035.000000
      Normal   +00001.000000,+00000.000000,+00000.000000
      TextureU +00000.000000,+00000.500011,-00000.866019
      TextureV +00000.000000,+00000.866026,+00000.499998
      Vertex   +00063.000000,+00035.392578,+00033.000000
      Vertex   +00063.000000,+00033.393066,+00040.463623
      Vertex   +00063.000000,+00033.000000,+00040.856445
      Vertex   +00063.000000,+00025.536133,+00042.856445
   End Polygon
   Begin Polygon Item=2DLoftSIDE Texture=DrtySilvMetal_A Flags=1073741856 Link=61
      Origin   +00063.000000,+00038.856445,+00035.000000
      Normal   +00001.000000,+00000.000000,+00000.000000
      TextureU +00000.000000,+00000.500011,-00000.866019
      TextureV +00000.000000,+00000.866026,+00000.499998
      Vertex   +00063.000000,+00025.536133,+00042.856445
      Vertex   +00063.000000,+00025.000000,+00043.000000
      Vertex   +00063.000000,+00025.000000,+00039.000000
      Vertex   +00063.000000,+00031.000000,+00037.392334
   End Polygon
   Begin Polygon Item=OUTSIDE Texture=DrtySilvMetal_A Flags=1073741824 Link=64
      Origin   +00059.000000,-00039.000000,-00037.000000
      Normal   -00001.000000,+00000.000000,+00000.000000
      TextureU +00000.000000,+00001.000000,+00000.000000
      TextureV +00000.000000,+00000.000000,-00001.000000
      Vertex   +00059.000000,-00039.000000,+00019.000000
      Vertex   +00059.000000,-00039.000000,+00027.000000
      Vertex   +00059.000000,-00035.000000,+00027.000000
      Vertex   +00059.000000,-00035.000000,+00019.000000
   End Polygon
   Begin Polygon Item=OUTSIDE Texture=DrtySilvMetal_A Flags=1073741824 Link=65
      Origin   -00057.000000,-00035.000000,-00037.000000
      Normal   +00001.000000,+00000.000000,+00000.000000
      TextureU +00000.000000,-00001.000000,+00000.000000
      TextureV +00000.000000,+00000.000000,-00001.000000
      Vertex   -00057.000000,-00039.000000,+00027.000000
      Vertex   -00057.000000,-00039.000000,+00019.000000
      Vertex   -00057.000000,-00035.000000,+00019.000000
      Vertex   -00057.000000,-00035.000000,+00027.000000
   End Polygon
   Begin Polygon Item=OUTSIDE Texture=DrtySilvMetal_A Flags=1073741824 Link=66
      Origin   +00059.000000,-00039.000000,+00015.000000
      Normal   +00000.000000,-00001.000000,+00000.000000
      TextureU -00001.000000,+00000.000000,+00000.000000
      TextureV +00000.000000,+00000.000000,-00001.000000
      Vertex   +00059.000000,-00039.000000,+00015.000000
      Vertex   +00059.000000,-00039.000000,+00019.000000
      Vertex   -00057.000000,-00039.000000,+00019.000000
      Vertex   -00057.000000,-00039.000000,+00015.000000
   End Polygon
   Begin Polygon Item=OUTSIDE Texture=DrtySilvMetal_A Flags=1073741824 Link=67
      Origin   -00057.000000,-00035.000000,+00015.000000
      Normal   +00000.000000,+00001.000000,+00000.000000
      TextureU +00001.000000,+00000.000000,+00000.000000
      TextureV +00000.000000,+00000.000000,-00001.000000
      Vertex   -00057.000000,-00035.000000,+00015.000000
      Vertex   -00057.000000,-00035.000000,+00019.000000
      Vertex   +00059.000000,-00035.000000,+00019.000000
      Vertex   +00059.000000,-00035.000000,+00015.000000
   End Polygon
   Begin Polygon Item=OUTSIDE Texture=DrtySilvMetal_A Flags=1073741824 Link=68
      Origin   -00057.000000,-00035.000000,+00015.000000
      Normal   +00000.000000,+00000.000000,-00001.000000
      TextureU +00000.000000,-00001.000000,+00000.000000
      TextureV -00001.000000,+00000.000000,+00000.000000
      Vertex   -00057.000000,-00035.000000,+00015.000000
      Vertex   +00059.000000,-00035.000000,+00015.000000
      Vertex   +00059.000000,-00039.000000,+00015.000000
      Vertex   -00057.000000,-00039.000000,+00015.000000
   End Polygon
   Begin Polygon Item=OUTSIDE Texture=ClenPatnWpapr_B Flags=1073741824 Link=69
      Origin   +00057.000000,-00036.000000,+00019.000000
      Normal   +00000.000000,-00001.000000,+00000.000000
      TextureU -00001.107143,+00000.000000,+00000.000000
      TextureV +00000.000000,+00000.000000,-00001.230769
      Vertex   +00057.000000,-00036.000000,+00019.000000
      Vertex   +00057.000000,-00036.000000,+00032.000000
      Vertex   -00055.000000,-00036.000000,+00032.000000
      Vertex   -00055.000000,-00036.000000,+00019.000000
   End Polygon
   Begin Polygon Item=OUTSIDE Texture=DrtySilvMetal_A Flags=1073741824 Link=70
      Origin   -00057.000000,-00039.000000,+00019.000000
      Normal   +00000.000000,+00000.000000,+00001.000000
      TextureU +00000.000000,+00001.000000,+00000.000000
      TextureV -00001.000000,+00000.000000,+00000.000000
      Vertex   -00057.000000,-00036.000000,+00019.000000
      Vertex   -00057.000000,-00039.000000,+00019.000000
      Vertex   +00059.000000,-00039.000000,+00019.000000
      Vertex   +00059.000000,-00036.000000,+00019.000000
   End Polygon
   Begin Polygon Item=OUTSIDE Texture=DrtySilvMetal_A Flags=1073741824 Link=70
      Origin   -00057.000000,-00039.000000,+00019.000000
      Normal   +00000.000000,+00000.000000,+00001.000000
      TextureU +00000.000000,+00001.000000,+00000.000000
      TextureV -00001.000000,+00000.000000,+00000.000000
      Vertex   +00057.000000,-00036.000000,+00019.000000
      Vertex   +00059.000000,-00036.000000,+00019.000000
      Vertex   +00059.000000,-00035.000000,+00019.000000
      Vertex   +00057.000000,-00035.000000,+00019.000000
   End Polygon
   Begin Polygon Item=OUTSIDE Texture=DrtySilvMetal_A Flags=1073741824 Link=70
      Origin   -00057.000000,-00039.000000,+00019.000000
