Begin PolyList
   Begin Polygon Item=OUTSIDE Texture=cot01 Flags=1073741856 Link=0
      Origin   +00029.583984,-00054.114990,-00036.000000
      Normal   +00000.000000,-00001.000000,+00000.000000
      Pan      U=0 V=-147
      TextureU +00000.000000,+00000.000000,-00001.000000
      TextureV +00001.000000,+00000.000000,+00000.000000
      Vertex   +00029.583984,-00054.114990,-00028.000000
      Vertex   +00029.583984,-00054.114990,-00024.000000
      Vertex   -00030.416016,-00054.114990,-00024.000000
      Vertex   -00030.416016,-00054.114990,-00028.000000
   End Polygon
   Begin Polygon Item=2DLoftSIDE Texture=Heli_LiftMetl_A Flags=1073741856 Link=1
      Origin   -00028.416016,-00056.114990,-00024.000000
      Normal   +00000.000000,+00001.000000,+00000.000000
      TextureU +00000.000000,+00000.000000,+00001.000000
      TextureV +00001.000000,+00000.000000,+00000.000000
      Vertex   -00028.416016,-00056.114990,-00024.000000
      Vertex   -00032.416016,-00056.114990,-00024.000000
      Vertex   -00031.344299,-00056.114990,-00020.000000
      Vertex   -00027.880188,-00056.114990,-00022.000000
   End Polygon
   Begin Polygon Item=OUTSIDE Texture=Heli_LiftMetl_A Flags=1073741856 Link=2
      Origin   +00031.583984,+00055.885010,-00036.000000
      Normal   +00001.000000,+00000.000000,+00000.000000
      TextureU +00000.000000,-00001.000000,+00000.000000
      TextureV +00000.000000,+00000.000000,-00001.000000
      Vertex   +00031.583984,-00056.114990,-00028.000000
      Vertex   +00031.583984,-00056.114990,-00036.000000
      Vertex   +00031.583984,+00059.885010,-00036.000000
      Vertex   +00031.583984,+00059.885010,-00028.000000
   End Polygon
   Begin Polygon Item=OUTSIDE Texture=Heli_LiftMetl_A Flags=1073741856 Link=3
      Origin   -00032.416016,-00056.114990,-00036.000000
      Normal   -00001.000000,+00000.000000,+00000.000000
      TextureU +00000.000000,+00001.000000,+00000.000000
      TextureV +00000.000000,+00000.000000,-00001.000000
      Vertex   -00032.416016,-00056.114990,-00036.000000
      Vertex   -00032.416016,-00056.114990,-00028.000000
      Vertex   -00032.416016,+00059.885010,-00028.000000
      Vertex   -00032.416016,+00059.885010,-00036.000000
   End Polygon
   Begin Polygon Item=OUTSIDE Texture=Heli_LiftMetl_A Flags=1073741856 Link=4
      Origin   -00032.416016,-00056.114990,-00028.000000
      Normal   +00000.000000,+00000.000000,+00001.000000
      TextureU +00000.000000,+00001.000000,+00000.000000
      TextureV -00001.000000,+00000.000000,+00000.000000
      Vertex   -00032.416016,-00054.114990,-00028.000000
      Vertex   -00032.416016,-00056.114990,-00028.000000
      Vertex   +00031.583984,-00056.114990,-00028.000000
      Vertex   +00031.583984,-00054.114990,-00028.000000
   End Polygon
   Begin Polygon Item=OUTSIDE Texture=Heli_LiftMetl_A Flags=1073741856 Link=5
      Origin   -00032.416016,+00055.885010,-00036.000000
      Normal   +00000.000000,+00000.000000,-00001.000000
      TextureU +00000.000000,-00001.000000,+00000.000000
      TextureV -00001.000000,+00000.000000,+00000.000000
      Vertex   -00032.416016,-00054.114990,-00036.000000
      Vertex   +00031.583984,-00054.114990,-00036.000000
      Vertex   +00031.583984,-00056.114990,-00036.000000
      Vertex   -00032.416016,-00056.114990,-00036.000000
   End Polygon
   Begin Polygon Item=OUTSIDE Texture=Heli_LiftMetl_A Flags=1073741856 Link=6
      Origin   +00023.583984,-00060.114990,-00020.000000
      Normal   +00000.000000,-00001.000000,+00000.000000
      TextureU -00001.000000,+00000.000000,+00000.000000
      TextureV +00000.000000,+00000.000000,-00001.000000
      Vertex   +00023.583984,-00060.114990,-00016.000000
      Vertex   -00024.416138,-00060.114990,-00016.000000
      Vertex   -00028.416016,-00060.114990,-00017.071716
      Vertex   -00031.344299,-00060.114990,-00020.000000
      Vertex   +00025.893372,-00060.114990,-00020.000000
      Vertex   +00027.583984,-00060.114990,-00017.071716
   End Polygon
   Begin Polygon Item=OUTSIDE Texture=Heli_LiftMetl_A Flags=1073741856 Link=7
      Origin   -00024.416138,-00056.114990,-00020.000000
      Normal   +00000.000000,+00000.000000,-00001.000000
      TextureU +00000.000000,-00001.000000,+00000.000000
      TextureV -00001.000000,+00000.000000,+00000.000000
      Vertex   -00024.416138,-00056.114990,-00020.000000
      Vertex   +00023.583984,-00056.114990,-00020.000000
      Vertex   +00023.583984,-00060.114990,-00020.000000
      Vertex   -00024.416138,-00060.114990,-00020.000000
   End Polygon
   Begin Polygon Item=OUTSIDE Texture=Heli_LiftMetl_A Flags=1073741856 Link=8
      Origin   +00027.583984,-00060.114990,-00064.000000
      Normal   -00001.000000,+00000.000000,+00000.000000
      TextureU +00000.000000,+00001.000000,+00000.000000
      TextureV +00000.000000,+00000.000000,-00001.000000
      Vertex   +00027.583984,-00060.114990,-00024.000000
      Vertex   +00027.583984,-00056.114990,-00024.000000
      Vertex   +00027.583984,-00056.114990,-00064.000000
      Vertex   +00027.583984,-00060.114990,-00064.000000
   End Polygon
   Begin Polygon Item=OUTSIDE Texture=Heli_LiftMetl_A Flags=1073741856 Link=9
      Origin   -00028.416016,-00056.114990,-00064.000000
      Normal   +00001.000000,+00000.000000,+00000.000000
      TextureU +00000.000000,-00001.000000,+00000.000000
      TextureV +00000.000000,+00000.000000,-00001.000000
      Vertex   -00028.416016,-00056.114990,-00024.000000
      Vertex   -00028.416016,-00060.114990,-00024.000000
      Vertex   -00028.416016,-00060.114990,-00064.000000
      Vertex   -00028.416016,-00056.114990,-00064.000000
   End Polygon
   Begin Polygon Item=2DLoftSIDE Texture=Heli_LiftMetl_A Flags=1073741856 Link=10
      Origin   -00028.416016,-00060.114990,-00024.000000
      Normal   +00000.965934,+00000.000000,-00000.258787
      TextureU +00000.258815,+00000.000000,+00000.965927
      TextureV +00000.000000,-00001.000000,+00000.000000
      Vertex   -00028.416016,-00060.114990,-00024.000000
      Vertex   -00028.416016,-00056.114990,-00024.000000
      Vertex   -00027.880188,-00056.114990,-00022.000000
      Vertex   -00027.880188,-00060.114990,-00022.000000
   End Polygon
   Begin Polygon Item=2DLoftSIDE Texture=Heli_LiftMetl_A Flags=1073741856 Link=11
      Origin   -00027.880188,-00060.114990,-00022.000000
      Normal   +00000.707107,+00000.000000,-00000.707107
      TextureU +00000.707107,+00000.000000,+00000.707107
      TextureV +00000.000000,-00001.000000,+00000.000000
      Vertex   -00027.880188,-00060.114990,-00022.000000
      Vertex   -00027.880188,-00056.114990,-00022.000000
      Vertex   -00026.416016,-00056.114990,-00020.535828
      Vertex   -00026.416016,-00060.114990,-00020.535828
   End Polygon
   Begin Polygon Item=2DLoftSIDE Texture=Heli_LiftMetl_A Flags=1073741856 Link=12
      Origin   -00026.416016,-00060.114990,-00020.535828
      Normal   +00000.258802,+00000.000000,-00000.965930
      TextureU +00000.965927,+00000.000000,+00000.258815
      TextureV +00000.000000,-00001.000000,+00000.000000
      Vertex   -00026.416016,-00060.114990,-00020.535828
      Vertex   -00026.416016,-00056.114990,-00020.535828
      Vertex   -00024.416138,-00056.114990,-00020.000000
      Vertex   -00024.416138,-00060.114990,-00020.000000
   End Polygon
   Begin Polygon Item=2DLoftSIDE Texture=Heli_LiftMetl_A Flags=1073741856 Link=13
      Origin   +00027.048157,-00060.114990,-00022.000000
      Normal   -00000.965934,+00000.000000,-00000.258787
      TextureU +00000.258802,+00000.000000,-00000.965930
      TextureV +00000.000000,-00001.000000,+00000.000000
      Vertex   +00027.048157,-00060.114990,-00022.000000
      Vertex   +00027.048157,-00056.114990,-00022.000000
      Vertex   +00027.583984,-00056.114990,-00024.000000
      Vertex   +00027.583984,-00060.114990,-00024.000000
   End Polygon
   Begin Polygon Item=2DLoftSIDE Texture=Heli_LiftMetl_A Flags=1073741856 Link=14
      Origin   +00025.583984,-00060.114990,-00020.535828
      Normal   -00000.707107,+00000.000000,-00000.707107
      TextureU +00000.707107,+00000.000000,-00000.707107
      TextureV +00000.000000,-00001.000000,+00000.000000
      Vertex   +00025.583984,-00060.114990,-00020.535828
      Vertex   +00025.583984,-00056.114990,-00020.535828
      Vertex   +00027.048157,-00056.114990,-00022.000000
      Vertex   +00027.048157,-00060.114990,-00022.000000
   End Polygon
   Begin Polygon Item=2DLoftSIDE Texture=Heli_LiftMetl_A Flags=1073741856 Link=15
      Origin   +00023.583984,-00060.114990,-00020.000000
      Normal   -00000.258787,+00000.000000,-00000.965934
      TextureU +00000.965934,+00000.000000,-00000.258787
      TextureV +00000.000000,-00001.000000,+00000.000000
      Vertex   +00023.583984,-00060.114990,-00020.000000
      Vertex   +00023.583984,-00056.114990,-00020.000000
      Vertex   +00025.583984,-00056.114990,-00020.535828
      Vertex   +00025.583984,-00060.114990,-00020.535828
   End Polygon
   Begin Polygon Item=2DLoftSIDE Texture=Heli_LiftMetl_A Flags=1073741856 Link=16
      Origin   -00032.416016,-00056.114990,-00024.000000
      Normal   -00000.965931,+00000.000000,+00000.258801
      TextureU +00000.258815,+00000.000000,+00000.965927
      TextureV +00000.000000,+00001.000000,+00000.000000
      Vertex   -00032.416016,-00056.114990,-00024.000000
      Vertex   -00032.416016,-00060.114990,-00024.000000
      Vertex   -00031.344299,-00060.114990,-00020.000000
      Vertex   -00031.344299,-00056.114990,-00020.000000
   End Polygon
   Begin Polygon Item=OUTSIDE Texture=Heli_LiftMetl_A Flags=1073741856 Link=3
      Origin   -00032.416016,-00056.114990,-00036.000000
      Normal   -00001.000000,+00000.000000,+00000.000000
      TextureU +00000.000000,+00001.000000,+00000.000000
      TextureV +00000.000000,+00000.000000,-00001.000000
      Vertex   -00032.416016,-00060.114990,-00024.000000
      Vertex   -00032.416016,-00056.114990,-00024.000000
      Vertex   -00032.416016,-00056.114990,-00064.000000
      Vertex   -00032.416016,-00060.114990,-00064.000000
   End Polygon
   Begin Polygon Item=OUTSIDE Texture=Heli_LiftMetl_A Flags=1073741856 Link=18
      Origin   -00032.416016,+00059.885010,-00064.000000
      Normal   +00000.000000,+00000.000000,-00001.000000
      TextureU +00000.000000,-00001.000000,+00000.000000
      TextureV -00001.000000,+00000.000000,+00000.000000
      Vertex   -00032.416016,-00056.114990,-00064.000000
      Vertex   -00028.416016,-00056.114990,-00064.000000
      Vertex   -00028.416016,-00060.114990,-00064.000000
      Vertex   -00032.416016,-00060.114990,-00064.000000
   End Polygon
   Begin Polygon Item=2DLoftSIDE Texture=Heli_LiftMetl_A Flags=1073741856 Link=19
      Origin   +00030.512268,-00056.114990,-00020.000000
      Normal   +00000.965927,+00000.000000,+00000.258815
      TextureU +00000.258802,+00000.000000,-00000.965930
      TextureV +00000.000000,+00001.000000,+00000.000000
      Vertex   +00031.583984,-00060.114990,-00024.000000
      Vertex   +00031.583984,-00056.114990,-00024.000000
      Vertex   +00030.512268,-00056.114990,-00020.000000
      Vertex   +00030.512268,-00060.114990,-00020.000000
   End Polygon
   Begin Polygon Item=OUTSIDE Texture=Heli_LiftMetl_A Flags=1073741856 Link=2
      Origin   +00031.583984,+00055.885010,-00036.000000
      Normal   +00001.000000,+00000.000000,+00000.000000
      TextureU +00000.000000,-00001.000000,+00000.000000
      TextureV +00000.000000,+00000.000000,-00001.000000
      Vertex   +00031.583984,-00056.114990,-00024.000000
      Vertex   +00031.583984,-00060.114990,-00024.000000
      Vertex   +00031.583984,-00060.114990,-00064.000000
      Vertex   +00031.583984,-00056.114990,-00064.000000
   End Polygon
   Begin Polygon Item=OUTSIDE Texture=Heli_LiftMetl_A Flags=1073741856 Link=18
      Origin   -00032.416016,+00059.885010,-00064.000000
      Normal   +00000.000000,+00000.000000,-00001.000000
      TextureU +00000.000000,-00001.000000,+00000.000000
      TextureV -00001.000000,+00000.000000,+00000.000000
      Vertex   +00027.583984,-00056.114990,-00064.000000
      Vertex   +00031.583984,-00056.114990,-00064.000000
      Vertex   +00031.583984,-00060.114990,-00064.000000
      Vertex   +00027.583984,-00060.114990,-00064.000000
   End Polygon
   Begin Polygon Item=OUTSIDE Texture=Heli_LiftMetl_A Flags=1073741856 Link=22
      Origin   -00024.416138,-00060.114990,-00016.000000
      Normal   +00000.000000,+00000.000000,+00001.000000
      TextureU +00000.000000,+00001.000000,+00000.000000
      TextureV -00001.000000,+00000.000000,+00000.000000
      Vertex   +00023.583984,-00060.114990,-00016.000000
      Vertex   +00023.583984,-00056.114990,-00016.000000
      Vertex   -00024.416138,-00056.114990,-00016.000000
      Vertex   -00024.416138,-00060.114990,-00016.000000
   End Polygon
   Begin Polygon Item=2DLoftSIDE Texture=Heli_LiftMetl_A Flags=1073741856 Link=23
      Origin   -00028.416016,-00056.114990,-00017.071716
      Normal   -00000.258808,+00000.000000,+00000.965929
      TextureU +00000.965927,+00000.000000,+00000.258815
      TextureV +00000.000000,+00001.000000,+00000.000000
      Vertex   -00024.416138,-00060.114990,-00016.000000
      Vertex   -00024.416138,-00056.114990,-00016.000000
      Vertex   -00028.416016,-00056.114990,-00017.071716
      Vertex   -00028.416016,-00060.114990,-00017.071716
   End Polygon
   Begin Polygon Item=2DLoftSIDE Texture=Heli_LiftMetl_A Flags=1073741856 Link=24
      Origin   -00031.344299,-00056.114990,-00020.000000
      Normal   -00000.707107,+00000.000000,+00000.707107
      TextureU +00000.707107,+00000.000000,+00000.707107
      TextureV +00000.000000,+00001.000000,+00000.000000
      Vertex   -00031.344299,-00056.114990,-00020.000000
      Vertex   -00031.344299,-00060.114990,-00020.000000
      Vertex   -00028.416016,-00060.114990,-00017.071716
      Vertex   -00028.416016,-00056.114990,-00017.071716
   End Polygon
   Begin Polygon Item=2DLoftSIDE Texture=Heli_LiftMetl_A Flags=1073741856 Link=25
      Origin   +00023.583984,-00056.114990,-00016.000000
      Normal   +00000.258815,+00000.000000,+00000.965927
      TextureU +00000.965934,+00000.000000,-00000.258787
      TextureV +00000.000000,+00001.000000,+00000.000000
      Vertex   +00023.583984,-00056.114990,-00016.000000
      Vertex   +00023.583984,-00060.114990,-00016.000000
      Vertex   +00027.583984,-00060.114990,-00017.071716
      Vertex   +00027.583984,-00056.114990,-00017.071716
   End Polygon
   Begin Polygon Item=2DLoftSIDE Texture=Heli_LiftMetl_A Flags=1073741856 Link=26
      Origin   +00027.583984,-00056.114990,-00017.071716
      Normal   +00000.707107,+00000.000000,+00000.707107
      TextureU +00000.707107,+00000.000000,-00000.707107
      TextureV +00000.000000,+00001.000000,+00000.000000
      Vertex   +00027.583984,-00056.114990,-00017.071716
      Vertex   +00027.583984,-00060.114990,-00017.071716
      Vertex   +00030.512268,-00060.114990,-00020.000000
      Vertex   +00030.512268,-00056.114990,-00020.000000
   End Polygon
   Begin Polygon Item=OUTSIDE Texture=Heli_LiftMetl_A Flags=1073741856 Link=6
      Origin   +00023.583984,-00060.114990,-00020.000000
      Normal   +00000.000000,-00001.000000,+00000.000000
      TextureU -00001.000000,+00000.000000,+00000.000000
      TextureV +00000.000000,+00000.000000,-00001.000000
      Vertex   -00026.416016,-00060.114990,-00020.535828
      Vertex   -00024.416138,-00060.114990,-00020.000000
      Vertex   -00026.725403,-00060.114990,-00020.000000
   End Polygon
   Begin Polygon Item=OUTSIDE Texture=Heli_LiftMetl_A Flags=1073741856 Link=6
      Origin   +00023.583984,-00060.114990,-00020.000000
      Normal   +00000.000000,-00001.000000,+00000.000000
      TextureU -00001.000000,+00000.000000,+00000.000000
      TextureV +00000.000000,+00000.000000,-00001.000000
      Vertex   -00027.880188,-00060.114990,-00022.000000
      Vertex   -00026.416016,-00060.114990,-00020.535828
      Vertex   -00026.725403,-00060.114990,-00020.000000
      Vertex   -00031.344299,-00060.114990,-00020.000000
   End Polygon
   Begin Polygon Item=OUTSIDE Texture=Heli_LiftMetl_A Flags=1073741856 Link=6
      Origin   +00023.583984,-00060.114990,-00020.000000
      Normal   +00000.000000,-00001.000000,+00000.000000
      TextureU -00001.000000,+00000.000000,+00000.000000
      TextureV +00000.000000,+00000.000000,-00001.000000
      Vertex   -00028.416016,-00060.114990,-00024.000000
      Vertex   -00027.880188,-00060.114990,-00022.000000
      Vertex   -00031.344299,-00060.114990,-00020.000000
      Vertex   -00032.416016,-00060.114990,-00024.000000
   End Polygon
   Begin Polygon Item=OUTSIDE Texture=Heli_LiftMetl_A Flags=1073741856 Link=6
      Origin   +00023.583984,-00060.114990,-00020.000000
      Normal   +00000.000000,-00001.000000,+00000.000000
      TextureU -00001.000000,+00000.000000,+00000.000000
      TextureV +00000.000000,+00000.000000,-00001.000000
      Vertex   +00027.048157,-00060.114990,-00022.000000
      Vertex   +00027.583984,-00060.114990,-00024.000000
      Vertex   +00029.048035,-00060.114990,-00023.999878
      Vertex   +00031.583984,-00060.114990,-00024.000000
      Vertex   +00030.512268,-00060.114990,-00020.000000
   End Polygon
   Begin Polygon Item=OUTSIDE Texture=Heli_LiftMetl_A Flags=1073741856 Link=6
      Origin   +00023.583984,-00060.114990,-00020.000000
      Normal   +00000.000000,-00001.000000,+00000.000000
      TextureU -00001.000000,+00000.000000,+00000.000000
      TextureV +00000.000000,+00000.000000,-00001.000000
      Vertex   +00027.583984,-00060.114990,-00017.071716
      Vertex   +00025.583984,-00060.114990,-00020.535828
      Vertex   +00027.048157,-00060.114990,-00022.000000
      Vertex   +00030.512268,-00060.114990,-00020.000000
   End Polygon
   Begin Polygon Item=OUTSIDE Texture=Heli_LiftMetl_A Flags=1073741856 Link=6
      Origin   +00023.583984,-00060.114990,-00020.000000
      Normal   +00000.000000,-00001.000000,+00000.000000
      TextureU -00001.000000,+00000.000000,+00000.000000
      TextureV +00000.000000,+00000.000000,-00001.000000
      Vertex   +00023.583984,-00060.114990,-00020.000000
      Vertex   +00025.583984,-00060.114990,-00020.535828
      Vertex   +00025.893372,-00060.114990,-00020.000000
   End Polygon
   Begin Polygon Item=OUTSIDE Texture=Heli_LiftMetl_A Flags=1073741856 Link=6
      Origin   +00023.583984,-00060.114990,-00020.000000
      Normal   +00000.000000,-00001.000000,+00000.000000
      TextureU -00001.000000,+00000.000000,+00000.000000
      TextureV +00000.000000,+00000.000000,-00001.000000
      Vertex   +00031.583984,-00060.114990,-00024.000000
      Vertex   +00029.048035,-00060.114990,-00023.999878
      Vertex   +00027.583984,-00060.114990,-00024.000000
      Vertex   +00027.583984,-00060.114990,-00064.000000
      Vertex   +00031.583984,-00060.114990,-00064.000000
   End Polygon
   Begin Polygon Item=OUTSIDE Texture=Heli_LiftMetl_A Flags=1073741856 Link=6
      Origin   +00023.583984,-00060.114990,-00020.000000
      Normal   +00000.000000,-00001.000000,+00000.000000
      TextureU -00001.000000,+00000.000000,+00000.000000
      TextureV +00000.000000,+00000.000000,-00001.000000
      Vertex   -00028.416016,-00060.114990,-00024.000000
      Vertex   -00032.416016,-00060.114990,-00024.000000
      Vertex   -00032.416016,-00060.114990,-00064.000000
      Vertex   -00028.416016,-00060.114990,-00064.000000
   End Polygon
   Begin Polygon Item=2DLoftSIDE Texture=Heli_LiftMetl_A Flags=1073741856 Link=1
      Origin   -00028.416016,-00056.114990,-00024.000000
      Normal   +00000.000000,+00001.000000,+00000.000000
      TextureU +00000.000000,+00000.000000,+00001.000000
      TextureV +00001.000000,+00000.000000,+00000.000000
      Vertex   -00026.416016,-00056.114990,-00020.535828
      Vertex   -00027.880188,-00056.114990,-00022.000000
      Vertex   -00031.344299,-00056.114990,-00020.000000
      Vertex   -00028.416016,-00056.114990,-00017.071716
   End Polygon
   Begin Polygon Item=2DLoftSIDE Texture=Heli_LiftMetl_A Flags=1073741856 Link=1
      Origin   -00028.416016,-00056.114990,-00024.000000
      Normal   +00000.000000,+00001.000000,+00000.000000
      TextureU +00000.000000,+00000.000000,+00001.000000
      TextureV +00001.000000,+00000.000000,+00000.000000
      Vertex   -00024.416138,-00056.114990,-00020.000000
      Vertex   -00026.416016,-00056.114990,-00020.535828
      Vertex   -00028.416016,-00056.114990,-00017.071716
      Vertex   -00024.416138,-00056.114990,-00016.000000
   End Polygon
   Begin Polygon Item=2DLoftSIDE Texture=Heli_LiftMetl_A Flags=1073741856 Link=1
      Origin   -00028.416016,-00056.114990,-00024.000000
      Normal   +00000.000000,+00001.000000,+00000.000000
      TextureU +00000.000000,+00000.000000,+00001.000000
      TextureV +00001.000000,+00000.000000,+00000.000000
      Vertex   -00024.416138,-00056.114990,-00020.000000
      Vertex   -00024.416138,-00056.114990,-00016.000000
      Vertex   +00023.583984,-00056.114990,-00016.000000
      Vertex   +00027.583984,-00056.114990,-00017.071716
      Vertex   +00025.893372,-00056.114990,-00020.000000
   End Polygon
   Begin Polygon Item=2DLoftSIDE Texture=Heli_LiftMetl_A Flags=1073741856 Link=1
      Origin   -00028.416016,-00056.114990,-00024.000000
      Normal   +00000.000000,+00001.000000,+00000.000000
      TextureU +00000.000000,+00000.000000,+00001.000000
      TextureV +00001.000000,+00000.000000,+00000.000000
      Vertex   +00027.583984,-00056.114990,-00024.000000
      Vertex   +00027.048157,-00056.114990,-00022.000000
      Vertex   +00030.512268,-00056.114990,-00020.000000
      Vertex   +00031.583984,-00056.114990,-00024.000000
      Vertex   +00029.048035,-00056.114990,-00023.999878
   End Polygon
   Begin Polygon Item=2DLoftSIDE Texture=Heli_LiftMetl_A Flags=1073741856 Link=1
      Origin   -00028.416016,-00056.114990,-00024.000000
      Normal   +00000.000000,+00001.000000,+00000.000000
      TextureU +00000.000000,+00000.000000,+00001.000000
      TextureV +00001.000000,+00000.000000,+00000.000000
      Vertex   +00027.048157,-00056.114990,-00022.000000
      Vertex   +00025.583984,-00056.114990,-00020.535828
      Vertex   +00027.583984,-00056.114990,-00017.071716
      Vertex   +00030.512268,-00056.114990,-00020.000000
   End Polygon
   Begin Polygon Item=2DLoftSIDE Texture=Heli_LiftMetl_A Flags=1073741856 Link=1
      Origin   -00028.416016,-00056.114990,-00024.000000
      Normal   +00000.000000,+00001.000000,+00000.000000
      TextureU +00000.000000,+00000.000000,+00001.000000
      TextureV +00001.000000,+00000.000000,+00000.000000
      Vertex   +00025.583984,-00056.114990,-00020.535828
      Vertex   +00023.583984,-00056.114990,-00020.000000
      Vertex   +00025.893372,-00056.114990,-00020.000000
   End Polygon
   Begin Polygon Item=2DLoftSIDE Texture=Heli_LiftMetl_A Flags=1073741856 Link=1
      Origin   -00028.416016,-00056.114990,-00024.000000
      Normal   +00000.000000,+00001.000000,+00000.000000
      TextureU +00000.000000,+00000.000000,+00001.000000
      TextureV +00001.000000,+00000.000000,+00000.000000
      Vertex   +00027.583984,-00056.114990,-00028.000000
      Vertex   +00027.583984,-00056.114990,-00024.000000
      Vertex   +00029.048035,-00056.114990,-00023.999878
      Vertex   +00031.583984,-00056.114990,-00024.000000
      Vertex   +00031.583984,-00056.114990,-00028.000000
   End Polygon
   Begin Polygon Item=2DLoftSIDE Texture=Heli_LiftMetl_A Flags=1073741856 Link=1
      Origin   -00028.416016,-00056.114990,-00024.000000
      Normal   +00000.000000,+00001.000000,+00000.000000
      TextureU +00000.000000,+00000.000000,+00001.000000
      TextureV +00001.000000,+00000.000000,+00000.000000
      Vertex   -00032.416016,-00056.114990,-00028.000000
      Vertex   -00032.416016,-00056.114990,-00024.000000
      Vertex   -00028.416016,-00056.114990,-00024.000000
      Vertex   -00028.416016,-00056.114990,-00028.000000
   End Polygon
   Begin Polygon Item=2DLoftSIDE Texture=Heli_LiftMetl_A Flags=1073741856 Link=1
      Origin   -00028.416016,-00056.114990,-00024.000000
      Normal   +00000.000000,+00001.000000,+00000.000000
      TextureU +00000.000000,+00000.000000,+00001.000000
      TextureV +00001.000000,+00000.000000,+00000.000000
      Vertex   +00027.583984,-00056.114990,-00036.000000
      Vertex   +00031.583984,-00056.114990,-00036.000000
      Vertex   +00031.583984,-00056.114990,-00064.000000
      Vertex   +00027.583984,-00056.114990,-00064.000000
   End Polygon
   Begin Polygon Item=2DLoftSIDE Texture=Heli_LiftMetl_A Flags=1073741856 Link=1
      Origin   -00028.416016,-00056.114990,-00024.000000
      Normal   +00000.000000,+00001.000000,+00000.000000
      TextureU +00000.000000,+00000.000000,+00001.000000
      TextureV +00001.000000,+00000.000000,+00000.000000
      Vertex   -00032.416016,-00056.114990,-00036.000000
      Vertex   -00028.416016,-00056.114990,-00036.000000
      Vertex   -00028.416016,-00056.114990,-00064.000000
      Vertex   -00032.416016,-00056.114990,-00064.000000
   End Polygon
   Begin Polygon Item=OUTSIDE Texture=Heli_LiftMetl_A Flags=1073741856 Link=45
      Origin   +00031.583984,-00056.114990,-00036.000000
      Normal   +00000.000000,-00001.000000,+00000.000000
      TextureU -00001.000000,+00000.000000,+00000.000000
      TextureV +00000.000000,+00000.000000,-00001.000000
      Vertex   -00028.416016,-00056.114990,-00036.000000
      Vertex   +00027.583984,-00056.114990,-00036.000000
      Vertex   +00027.583984,-00056.114990,-00028.000000
      Vertex   -00028.416016,-00056.114990,-00028.000000
   End Polygon
   Begin Polygon Item=OUTSIDE Texture=cot01 Flags=1073741856 Link=46
      Origin   -00030.416016,-00054.114990,-00024.000000
      Normal   +00000.000000,+00000.000000,+00001.000000
      Pan      U=0 V=-147
      TextureU -00001.000000,+00000.000000,+00000.000000
      TextureV +00000.000000,-00001.000000,+00000.000000
      Vertex   +00029.583984,+00053.885010,-00024.000000
      Vertex   -00030.416016,+00053.885010,-00024.000000
      Vertex   -00030.416016,-00054.114990,-00024.000000
      Vertex   +00029.583984,-00054.114990,-00024.000000
   End Polygon
   Begin Polygon Item=2DLoftSIDE Texture=Heli_LiftMetl_A Flags=1073741856 Link=47
      Origin   -00028.416016,+00059.885010,-00024.000000
      Normal   +00000.000000,+00001.000000,+00000.000000
      TextureU +00000.000000,+00000.000000,+00001.000000
      TextureV +00001.000000,+00000.000000,+00000.000000
      Vertex   +00029.583984,+00059.885010,-00019.071716
      Vertex   +00030.512268,+00059.885010,-00020.000000
      Vertex   +00031.583984,+00059.885010,-00024.000000
      Vertex   +00031.583984,+00059.885010,-00064.000000
      Vertex   +00029.583984,+00059.885010,-00064.000000
   End Polygon
   Begin Polygon Item=2DLoftSIDE Texture=Heli_LiftMetl_A Flags=1073741856 Link=48
      Origin   -00032.416016,+00055.885010,-00024.000000
      Normal   +00000.000000,-00001.000000,+00000.000000
      TextureU +00000.000000,+00000.000000,+00001.000000
      TextureV -00001.000000,+00000.000000,+00000.000000
      Vertex   +00031.583984,+00055.885010,-00024.000000
      Vertex   +00030.512268,+00055.885010,-00020.000000
      Vertex   +00029.583984,+00055.885010,-00019.071716
      Vertex   +00029.583984,+00055.885010,-00028.000000
      Vertex   +00031.583984,+00055.885010,-00028.000000
   End Polygon
   Begin Polygon Item=OUTSIDE Texture=Heli_LiftMetl_A Flags=1073741856 Link=7
      Origin   -00024.416138,-00056.114990,-00020.000000
      Normal   +00000.000000,+00000.000000,-00001.000000
      TextureU +00000.000000,-00001.000000,+00000.000000
      TextureV -00001.000000,+00000.000000,+00000.000000
      Vertex   -00024.416138,+00059.885010,-00020.000000
      Vertex   +00023.583984,+00059.885010,-00020.000000
      Vertex   +00023.583984,+00055.885010,-00020.000000
      Vertex   -00024.416138,+00055.885010,-00020.000000
   End Polygon
   Begin Polygon Item=2DLoftSIDE Texture=Heli_LiftMetl_A Flags=1073741856 Link=10
      Origin   -00028.416016,-00060.114990,-00024.000000
      Normal   +00000.965934,+00000.000000,-00000.258787
      TextureU +00000.258815,+00000.000000,+00000.965927
      TextureV +00000.000000,-00001.000000,+00000.000000
      Vertex   -00028.416016,+00055.885010,-00024.000000
      Vertex   -00028.416016,+00059.885010,-00024.000000
      Vertex   -00027.880188,+00059.885010,-00022.000000
      Vertex   -00027.880188,+00055.885010,-00022.000000
   End Polygon
   Begin Polygon Item=2DLoftSIDE Texture=Heli_LiftMetl_A Flags=1073741856 Link=14
      Origin   +00025.583984,-00060.114990,-00020.535828
      Normal   -00000.707107,+00000.000000,-00000.707107
      TextureU +00000.707107,+00000.000000,-00000.707107
      TextureV +00000.000000,-00001.000000,+00000.000000
      Vertex   +00025.583984,+00055.885010,-00020.535828
      Vertex   +00025.583984,+00059.885010,-00020.535828
      Vertex   +00027.048157,+00059.885010,-00022.000000
      Vertex   +00027.048157,+00055.885010,-00022.000000
   End Polygon
   Begin Polygon Item=2DLoftSIDE Texture=Heli_LiftMetl_A Flags=1073741856 Link=11
      Origin   -00027.880188,-00060.114990,-00022.000000
      Normal   +00000.707107,+00000.000000,-00000.707107
      TextureU +00000.707107,+00000.000000,+00000.707107
      TextureV +00000.000000,-00001.000000,+00000.000000
      Vertex   -00027.880188,+00055.885010,-00022.000000
      Vertex   -00027.880188,+00059.885010,-00022.000000
      Vertex   -00026.416016,+00059.885010,-00020.535828
      Vertex   -00026.416016,+00055.885010,-00020.535828
   End Polygon
   Begin Polygon Item=2DLoftSIDE Texture=Heli_LiftMetl_A Flags=1073741856 Link=12
      Origin   -00026.416016,-00060.114990,-00020.535828
      Normal   +00000.258802,+00000.000000,-00000.965930
      TextureU +00000.965927,+00000.000000,+00000.258815
      TextureV +00000.000000,-00001.000000,+00000.000000
      Vertex   -00026.416016,+00055.885010,-00020.535828
      Vertex   -00026.416016,+00059.885010,-00020.535828
      Vertex   -00024.416138,+00059.885010,-00020.000000
      Vertex   -00024.416138,+00055.885010,-00020.000000
   End Polygon
   Begin Polygon Item=2DLoftSIDE Texture=Heli_LiftMetl_A Flags=1073741856 Link=15
      Origin   +00023.583984,-00060.114990,-00020.000000
      Normal   -00000.258787,+00000.000000,-00000.965934
      TextureU +00000.965934,+00000.000000,-00000.258787
      TextureV +00000.000000,-00001.000000,+00000.000000
      Vertex   +00023.583984,+00055.885010,-00020.000000
      Vertex   +00023.583984,+00059.885010,-00020.000000
      Vertex   +00025.583984,+00059.885010,-00020.535828
      Vertex   +00025.583984,+00055.885010,-00020.535828
   End Polygon
   Begin Polygon Item=2DLoftSIDE Texture=Heli_LiftMetl_A Flags=1073741856 Link=13
      Origin   +00027.048157,-00060.114990,-00022.000000
      Normal   -00000.965934,+00000.000000,-00000.258787
      TextureU +00000.258802,+00000.000000,-00000.965930
      TextureV +00000.000000,-00001.000000,+00000.000000
      Vertex   +00027.048157,+00055.885010,-00022.000000
      Vertex   +00027.048157,+00059.885010,-00022.000000
      Vertex   +00027.583984,+00059.885010,-00024.000000
      Vertex   +00027.583984,+00055.885010,-00024.000000
   End Polygon
   Begin Polygon Item=2DLoftSIDE Texture=Heli_LiftMetl_A Flags=1073741856 Link=19
      Origin   +00030.512268,-00056.114990,-00020.000000
      Normal   +00000.965927,+00000.000000,+00000.258815
      TextureU +00000.258802,+00000.000000,-00000.965930
      TextureV +00000.000000,+00001.000000,+00000.000000
      Vertex   +00031.583984,+00055.885010,-00024.000000
      Vertex   +00031.583984,+00059.885010,-00024.000000
      Vertex   +00030.512268,+00059.885010,-00020.000000
      Vertex   +00030.512268,+00055.885010,-00020.000000
   End Polygon
   Begin Polygon Item=2DLoftSIDE Texture=Heli_LiftMetl_A Flags=1073741856 Link=16
      Origin   -00032.416016,-00056.114990,-00024.000000
      Normal   -00000.965931,+00000.000000,+00000.258801
      TextureU +00000.258815,+00000.000000,+00000.965927
      TextureV +00000.000000,+00001.000000,+00000.000000
      Vertex   -00032.416016,+00059.885010,-00024.000000
      Vertex   -00032.416016,+00055.885010,-00024.000000
      Vertex   -00031.344299,+00055.885010,-00020.000000
      Vertex   -00031.344299,+00059.885010,-00020.000000
   End Polygon
   Begin Polygon Item=2DLoftSIDE Texture=Heli_LiftMetl_A Flags=1073741856 Link=26
      Origin   +00027.583984,-00056.114990,-00017.071716
      Normal   +00000.707107,+00000.000000,+00000.707107
      TextureU +00000.707107,+00000.000000,-00000.707107
      TextureV +00000.000000,+00001.000000,+00000.000000
      Vertex   +00030.512268,+00055.885010,-00020.000000
      Vertex   +00030.512268,+00059.885010,-00020.000000
      Vertex   +00027.583984,+00059.885010,-00017.071716
      Vertex   +00027.583984,+00055.885010,-00017.071716
   End Polygon
   Begin Polygon Item=2DLoftSIDE Texture=Heli_LiftMetl_A Flags=1073741856 Link=24
      Origin   -00031.344299,-00056.114990,-00020.000000
      Normal   -00000.707107,+00000.000000,+00000.707107
      TextureU +00000.707107,+00000.000000,+00000.707107
      TextureV +00000.000000,+00001.000000,+00000.000000
      Vertex   -00031.344299,+00059.885010,-00020.000000
      Vertex   -00031.344299,+00055.885010,-00020.000000
      Vertex   -00028.416016,+00055.885010,-00017.071716
      Vertex   -00028.416016,+00059.885010,-00017.071716
   End Polygon
   Begin Polygon Item=2DLoftSIDE Texture=Heli_LiftMetl_A Flags=1073741856 Link=25
      Origin   +00023.583984,-00056.114990,-00016.000000
      Normal   +00000.258815,+00000.000000,+00000.965927
      TextureU +00000.965934,+00000.000000,-00000.258787
      TextureV +00000.000000,+00001.000000,+00000.000000
      Vertex   +00023.583984,+00059.885010,-00016.000000
      Vertex   +00023.583984,+00055.885010,-00016.000000
      Vertex   +00027.583984,+00055.885010,-00017.071716
      Vertex   +00027.583984,+00059.885010,-00017.071716
   End Polygon
   Begin Polygon Item=OUTSIDE Texture=Heli_LiftMetl_A Flags=1073741856 Link=22
      Origin   -00024.416138,-00060.114990,-00016.000000
      Normal   +00000.000000,+00000.000000,+00001.000000
      TextureU +00000.000000,+00001.000000,+00000.000000
      TextureV -00001.000000,+00000.000000,+00000.000000
      Vertex   +00023.583984,+00055.885010,-00016.000000
      Vertex   +00023.583984,+00059.885010,-00016.000000
      Vertex   -00024.416138,+00059.885010,-00016.000000
      Vertex   -00024.416138,+00055.885010,-00016.000000
   End Polygon
   Begin Polygon Item=2DLoftSIDE Texture=Heli_LiftMetl_A Flags=1073741856 Link=23
      Origin   -00028.416016,-00056.114990,-00017.071716
      Normal   -00000.258808,+00000.000000,+00000.965929
      TextureU +00000.965927,+00000.000000,+00000.258815
      TextureV +00000.000000,+00001.000000,+00000.000000
      Vertex   -00024.416138,+00055.885010,-00016.000000
      Vertex   -00024.416138,+00059.885010,-00016.000000
      Vertex   -00028.416016,+00059.885010,-00017.071716
      Vertex   -00028.416016,+00055.885010,-00017.071716
   End Polygon
   Begin Polygon Item=2DLoftSIDE Texture=Heli_LiftMetl_A Flags=1073741856 Link=48
      Origin   -00032.416016,+00055.885010,-00024.000000
      Normal   +00000.000000,-00001.000000,+00000.000000
      TextureU +00000.000000,+00000.000000,+00001.000000
      TextureV -00001.000000,+00000.000000,+00000.000000
      Vertex   -00030.416016,+00055.885010,-00019.071716
      Vertex   -00031.344299,+00055.885010,-00020.000000
      Vertex   -00032.416016,+00055.885010,-00024.000000
      Vertex   -00032.416016,+00055.885010,-00028.000000
      Vertex   -00030.416016,+00055.885010,-00028.000000
   End Polygon
   Begin Polygon Item=2DLoftSIDE Texture=Heli_LiftMetl_A Flags=1073741856 Link=48
      Origin   -00032.416016,+00055.885010,-00024.000000
      Normal   +00000.000000,-00001.000000,+00000.000000
      TextureU +00000.000000,+00000.000000,+00001.000000
      TextureV -00001.000000,+00000.000000,+00000.000000
      Vertex   -00030.416016,+00055.885010,-00024.000000
      Vertex   -00028.416016,+00055.885010,-00024.000000
      Vertex   -00027.344360,+00055.885010,-00020.000000
      Vertex   -00030.416016,+00055.885010,-00020.000000
   End Polygon
   Begin Polygon Item=2DLoftSIDE Texture=Heli_LiftMetl_A Flags=1073741856 Link=48
      Origin   -00032.416016,+00055.885010,-00024.000000
      Normal   +00000.000000,-00001.000000,+00000.000000
      TextureU +00000.000000,+00000.000000,+00001.000000
      TextureV -00001.000000,+00000.000000,+00000.000000
      Vertex   +00023.583984,+00055.885010,-00016.000000
      Vertex   -00024.416138,+00055.885010,-00016.000000
      Vertex   -00028.416016,+00055.885010,-00017.071716
      Vertex   -00030.416016,+00055.885010,-00019.071716
      Vertex   -00030.416016,+00055.885010,-00020.000000
      Vertex   +00025.893372,+00055.885010,-00020.000000
      Vertex   +00027.583984,+00055.885010,-00017.071716
   End Polygon
   Begin Polygon Item=2DLoftSIDE Texture=Heli_LiftMetl_A Flags=1073741856 Link=48
      Origin   -00032.416016,+00055.885010,-00024.000000
      Normal   +00000.000000,-00001.000000,+00000.000000
      TextureU +00000.000000,+00000.000000,+00001.000000
      TextureV -00001.000000,+00000.000000,+00000.000000
      Vertex   -00026.416016,+00055.885010,-00020.535828
      Vertex   -00024.416138,+00055.885010,-00020.000000
      Vertex   -00026.725403,+00055.885010,-00020.000000
   End Polygon
   Begin Polygon Item=2DLoftSIDE Texture=Heli_LiftMetl_A Flags=1073741856 Link=48
      Origin   -00032.416016,+00055.885010,-00024.000000
      Normal   +00000.000000,-00001.000000,+00000.000000
      TextureU +00000.000000,+00000.000000,+00001.000000
      TextureV -00001.000000,+00000.000000,+00000.000000
      Vertex   -00027.344360,+00055.885010,-00020.000000
      Vertex   -00027.880188,+00055.885010,-00022.000000
      Vertex   -00026.416016,+00055.885010,-00020.535828
      Vertex   -00026.725403,+00055.885010,-00020.000000
   End Polygon
   Begin Polygon Item=2DLoftSIDE Texture=Heli_LiftMetl_A Flags=1073741856 Link=48
      Origin   -00032.416016,+00055.885010,-00024.000000
      Normal   +00000.000000,-00001.000000,+00000.000000
      TextureU +00000.000000,+00000.000000,+00001.000000
      TextureV -00001.000000,+00000.000000,+00000.000000
      Vertex   +00027.048157,+00055.885010,-00022.000000
      Vertex   +00027.583984,+00055.885010,-00024.000000
      Vertex   +00029.048035,+00055.885010,-00023.999878
      Vertex   +00029.583984,+00055.885010,-00024.000000
      Vertex   +00029.583984,+00055.885010,-00020.535950
   End Polygon
   Begin Polygon Item=2DLoftSIDE Texture=Heli_LiftMetl_A Flags=1073741856 Link=48
      Origin   -00032.416016,+00055.885010,-00024.000000
      Normal   +00000.000000,-00001.000000,+00000.000000
      TextureU +00000.000000,+00000.000000,+00001.000000
      TextureV -00001.000000,+00000.000000,+00000.000000
      Vertex   +00025.583984,+00055.885010,-00020.535828
      Vertex   +00027.048157,+00055.885010,-00022.000000
      Vertex   +00029.583984,+00055.885010,-00020.535950
      Vertex   +00029.583984,+00055.885010,-00019.071716
      Vertex   +00027.583984,+00055.885010,-00017.071716
   End Polygon
   Begin Polygon Item=2DLoftSIDE Texture=Heli_LiftMetl_A Flags=1073741856 Link=48
      Origin   -00032.416016,+00055.885010,-00024.000000
      Normal   +00000.000000,-00001.000000,+00000.000000
      TextureU +00000.000000,+00000.000000,+00001.000000
      TextureV -00001.000000,+00000.000000,+00000.000000
      Vertex   +00023.583984,+00055.885010,-00020.000000
      Vertex   +00025.583984,+00055.885010,-00020.535828
      Vertex   +00025.893372,+00055.885010,-00020.000000
   End Polygon
   Begin Polygon Item=2DLoftSIDE Texture=Heli_LiftMetl_A Flags=1073741856 Link=47
      Origin   -00028.416016,+00059.885010,-00024.000000
      Normal   +00000.000000,+00001.000000,+00000.000000
