Begin PolyList
   Begin Polygon Item=OUTSIDE Flags=-1073741824 Link=0
      Origin   -00048.000000,+00200.000000,-00025.000000
      Normal   +00000.000000,+00000.000000,-00001.000000
      TextureU +00000.000000,-00001.000000,+00000.000000
      TextureV -00001.000000,+00000.000000,+00000.000000
      Vertex   +00016.000122,+00070.000000,-00025.000000
      Vertex   +00016.000122,-00057.999878,-00025.000000
      Vertex   -00015.999634,-00057.999878,-00025.000000
      Vertex   -00015.999634,+00070.000000,-00025.000000
   End Polygon
   Begin Polygon Item=Top Texture=DevoBeigMarbl_A Flags=1083179040 Link=1
      Origin   -04782.759766,+21018.003906,+00019.000000
      Normal   +00000.000000,+00000.000000,+00001.000000
      TextureU -00000.917663,+00000.397360,-00000.000000
      TextureV -00000.397358,-00000.917664,+00000.000000
      Vertex   +00047.999817,-00045.446014,+00019.000000
      Vertex   +00047.999817,+00057.446411,+00019.000000
      Vertex   +00035.138245,+00146.554031,+00019.000000
      Vertex   +00012.861450,+00198.000046,+00019.000000
      Vertex   -00012.861572,+00198.000046,+00019.000000
      Vertex   -00035.138367,+00146.554031,+00019.000000
      Vertex   -00047.999817,+00057.446411,+00019.000000
      Vertex   -00047.999817,-00045.446014,+00019.000000
      Vertex   -00035.138367,-00134.553650,+00019.000000
      Vertex   -00012.861572,-00186.000061,+00019.000000
      Vertex   +00012.861450,-00186.000061,+00019.000000
      Vertex   +00035.138245,-00134.553650,+00019.000000
   End Polygon
   Begin Polygon Item=Base Texture=DevoBeigMarbl_A Flags=1082130464 Link=2
      Origin   -04782.759766,+21018.003906,+00015.000000
      Normal   +00000.000000,+00000.000000,-00001.000000
      TextureU +00000.917663,+00000.397360,+00000.000000
      TextureV +00000.397360,-00000.917663,+00000.000000
      Vertex   -00047.999878,-00045.446762,+00015.000000
      Vertex   -00047.999756,+00057.446808,+00015.000000
      Vertex   -00035.138733,+00146.553131,+00015.000000
      Vertex   -00012.861816,+00198.000061,+00015.000000
      Vertex   +00012.861389,+00198.000122,+00015.000000
      Vertex   +00035.138367,+00146.553314,+00015.000000
      Vertex   +00047.999817,+00057.446823,+00015.000000
      Vertex   +00047.999695,-00045.446747,+00015.000000
      Vertex   +00035.138367,-00134.553375,+00015.000000
      Vertex   +00012.861450,-00186.000061,+00015.000000
      Vertex   -00012.861572,-00186.000122,+00015.000000
      Vertex   -00035.138428,-00134.553192,+00015.000000
   End Polygon
   Begin Polygon Item=OUTSIDE Texture=un_woodfloor_a Flags=1082654752 Link=3
      Origin   +00016.000122,+00070.000000,-00265.000000
      Normal   +00001.000000,+00000.000000,+00000.000000
      TextureU -00000.000000,+00001.000000,+00000.000000
      TextureV +00000.000000,+00000.000000,-00001.000000
      Vertex   +00016.000122,+00070.000000,-00025.000000
      Vertex   +00016.000122,+00070.000000,+00015.000000
      Vertex   +00016.000122,-00057.999863,+00015.000000
      Vertex   +00016.000122,-00057.999863,-00025.000000
   End Polygon
   Begin Polygon Item=OUTSIDE Texture=un_woodfloor_a Flags=1082654752 Link=4
      Origin   -00015.999634,-00057.999878,-00265.000000
      Normal   -00001.000000,-00000.000000,+00000.000000
      TextureU +00000.000000,-00001.000000,+00000.000000
      TextureV +00000.000000,+00000.000000,-00001.000000
      Vertex   -00015.999634,-00057.999863,-00025.000000
      Vertex   -00015.999634,-00057.999863,+00015.000000
      Vertex   -00015.999634,+00070.000000,+00015.000000
      Vertex   -00015.999634,+00070.000000,-00025.000000
   End Polygon
   Begin Polygon Item=OUTSIDE Texture=un_woodfloor_a Flags=1082654752 Link=5
      Origin   +00016.000000,-00057.999878,-00265.000000
      Normal   +00000.000000,-00001.000000,+00000.000000
      TextureU +00001.000000,+00000.000000,+00000.000000
      TextureV +00000.000000,+00000.000000,-00001.000000
      Vertex   +00016.000122,-00057.999863,-00025.000000
      Vertex   +00016.000122,-00057.999863,+00015.000000
      Vertex   -00015.999634,-00057.999863,+00015.000000
      Vertex   -00015.999634,-00057.999863,-00025.000000
   End Polygon
   Begin Polygon Item=OUTSIDE Texture=un_woodfloor_a Flags=1082654752 Link=6
      Origin   -00015.999512,+00070.000000,-00265.000000
      Normal   -00000.000000,+00001.000000,+00000.000000
      TextureU -00001.000000,-00000.000000,+00000.000000
      TextureV +00000.000000,+00000.000000,-00001.000000
      Vertex   -00015.999634,+00070.000000,-00025.000000
      Vertex   -00015.999634,+00070.000000,+00015.000000
      Vertex   +00016.000122,+00070.000000,+00015.000000
      Vertex   +00016.000122,+00070.000000,-00025.000000
   End Polygon
   Begin Polygon Item=Outer Texture=DevoBeigMarbl_A Flags=1082130464 Link=7
      Origin   +00047.999695,-00045.446747,+00015.000000
      Normal   +00000.989743,-00000.142857,+00000.000000
      TextureU -00000.142857,-00000.989743,+00000.000000
      TextureV +00000.000000,+00000.000000,-00001.000000
      Vertex   +00047.999695,-00045.446747,+00015.000000
      Vertex   +00047.999817,-00045.446014,+00019.000000
      Vertex   +00035.138245,-00134.553650,+00019.000000
      Vertex   +00035.138367,-00134.553375,+00015.000000
   End Polygon
   Begin Polygon Item=Outer Texture=DevoBeigMarbl_A Flags=1082130464 Link=8
      Origin   +00047.999817,+00057.446823,+00015.000000
      Normal   +00001.000000,+00000.000000,+00000.000000
      TextureU +00000.000000,-00001.000000,+00000.000000
      TextureV +00000.000000,+00000.000000,-00001.000000
      Vertex   +00047.999817,+00057.446823,+00015.000000
      Vertex   +00047.999817,+00057.446411,+00019.000000
      Vertex   +00047.999817,-00045.446014,+00019.000000
      Vertex   +00047.999695,-00045.446747,+00015.000000
   End Polygon
   Begin Polygon Item=Outer Texture=DevoBeigMarbl_A Flags=1082130464 Link=9
      Origin   +00035.138367,+00146.553314,+00015.000000
      Normal   +00000.989743,+00000.142857,+00000.000000
      TextureU +00000.142857,-00000.989743,+00000.000000
      TextureV +00000.000000,+00000.000000,-00001.000000
      Vertex   +00035.138367,+00146.553314,+00015.000000
      Vertex   +00035.138245,+00146.554031,+00019.000000
      Vertex   +00047.999817,+00057.446411,+00019.000000
      Vertex   +00047.999817,+00057.446823,+00015.000000
   End Polygon
   Begin Polygon Item=Outer Texture=DevoBeigMarbl_A Flags=1082130464 Link=10
      Origin   +00012.861389,+00198.000122,+00015.000000
      Normal   +00000.917663,+00000.397360,+00000.000000
      TextureU +00000.397360,-00000.917663,+00000.000000
      TextureV +00000.000000,+00000.000000,-00001.000000
      Vertex   +00012.861389,+00198.000122,+00015.000000
      Vertex   +00012.861450,+00198.000046,+00019.000000
      Vertex   +00035.138245,+00146.554031,+00019.000000
      Vertex   +00035.138367,+00146.553314,+00015.000000
   End Polygon
   Begin Polygon Item=Outer Texture=DevoBeigMarbl_A Flags=1082130464 Link=11
      Origin   -00012.861816,+00198.000061,+00015.000000
      Normal   -00000.000000,+00001.000000,+00000.000000
      TextureU +00001.000000,+00000.000000,+00000.000000
      TextureV +00000.000000,+00000.000000,-00001.000000
      Vertex   -00012.861816,+00198.000061,+00015.000000
      Vertex   -00012.861572,+00198.000046,+00019.000000
      Vertex   +00012.861450,+00198.000046,+00019.000000
      Vertex   +00012.861389,+00198.000122,+00015.000000
   End Polygon
   Begin Polygon Item=Outer Texture=DevoBeigMarbl_A Flags=1082130464 Link=12
      Origin   -00035.138733,+00146.553131,+00015.000000
      Normal   -00000.917663,+00000.397360,-00000.000000
      TextureU +00000.397360,+00000.917663,+00000.000000
      TextureV +00000.000000,+00000.000000,-00001.000000
      Vertex   -00035.138733,+00146.553131,+00015.000000
      Vertex   -00035.138367,+00146.554031,+00019.000000
      Vertex   -00012.861572,+00198.000046,+00019.000000
      Vertex   -00012.861816,+00198.000061,+00015.000000
   End Polygon
   Begin Polygon Item=Outer Texture=DevoBeigMarbl_A Flags=1082130464 Link=13
      Origin   -00047.999756,+00057.446808,+00015.000000
      Normal   -00000.989744,+00000.142856,+00000.000000
      TextureU +00000.142856,+00000.989744,+00000.000000
      TextureV +00000.000000,+00000.000000,-00001.000000
      Vertex   -00047.999756,+00057.446808,+00015.000000
      Vertex   -00047.999817,+00057.446411,+00019.000000
      Vertex   -00035.138367,+00146.554031,+00019.000000
      Vertex   -00035.138733,+00146.553131,+00015.000000
   End Polygon
   Begin Polygon Item=Outer Texture=DevoBeigMarbl_A Flags=1082130464 Link=14
      Origin   -00047.999878,-00045.446762,+00015.000000
      Normal   -00001.000000,-00000.000000,+00000.000000
      TextureU -00000.000000,+00001.000000,+00000.000000
      TextureV +00000.000000,+00000.000000,-00001.000000
      Vertex   -00047.999878,-00045.446762,+00015.000000
      Vertex   -00047.999817,-00045.446014,+00019.000000
      Vertex   -00047.999817,+00057.446411,+00019.000000
      Vertex   -00047.999756,+00057.446808,+00015.000000
   End Polygon
   Begin Polygon Item=Outer Texture=DevoBeigMarbl_A Flags=1082130464 Link=15
      Origin   -00035.138428,-00134.553192,+00015.000000
      Normal   -00000.989744,-00000.142856,-00000.000000
      TextureU -00000.142856,+00000.989744,+00000.000000
      TextureV +00000.000000,+00000.000000,-00001.000000
      Vertex   -00047.999817,-00045.446014,+00019.000000
      Vertex   -00047.999878,-00045.446762,+00015.000000
      Vertex   -00035.138428,-00134.553192,+00015.000000
      Vertex   -00035.138367,-00134.553650,+00019.000000
   End Polygon
   Begin Polygon Item=Outer Texture=DevoBeigMarbl_A Flags=1082130464 Link=16
      Origin   +00035.138367,-00134.553375,+00015.000000
      Normal   +00000.917664,-00000.397358,+00000.000000
      TextureU -00000.397358,-00000.917664,+00000.000000
      TextureV +00000.000000,+00000.000000,-00001.000000
      Vertex   +00035.138367,-00134.553375,+00015.000000
      Vertex   +00035.138245,-00134.553650,+00019.000000
      Vertex   +00012.861450,-00186.000061,+00019.000000
      Vertex   +00012.861450,-00186.000061,+00015.000000
   End Polygon
   Begin Polygon Item=Outer Texture=DevoBeigMarbl_A Flags=1082130464 Link=17
      Origin   -00012.861572,-00186.000122,+00015.000000
      Normal   -00000.917664,-00000.397358,+00000.000000
      TextureU -00000.397358,+00000.917664,+00000.000000
      TextureV +00000.000000,+00000.000000,-00001.000000
      Vertex   -00035.138367,-00134.553650,+00019.000000
      Vertex   -00035.138428,-00134.553192,+00015.000000
      Vertex   -00012.861572,-00186.000122,+00015.000000
      Vertex   -00012.861572,-00186.000061,+00019.000000
   End Polygon
   Begin Polygon Item=Outer Texture=DevoBeigMarbl_A Flags=1082130464 Link=18
      Origin   +00012.861450,-00186.000061,+00015.000000
      Normal   +00000.000000,-00001.000000,+00000.000000
      TextureU -00001.000000,-00000.000000,+00000.000000
      TextureV +00000.000000,+00000.000000,-00001.000000
      Vertex   +00012.861450,-00186.000061,+00015.000000
      Vertex   +00012.861450,-00186.000061,+00019.000000
      Vertex   -00012.861572,-00186.000061,+00019.000000
      Vertex   -00012.861572,-00186.000122,+00015.000000
   End Polygon
End PolyList
