Begin PolyList
   Begin Polygon Item=OUTSIDE Texture=un_woodfloor_b Flags=1082130432 Link=0
      Origin   -00288.000000,+00096.000000,-00020.000000
      Normal   +00000.000000,+00000.000000,+00001.000000
      TextureU +00001.000000,+00000.000000,+00000.000000
      TextureV +00000.000000,+00001.000000,+00000.000000
      Vertex   -00055.999985,+00032.000000,-00020.000000
      Vertex   -00064.000000,+00032.000000,-00020.000000
      Vertex   -00064.000000,-00032.000000,-00020.000000
      Vertex   -00056.000000,-00032.000031,-00020.000000
   End Polygon
   Begin Polygon Item=OUTSIDE Texture=BeneBeigMarbl_A Flags=1082130464 Link=1
      Origin   +00091.999939,+03232.000000,-00018.000000
      Normal   +00000.000000,+00000.000000,-00001.000000
      TextureU -00001.000000,+00000.000000,+00000.000000
      TextureV +00000.000000,+00001.000000,+00000.000000
      Vertex   -00068.000061,-00035.999878,-00018.000000
      Vertex   -00068.000061,+00036.000122,-00018.000000
      Vertex   +00067.999939,+00036.000122,-00018.000000
      Vertex   +00067.999939,-00035.999878,-00018.000000
   End Polygon
   Begin Polygon Item=OUTSIDE Texture=BeneBeigMarbl_A Flags=1082130464 Link=2
      Origin   +00067.999969,-00071.199966,-00000.399994
      Normal   +00000.000000,-00000.447214,-00000.894427
      TextureU -00000.745356,-00000.596285,+00000.298142
      TextureV -00000.666667,+00000.666667,-00000.333333
      Vertex   -00068.000061,-00035.999878,-00018.000000
      Vertex   -00064.000000,-00032.000000,-00020.000000
      Vertex   +00064.000000,-00032.000000,-00020.000000
      Vertex   +00067.999939,-00035.999878,-00018.000000
   End Polygon
   Begin Polygon Item=OUTSIDE Texture=BeneBeigMarbl_A Flags=1082130464 Link=3
      Origin   -00060.000031,+00032.800030,-00019.600006
      Normal   +00000.000000,+00000.447214,-00000.894427
      TextureU +00000.745356,+00000.596285,+00000.298142
      TextureV +00000.666667,-00000.666667,-00000.333333
      Vertex   -00064.000000,+00032.000000,-00020.000000
      Vertex   -00068.000061,+00036.000122,-00018.000000
      Vertex   +00067.999939,+00036.000122,-00018.000000
      Vertex   +00064.000000,+00032.000000,-00020.000000
   End Polygon
   Begin Polygon Item=OUTSIDE Texture=BeneBeigMarbl_A Flags=1082130464 Link=4
      Origin   -00055.200027,-00087.999969,-00024.399994
      Normal   -00000.447214,+00000.000000,-00000.894427
      TextureU -00000.596285,+00000.745356,+00000.298142
      TextureV +00000.666667,+00000.666667,-00000.333333
      Vertex   -00064.000000,-00032.000000,-00020.000000
      Vertex   -00068.000061,-00035.999878,-00018.000000
      Vertex   -00068.000061,+00036.000122,-00018.000000
      Vertex   -00064.000000,+00032.000000,-00020.000000
   End Polygon
   Begin Polygon Item=OUTSIDE Texture=BeneBeigMarbl_A Flags=1082654752 Link=5
      Origin   +00091.999939,+03232.000000,-00016.000000
      Normal   +00000.000000,+00000.000000,+00001.000000
      TextureU +00001.000000,+00000.000000,+00000.000000
      TextureV +00000.000000,+00001.000000,+00000.000000
      Vertex   -00068.000061,+00036.000122,-00016.000000
      Vertex   -00068.000061,-00035.999878,-00016.000000
      Vertex   +00067.999939,-00035.999878,-00016.000000
      Vertex   +00067.999939,+00036.000122,-00016.000000
   End Polygon
   Begin Polygon Item=OUTSIDE Texture=BeneBeigMarbl_A Flags=1082130464 Link=6
      Origin   -00068.000061,-00035.999878,-00302.000000
      Normal   -00001.000000,+00000.000000,+00000.000000
      TextureU +00000.000000,+00001.000000,+00000.000000
      TextureV +00000.000000,+00000.000000,-00001.000000
      Vertex   -00068.000061,-00035.999878,-00018.000000
      Vertex   -00068.000061,-00035.999878,-00016.000000
      Vertex   -00068.000061,+00036.000122,-00016.000000
      Vertex   -00068.000061,+00036.000122,-00018.000000
   End Polygon
   Begin Polygon Item=OUTSIDE Texture=BeneBeigMarbl_A Flags=1082130464 Link=7
      Origin   +00079.999939,-00035.999878,-00302.000000
      Normal   +00000.000000,-00001.000000,+00000.000000
      TextureU -00001.000000,+00000.000000,+00000.000000
      TextureV +00000.000000,+00000.000000,-00001.000000
      Vertex   -00068.000061,-00035.999878,-00016.000000
      Vertex   -00068.000061,-00035.999878,-00018.000000
      Vertex   +00067.999939,-00035.999878,-00018.000000
      Vertex   +00067.999939,-00035.999878,-00016.000000
   End Polygon
   Begin Polygon Item=OUTSIDE Texture=BeneBeigMarbl_A Flags=1082130464 Link=8
      Origin   -00072.000061,+00036.000122,-00302.000000
      Normal   +00000.000000,+00001.000000,+00000.000000
      TextureU +00001.000000,+00000.000000,+00000.000000
      TextureV +00000.000000,+00000.000000,-00001.000000
      Vertex   -00068.000061,+00036.000122,-00018.000000
      Vertex   -00068.000061,+00036.000122,-00016.000000
      Vertex   +00067.999939,+00036.000122,-00016.000000
      Vertex   +00067.999939,+00036.000122,-00018.000000
   End Polygon
   Begin Polygon Item=OUTSIDE Texture=un_woodfloor_b Flags=1082130432 Link=9
      Origin   +00064.000000,-00032.000000,-00304.000000
      Normal   +00000.000000,-00001.000000,+00000.000000
      TextureU +00001.000000,+00000.000000,+00000.000000
      TextureV +00000.000000,+00000.000000,-00001.000000
      Vertex   -00040.000000,-00032.000031,-00062.000000
      Vertex   -00056.000000,-00032.000031,-00020.000000
      Vertex   -00064.000000,-00032.000000,-00020.000000
      Vertex   -00048.000000,-00032.000000,-00062.000000
   End Polygon
   Begin Polygon Item=OUTSIDE Texture=un_woodfloor_b Flags=1082654720 Link=10
      Origin   +00044.190491,+00096.000000,-00304.000000
      Normal   -00000.934488,+00000.000000,-00000.355995
      TextureU +00000.000000,-00001.000000,+00000.000000
      TextureV +00000.355995,+00000.000000,-00000.934488
      Vertex   -00048.000000,-00032.000000,-00062.000000
      Vertex   -00064.000000,-00032.000000,-00020.000000
      Vertex   -00064.000000,+00032.000000,-00020.000000
      Vertex   -00048.000000,+00032.000000,-00062.000000
   End Polygon
   Begin Polygon Item=OUTSIDE Texture=un_woodfloor_b Flags=1082130432 Link=11
      Origin   -00288.000000,+00096.000000,-00062.000000
      Normal   +00000.000000,+00000.000000,-00001.000000
      TextureU +00001.000000,+00000.000000,+00000.000000
      TextureV +00000.000000,+00001.000000,+00000.000000
      Vertex   -00039.999985,+00032.000000,-00062.000000
      Vertex   -00040.000000,-00032.000031,-00062.000000
      Vertex   -00048.000000,-00032.000000,-00062.000000
      Vertex   -00048.000000,+00032.000000,-00062.000000
   End Polygon
   Begin Polygon Item=OUTSIDE Texture=un_woodfloor_b Flags=1082130432 Link=12
      Origin   -00056.000000,+00016.000000,-00304.000000
      Normal   +00000.000000,-00001.000000,+00000.000000
      TextureU +00001.000000,+00000.000000,+00000.000000
      TextureV +00000.000000,+00000.000000,-00001.000000
      Vertex   -00056.000000,+00015.999969,-00020.000000
      Vertex   -00040.000000,+00015.999969,-00062.000000
      Vertex   +00040.000000,+00015.999969,-00062.000000
      Vertex   +00056.000000,+00015.999969,-00020.000000
   End Polygon
   Begin Polygon Item=OUTSIDE Texture=un_woodfloor_b Flags=1082130432 Link=13
      Origin   +00052.190491,+00096.000000,-00304.000000
      Normal   +00000.934488,+00000.000000,+00000.355995
      TextureU +00000.000000,+00001.000000,+00000.000000
      TextureV +00000.355995,+00000.000000,-00000.934488
      Vertex   -00040.000000,+00015.999969,-00062.000000
      Vertex   -00056.000000,+00015.999969,-00020.000000
      Vertex   -00056.000000,-00032.000031,-00020.000000
      Vertex   -00040.000000,-00032.000031,-00062.000000
   End Polygon
   Begin Polygon Item=OUTSIDE Texture=un_woodfloor_b Flags=1082654720 Link=14
      Origin   -00064.000000,+00032.000000,-00304.000000
      Normal   +00000.000000,+00001.000000,+00000.000000
      TextureU -00001.000000,+00000.000000,+00000.000000
      TextureV +00000.000000,+00000.000000,-00001.000000
      Vertex   -00048.000000,+00032.000000,-00062.000000
      Vertex   -00064.000000,+00032.000000,-00020.000000
      Vertex   +00064.000000,+00032.000000,-00020.000000
      Vertex   +00048.000000,+00032.000000,-00062.000000
   End Polygon
   Begin Polygon Item=OUTSIDE Texture=un_woodfloor_b Flags=1082130432 Link=11
      Origin   -00288.000000,+00096.000000,-00062.000000
      Normal   +00000.000000,+00000.000000,-00001.000000
      TextureU +00001.000000,+00000.000000,+00000.000000
      TextureV +00000.000000,+00001.000000,+00000.000000
      Vertex   -00040.000000,+00015.999969,-00062.000000
      Vertex   -00039.999985,+00032.000000,-00062.000000
      Vertex   +00040.000000,+00032.000000,-00062.000000
      Vertex   +00040.000000,+00015.999969,-00062.000000
   End Polygon
   Begin Polygon Item=OUTSIDE Texture=un_woodfloor_b Flags=1082130432 Link=0
      Origin   -00288.000000,+00096.000000,-00020.000000
      Normal   +00000.000000,+00000.000000,+00001.000000
      TextureU +00001.000000,+00000.000000,+00000.000000
      TextureV +00000.000000,+00001.000000,+00000.000000
      Vertex   -00055.999985,+00032.000000,-00020.000000
      Vertex   -00056.000000,+00015.999969,-00020.000000
      Vertex   +00056.000000,+00015.999969,-00020.000000
      Vertex   +00056.000000,+00032.000000,-00020.000000
   End Polygon
   Begin Polygon Item=OUTSIDE Texture=BeneBeigMarbl_A Flags=1082130464 Link=17
      Origin   +00067.999969,-00087.999969,-00020.000000
      Normal   +00000.000000,+00000.000000,-00001.000000
      TextureU +00000.000000,+00001.000000,+00000.000000
      TextureV +00001.000000,+00000.000000,+00000.000000
      Vertex   -00056.000000,-00032.000031,-00020.000000
      Vertex   -00056.000000,+00015.999969,-00020.000000
      Vertex   +00056.000000,+00015.999969,-00020.000000
      Vertex   +00056.000000,-00032.000031,-00020.000000
   End Polygon
   Begin Polygon Item=OUTSIDE Texture=un_woodfloor_b Flags=1082130432 Link=0
      Origin   -00288.000000,+00096.000000,-00020.000000
      Normal   +00000.000000,+00000.000000,+00001.000000
      TextureU +00001.000000,+00000.000000,+00000.000000
      TextureV +00000.000000,+00001.000000,+00000.000000
      Vertex   +00056.000000,+00032.000000,-00020.000000
      Vertex   +00056.000000,-00032.000031,-00020.000000
      Vertex   +00064.000000,-00032.000000,-00020.000000
      Vertex   +00064.000000,+00032.000000,-00020.000000
   End Polygon
   Begin Polygon Item=OUTSIDE Texture=BeneBeigMarbl_A Flags=1082130464 Link=19
      Origin   +00061.599976,+00040.000031,-00021.200012
      Normal   +00000.447214,+00000.000000,-00000.894427
      TextureU +00000.596285,-00000.745356,+00000.298142
      TextureV -00000.666667,-00000.666667,-00000.333333
      Vertex   +00064.000000,+00032.000000,-00020.000000
      Vertex   +00067.999939,+00036.000122,-00018.000000
      Vertex   +00067.999939,-00035.999878,-00018.000000
      Vertex   +00064.000000,-00032.000000,-00020.000000
   End Polygon
   Begin Polygon Item=OUTSIDE Texture=BeneBeigMarbl_A Flags=1082130464 Link=20
      Origin   +00067.999939,+00044.000122,-00302.000000
      Normal   +00001.000000,+00000.000000,+00000.000000
      TextureU +00000.000000,-00001.000000,+00000.000000
      TextureV +00000.000000,+00000.000000,-00001.000000
      Vertex   +00067.999939,+00036.000122,-00018.000000
      Vertex   +00067.999939,+00036.000122,-00016.000000
      Vertex   +00067.999939,-00035.999878,-00016.000000
      Vertex   +00067.999939,-00035.999878,-00018.000000
   End Polygon
   Begin Polygon Item=OUTSIDE Texture=un_woodfloor_b Flags=1082130432 Link=11
      Origin   -00288.000000,+00096.000000,-00062.000000
      Normal   +00000.000000,+00000.000000,-00001.000000
      TextureU +00001.000000,+00000.000000,+00000.000000
      TextureV +00000.000000,+00001.000000,+00000.000000
      Vertex   +00040.000000,+00032.000000,-00062.000000
      Vertex   +00048.000000,+00032.000000,-00062.000000
      Vertex   +00048.000000,-00032.000000,-00062.000000
      Vertex   +00040.000000,-00032.000031,-00062.000000
   End Polygon
   Begin Polygon Item=OUTSIDE Texture=un_woodfloor_b Flags=1082130432 Link=9
      Origin   +00064.000000,-00032.000000,-00304.000000
      Normal   +00000.000000,-00001.000000,+00000.000000
      TextureU +00001.000000,+00000.000000,+00000.000000
      TextureV +00000.000000,+00000.000000,-00001.000000
      Vertex   +00040.000000,-00032.000031,-00062.000000
      Vertex   +00048.000000,-00032.000000,-00062.000000
      Vertex   +00064.000000,-00032.000000,-00020.000000
      Vertex   +00056.000000,-00032.000031,-00020.000000
   End Polygon
   Begin Polygon Item=OUTSIDE Texture=un_woodfloor_b Flags=1082654720 Link=23
      Origin   -00044.190475,+00096.000000,-00304.000000
      Normal   +00000.934488,+00000.000000,-00000.355995
      TextureU +00000.000000,+00001.000000,+00000.000000
      TextureV -00000.355995,+00000.000000,-00000.934488
      Vertex   +00048.000000,+00032.000000,-00062.000000
      Vertex   +00064.000000,+00032.000000,-00020.000000
      Vertex   +00064.000000,-00032.000000,-00020.000000
      Vertex   +00048.000000,-00032.000000,-00062.000000
   End Polygon
   Begin Polygon Item=OUTSIDE Texture=un_woodfloor_b Flags=1082130432 Link=24
      Origin   -00052.190475,+00096.000000,-00304.000000
      Normal   -00000.934488,+00000.000000,+00000.355995
      TextureU +00000.000000,-00001.000000,+00000.000000
      TextureV -00000.355995,+00000.000000,-00000.934488
      Vertex   +00040.000000,-00032.000031,-00062.000000
      Vertex   +00056.000000,-00032.000031,-00020.000000
      Vertex   +00056.000000,+00015.999969,-00020.000000
      Vertex   +00040.000000,+00015.999969,-00062.000000
   End Polygon
End PolyList
