Begin PolyList
   Begin Polygon Item=OUTSIDE Flags=-1073741824 Link=0
      Origin   -00064.000000,+00070.000000,-00032.000000
      Normal   +00000.000000,+00000.000000,-00001.000000
      TextureU +00000.000000,-00001.000000,+00000.000000
      TextureV -00001.000000,+00000.000000,+00000.000000
      Vertex   +00064.000000,+00058.000000,-00032.000000
      Vertex   +00064.000000,-00070.000000,-00032.000000
      Vertex   +00000.000000,-00070.000000,-00032.000000
      Vertex   -00000.000000,+00058.000000,-00032.000000
   End Polygon
   Begin Polygon Item=OUTSIDE Flags=-1073741824 Link=1
      Origin   +00064.000000,-00070.000000,-00032.000000
      Normal   +00000.000000,-00001.000000,+00000.000000
      TextureU -00001.000000,+00000.000000,+00000.000000
      TextureV +00000.000000,+00000.000000,-00001.000000
      Vertex   +00064.000000,-00070.000000,+00024.000000
      Vertex   -00000.655518,-00070.000000,+00024.000000
      Vertex   +00037.208130,-00070.000000,-00032.000000
      Vertex   +00064.000000,-00070.000000,-00032.000000
   End Polygon
   Begin Polygon Item=OUTSIDE Flags=-1073741824 Link=1
      Origin   +00064.000000,-00070.000000,-00032.000000
      Normal   +00000.000000,-00001.000000,+00000.000000
      TextureU -00001.000000,+00000.000000,+00000.000000
      TextureV +00000.000000,+00000.000000,-00001.000000
      Vertex   +00000.000000,-00070.000000,-00032.000000
      Vertex   +00037.208130,-00070.000000,-00032.000000
      Vertex   +00004.753540,-00070.000000,+00016.000000
      Vertex   +00000.000000,-00070.000000,+00016.000000
   End Polygon
   Begin Polygon Item=OUTSIDE Flags=-1073741824 Link=1
      Origin   +00064.000000,-00070.000000,-00032.000000
      Normal   +00000.000000,-00001.000000,+00000.000000
      TextureU -00001.000000,+00000.000000,+00000.000000
      TextureV +00000.000000,+00000.000000,-00001.000000
      Vertex   -00008.000000,-00070.000000,+00016.000000
      Vertex   +00004.753540,-00070.000000,+00016.000000
      Vertex   -00000.655518,-00070.000000,+00024.000000
      Vertex   -00008.000000,-00070.000000,+00024.000000
   End Polygon
   Begin Polygon Item=OUTSIDE Flags=-1073741824 Link=4
      Origin   +00064.000000,+00070.000000,-00032.000000
      Normal   +00001.000000,+00000.000000,+00000.000000
      TextureU +00000.000000,-00001.000000,+00000.000000
      TextureV +00000.000000,+00000.000000,-00001.000000
      Vertex   +00064.000000,+00058.000000,+00024.000000
      Vertex   +00064.000000,+00058.000000,+00016.000000
      Vertex   +00064.000000,+00066.000000,+00016.000000
      Vertex   +00064.000000,+00066.000000,+00024.000000
   End Polygon
   Begin Polygon Item=OUTSIDE Flags=-1073741824 Link=4
      Origin   +00064.000000,+00070.000000,-00032.000000
      Normal   +00001.000000,+00000.000000,+00000.000000
      TextureU +00000.000000,-00001.000000,+00000.000000
      TextureV +00000.000000,+00000.000000,-00001.000000
      Vertex   +00064.000000,+00058.000000,+00024.000000
      Vertex   +00064.000000,-00070.000000,+00024.000000
      Vertex   +00064.000000,-00070.000000,-00032.000000
      Vertex   +00064.000000,+00058.000000,-00032.000000
   End Polygon
   Begin Polygon Item=OUTSIDE Texture=graycncrtwall_a Flags=1074266112 Link=6
      Origin   -00000.000000,+00058.000000,-00448.000000
      Normal   -00000.000000,+00001.000000,+00000.000000
      Pan      U=0 V=-96
      TextureU -00001.000000,-00000.000000,+00000.000000
      TextureV +00000.000000,+00000.000000,-00001.000000
      Vertex   -00000.000000,+00058.000000,-00032.000000
      Vertex   -00000.000000,+00058.000000,+00016.000000
      Vertex   +00064.000000,+00058.000000,+00016.000000
      Vertex   +00064.000000,+00058.000000,-00032.000000
   End Polygon
   Begin Polygon Item=OUTSIDE Texture=tanwall Flags=1073741824 Link=7
      Origin   -00008.000000,+00066.000000,-00416.000000
      Normal   -00000.000000,+00001.000000,+00000.000000
      Pan      U=0 V=33
      TextureU +00000.000000,+00000.000000,+00001.000000
      TextureV -00001.000000,-00000.000000,+00000.000000
      Vertex   -00008.000000,+00066.000000,+00016.000000
      Vertex   -00008.000000,+00066.000000,+00024.000000
      Vertex   +00064.000000,+00066.000000,+00024.000000
      Vertex   +00064.000000,+00066.000000,+00016.000000
   End Polygon
   Begin Polygon Item=OUTSIDE Texture=tanwall Flags=1073741824 Link=8
      Origin   -04664.000000,-02686.000000,+00024.000000
      Normal   +00000.000000,+00000.000000,+00001.000000
      Pan      U=0 V=-11
      TextureU -00001.000000,-00000.000000,+00000.000000
      TextureV +00000.000000,-00001.000000,+00000.000000
      Vertex   -00008.000000,+00066.000000,+00024.000000
      Vertex   -00008.000000,+00058.000000,+00024.000000
      Vertex   +00064.000000,+00058.000000,+00024.000000
      Vertex   +00064.000000,+00066.000000,+00024.000000
   End Polygon
   Begin Polygon Item=OUTSIDE Texture=tanwall Flags=1073741824 Link=9
      Origin   -04664.000000,-02686.000000,+00016.000000
      Normal   +00000.000000,+00000.000000,-00001.000000
      Pan      U=0 V=-11
      TextureU +00000.000000,-00002.000000,+00000.000000
      TextureV +00002.000000,+00000.000000,+00000.000000
      Vertex   -00008.000000,+00058.000000,+00016.000000
      Vertex   -00008.000000,+00066.000000,+00016.000000
      Vertex   +00064.000000,+00066.000000,+00016.000000
      Vertex   +00064.000000,+00058.000000,+00016.000000
   End Polygon
   Begin Polygon Item=OUTSIDE Texture=tanwall Flags=1073741824 Link=10
      Origin   -00008.000000,-00070.000000,-00416.000000
      Normal   -00001.000000,-00000.000000,+00000.000000
      Pan      U=0 V=33
      TextureU +00000.000000,+00000.000000,+00001.000000
      TextureV +00000.000000,-00001.000000,+00000.000000
      Vertex   -00008.000000,+00066.000000,+00024.000000
      Vertex   -00008.000000,+00066.000000,+00016.000000
      Vertex   -00008.000000,-00070.000000,+00016.000000
      Vertex   -00008.000000,-00070.000000,+00024.000000
   End Polygon
   Begin Polygon Item=OUTSIDE Texture=tanwall Flags=1073741824 Link=8
      Origin   -04664.000000,-02686.000000,+00024.000000
      Normal   +00000.000000,+00000.000000,+00001.000000
      Pan      U=0 V=-11
      TextureU -00001.000000,-00000.000000,+00000.000000
      TextureV +00000.000000,-00001.000000,+00000.000000
      Vertex   +00016.000000,+00010.123291,+00024.000000
      Vertex   +00016.000000,+00058.000000,+00024.000000
      Vertex   -00008.000000,+00058.000000,+00024.000000
      Vertex   -00008.000000,-00035.053467,+00024.000000
   End Polygon
   Begin Polygon Item=2DLoftSIDE Texture=tanwall Flags=1074266112 Link=12
      Origin   +00013.091187,-00006.000122,+00017.142853
      Normal   +00000.822711,-00000.117112,+00000.556265
      TextureU +00000.097017,+00000.993119,+00000.065597
      TextureV +00000.560119,+00000.000000,-00000.828412
      Vertex   +00015.161621,+00008.545166,+00017.142853
      Vertex   +00013.823242,+00009.999756,+00019.428589
      Vertex   +00011.545654,-00006.000122,+00019.428589
      Vertex   +00013.091187,-00006.000122,+00017.142853
   End Polygon
   Begin Polygon Item=2DLoftSIDE Texture=tanwall Flags=1074266112 Link=13
      Origin   +00016.182007,-00006.000122,+00016.000000
      Normal   +00000.346379,-00000.049307,+00000.936798
      TextureU +00000.017100,+00000.998784,+00000.046247
      TextureV +00000.937939,-00000.000000,-00000.346801
      Vertex   +00015.161621,+00008.545166,+00017.142853
      Vertex   +00013.091187,-00006.000122,+00017.142853
      Vertex   +00016.182007,-00006.000122,+00016.000000
      Vertex   +00017.838501,+00005.636108,+00016.000000
   End Polygon
   Begin Polygon Item=2DLoftSIDE Texture=tanwall Flags=1074266112 Link=14
      Origin   +00017.838501,-00017.636597,+00016.000000
      Normal   +00000.346379,+00000.049306,+00000.936798
      TextureU -00000.675942,+00000.705565,+00000.212792
      TextureV +00000.650480,+00000.706928,-00000.277721
      Vertex   +00016.182007,-00006.000122,+00016.000000
      Vertex   +00013.091187,-00006.000122,+00017.142853
      Vertex   +00015.161621,-00020.545654,+00017.142853
      Vertex   +00017.838501,-00017.636597,+00016.000000
   End Polygon
   Begin Polygon Item=2DLoftSIDE Texture=tanwall Flags=1074266112 Link=15
      Origin   +00013.823242,+00009.999756,+00021.714294
      Normal   +00000.684340,-00000.363553,-00000.632067
      TextureU +00000.579233,+00000.797582,+00000.168382
      TextureV -00000.442910,+00000.481345,-00000.756398
      Vertex   +00015.161621,+00008.545166,+00024.000000
      Vertex   +00013.823242,+00009.999756,+00021.714294
      Vertex   +00020.045654,+00021.712646,+00021.714294
      Vertex   +00020.818359,+00019.193359,+00024.000000
   End Polygon
   Begin Polygon Item=2DLoftSIDE Texture=tanwall Flags=1074266112 Link=16
      Origin   +00011.545654,-00006.000122,+00021.714294
      Normal   +00000.822711,-00000.117112,-00000.556265
      TextureU +00000.097017,+00000.993119,-00000.065597
      TextureV -00000.560119,-00000.000000,-00000.828412
      Vertex   +00013.823242,+00009.999756,+00021.714294
      Vertex   +00015.161621,+00008.545166,+00024.000000
      Vertex   +00013.091187,-00006.000122,+00024.000000
      Vertex   +00011.545654,-00006.000122,+00021.714294
   End Polygon
   Begin Polygon Item=2DLoftSIDE Texture=tanwall Flags=1074266112 Link=17
      Origin   +00013.823242,-00022.000244,+00021.714294
      Normal   +00000.822712,+00000.117111,-00000.556265
      TextureU -00000.356338,+00000.868673,-00000.344138
      TextureV -00000.442910,-00000.481345,-00000.756398
      Vertex   +00011.545654,-00006.000122,+00021.714294
      Vertex   +00013.091187,-00006.000122,+00024.000000
      Vertex   +00015.161621,-00020.545654,+00024.000000
      Vertex   +00013.823242,-00022.000244,+00021.714294
   End Polygon
   Begin Polygon Item=2DLoftSIDE Texture=tanwall Flags=1074266112 Link=18
      Origin   +00020.045654,-00033.713013,+00021.714294
      Normal   +00000.684338,+00000.363554,-00000.632068
      TextureU -00000.694703,+00000.588418,-00000.413705
      TextureV -00000.221515,-00000.722214,-00000.655239
      Vertex   +00013.823242,-00022.000244,+00021.714294
      Vertex   +00015.161621,-00020.545654,+00024.000000
      Vertex   +00020.818359,-00031.193726,+00024.000000
      Vertex   +00020.045654,-00033.713013,+00021.714294
   End Polygon
   Begin Polygon Item=2DLoftSIDE Texture=tanwall Flags=1074266112 Link=19
      Origin   +00013.823242,+00009.999756,+00019.428589
      Normal   +00000.883117,-00000.469153,+00000.000000
      TextureU +00000.469153,+00000.883117,+00000.000000
      TextureV +00000.000000,+00000.000000,-00001.000000
      Vertex   +00013.823242,+00009.999756,+00021.714294
      Vertex   +00013.823242,+00009.999756,+00019.428589
      Vertex   +00020.045654,+00021.712646,+00019.428589
      Vertex   +00020.045654,+00021.712646,+00021.714294
   End Polygon
   Begin Polygon Item=2DLoftSIDE Texture=tanwall Flags=1074266112 Link=20
      Origin   +00011.545654,-00006.000122,+00019.428589
      Normal   +00000.990020,-00000.140928,-00000.000000
      TextureU +00000.140928,+00000.990020,+00000.000000
      TextureV +00000.000000,+00000.000000,-00001.000000
      Vertex   +00013.823242,+00009.999756,+00019.428589
      Vertex   +00013.823242,+00009.999756,+00021.714294
      Vertex   +00011.545654,-00006.000122,+00021.714294
      Vertex   +00011.545654,-00006.000122,+00019.428589
   End Polygon
   Begin Polygon Item=2DLoftSIDE Texture=tanwall Flags=1074266112 Link=21
      Origin   +00013.823242,-00022.000244,+00019.428589
      Normal   +00000.990020,+00000.140927,+00000.000000
      TextureU -00000.140927,+00000.990020,+00000.000000
      TextureV +00000.000000,+00000.000000,-00001.000000
      Vertex   +00011.545654,-00006.000122,+00019.428589
      Vertex   +00011.545654,-00006.000122,+00021.714294
      Vertex   +00013.823242,-00022.000244,+00021.714294
      Vertex   +00013.823242,-00022.000244,+00019.428589
   End Polygon
   Begin Polygon Item=2DLoftSIDE Texture=tanwall Flags=1074266112 Link=22
      Origin   +00020.045654,-00033.713013,+00019.428589
      Normal   +00000.883116,+00000.469155,+00000.000000
      TextureU -00000.469155,+00000.883116,+00000.000000
      TextureV +00000.000000,+00000.000000,-00001.000000
      Vertex   +00013.823242,-00022.000244,+00019.428589
      Vertex   +00013.823242,-00022.000244,+00021.714294
      Vertex   +00020.045654,-00033.713013,+00021.714294
      Vertex   +00020.045654,-00033.713013,+00019.428589
   End Polygon
   Begin Polygon Item=2DLoftSIDE Texture=tanwall Flags=1074266112 Link=23
      Origin   +00015.161621,+00008.545166,+00017.142853
      Normal   +00000.684340,-00000.363553,+00000.632067
      TextureU +00000.579233,+00000.797582,-00000.168382
      TextureV +00000.442910,-00000.481345,-00000.756398
      Vertex   +00013.823242,+00009.999756,+00019.428589
      Vertex   +00015.161621,+00008.545166,+00017.142853
      Vertex   +00020.818359,+00019.193359,+00017.142853
      Vertex   +00020.045654,+00021.712646,+00019.428589
   End Polygon
   Begin Polygon Item=2DLoftSIDE Texture=tanwall Flags=1074266112 Link=24
      Origin   +00015.161621,-00020.545654,+00017.142853
      Normal   +00000.822712,+00000.117111,+00000.556265
      TextureU -00000.356338,+00000.868673,+00000.344138
      TextureV +00000.442910,+00000.481345,-00000.756398
      Vertex   +00013.091187,-00006.000122,+00017.142853
      Vertex   +00011.545654,-00006.000122,+00019.428589
      Vertex   +00013.823242,-00022.000244,+00019.428589
      Vertex   +00015.161621,-00020.545654,+00017.142853
   End Polygon
   Begin Polygon Item=2DLoftSIDE Texture=tanwall Flags=1074266112 Link=25
      Origin   +00020.818359,-00031.193726,+00017.142853
      Normal   +00000.684338,+00000.363554,+00000.632068
      TextureU -00000.694703,+00000.588418,+00000.413705
      TextureV +00000.221515,+00000.722214,-00000.655239
      Vertex   +00015.161621,-00020.545654,+00017.142853
      Vertex   +00013.823242,-00022.000244,+00019.428589
      Vertex   +00020.045654,-00033.713013,+00019.428589
      Vertex   +00020.818359,-00031.193726,+00017.142853
   End Polygon
   Begin Polygon Item=2DLoftSIDE Texture=tanwall Flags=1074266112 Link=26
      Origin   +00022.363892,-00026.155029,+00016.000000
      Normal   +00000.258791,+00000.137483,+00000.956099
      TextureU -00000.922444,+00000.328836,+00000.202397
      TextureV +00000.286574,+00000.934326,-00000.211920
      Vertex   +00015.161621,-00020.545654,+00017.142853
      Vertex   +00020.818359,-00031.193726,+00017.142853
      Vertex   +00022.363892,-00026.155029,+00016.000000
      Vertex   +00017.838501,-00017.636597,+00016.000000
   End Polygon
   Begin Polygon Item=2DLoftSIDE Texture=tanwall Flags=1074266112 Link=27
      Origin   +00017.838501,+00005.636108,+00016.000000
      Normal   +00000.258792,-00000.137482,+00000.956099
      TextureU +00000.714074,+00000.693795,-00000.093518
      TextureV +00000.650480,-00000.706927,-00000.277722
      Vertex   +00015.161621,+00008.545166,+00017.142853
      Vertex   +00017.838501,+00005.636108,+00016.000000
      Vertex   +00022.363892,+00014.154663,+00016.000000
      Vertex   +00020.818359,+00019.193359,+00017.142853
   End Polygon
   Begin Polygon Item=2DLoftSIDE Texture=tanwall Flags=1074266112 Link=28
      Origin   +00028.545776,+00025.999756,+00019.428589
      Normal   -00000.450332,-00000.892861,-00000.000000
      TextureU +00000.892861,-00000.450332,+00000.000000
      TextureV +00000.000000,+00000.000000,-00001.000000
      Vertex   +00037.045654,+00021.712646,+00019.428589
      Vertex   +00037.045654,+00021.712646,+00021.714294
      Vertex   +00028.545776,+00025.999756,+00021.714294
      Vertex   +00028.545776,+00025.999756,+00019.428589
   End Polygon
   Begin Polygon Item=2DLoftSIDE Texture=tanwall Flags=1074266112 Link=29
      Origin   +00043.268188,+00009.999756,+00021.714294
      Normal   -00000.822712,-00000.117110,-00000.556265
      TextureU +00000.356336,-00000.868673,-00000.344139
      TextureV +00000.442910,+00000.481345,-00000.756398
      Vertex   +00045.545654,-00006.000244,+00021.714294
      Vertex   +00044.000244,-00006.000244,+00024.000000
      Vertex   +00041.929810,+00008.545166,+00024.000000
      Vertex   +00043.268188,+00009.999756,+00021.714294
   End Polygon
   Begin Polygon Item=2DLoftSIDE Texture=tanwall Flags=1074266112 Link=30
      Origin   +00037.045654,+00021.712646,+00021.714294
      Normal   -00000.684338,-00000.363554,-00000.632068
      TextureU +00000.694703,-00000.588417,-00000.413706
      TextureV +00000.221515,+00000.722214,-00000.655239
      Vertex   +00043.268188,+00009.999756,+00021.714294
      Vertex   +00041.929810,+00008.545166,+00024.000000
      Vertex   +00036.272949,+00019.193359,+00024.000000
      Vertex   +00037.045654,+00021.712646,+00021.714294
   End Polygon
   Begin Polygon Item=2DLoftSIDE Texture=tanwall Flags=1074266112 Link=31
      Origin   +00028.545776,+00025.999756,+00021.714294
      Normal   -00000.297501,-00000.589847,-00000.750715
      TextureU +00000.954721,-00000.183803,-00000.233931
      TextureV -00000.000000,+00000.786318,-00000.617821
      Vertex   +00037.045654,+00021.712646,+00021.714294
      Vertex   +00036.272949,+00019.193359,+00024.000000
      Vertex   +00028.545776,+00023.090698,+00024.000000
      Vertex   +00028.545776,+00025.999756,+00021.714294
   End Polygon
   Begin Polygon Item=2DLoftSIDE Texture=tanwall Flags=1074266112 Link=32
      Origin   +00020.045654,+00021.712646,+00021.714294
      Normal   +00000.297499,-00000.589848,-00000.750715
      TextureU +00000.928669,+00000.361228,+00000.084198
      TextureV -00000.221515,+00000.722215,-00000.655238
      Vertex   +00028.545776,+00025.999756,+00021.714294
      Vertex   +00028.545776,+00023.090698,+00024.000000
      Vertex   +00020.818359,+00019.193359,+00024.000000
      Vertex   +00020.045654,+00021.712646,+00021.714294
   End Polygon
   Begin Polygon Item=2DLoftSIDE Texture=tanwall Flags=1074266112 Link=33
      Origin   +00028.545654,-00038.000244,+00021.714294
      Normal   +00000.297505,+00000.589847,-00000.750714
      TextureU -00000.954720,+00000.183805,-00000.233934
      TextureV +00000.000000,-00000.786318,-00000.617821
      Vertex   +00020.045654,-00033.713013,+00021.714294
      Vertex   +00020.818359,-00031.193726,+00024.000000
      Vertex   +00028.545654,-00035.091187,+00024.000000
      Vertex   +00028.545654,-00038.000244,+00021.714294
   End Polygon
   Begin Polygon Item=2DLoftSIDE Texture=tanwall Flags=1074266112 Link=34
      Origin   +00037.045654,-00033.713013,+00021.714294
      Normal   -00000.297505,+00000.589847,-00000.750714
      TextureU -00000.928667,-00000.361232,+00000.084202
      TextureV +00000.221515,-00000.722214,-00000.655239
      Vertex   +00028.545654,-00038.000244,+00021.714294
      Vertex   +00028.545654,-00035.091187,+00024.000000
      Vertex   +00036.272949,-00031.193726,+00024.000000
      Vertex   +00037.045654,-00033.713013,+00021.714294
   End Polygon
   Begin Polygon Item=2DLoftSIDE Texture=tanwall Flags=1074266112 Link=35
      Origin   +00043.268188,-00022.000244,+00021.714294
      Normal   -00000.684336,+00000.363556,-00000.632069
      TextureU -00000.579236,-00000.797580,+00000.168379
      TextureV +00000.442910,-00000.481345,-00000.756398
      Vertex   +00037.045654,-00033.713013,+00021.714294
      Vertex   +00036.272949,-00031.193726,+00024.000000
      Vertex   +00041.929810,-00020.545654,+00024.000000
      Vertex   +00043.268188,-00022.000244,+00021.714294
   End Polygon
   Begin Polygon Item=2DLoftSIDE Texture=tanwall Flags=1074266112 Link=36
      Origin   +00045.545654,-00006.000244,+00021.714294
      Normal   -00000.822712,+00000.117109,-00000.556265
      TextureU -00000.097015,-00000.993119,-00000.065595
      TextureV +00000.560119,+00000.000000,-00000.828412
      Vertex   +00043.268188,-00022.000244,+00021.714294
      Vertex   +00041.929810,-00020.545654,+00024.000000
      Vertex   +00044.000244,-00006.000244,+00024.000000
      Vertex   +00045.545654,-00006.000244,+00021.714294
   End Polygon
   Begin Polygon Item=2DLoftSIDE Texture=tanwall Flags=1074266112 Link=37
      Origin   +00043.268188,+00009.999756,+00019.428589
      Normal   -00000.990020,-00000.140925,+00000.000000
      TextureU +00000.140925,-00000.990020,+00000.000000
      TextureV +00000.000000,+00000.000000,-00001.000000
      Vertex   +00045.545654,-00006.000244,+00019.428589
      Vertex   +00045.545654,-00006.000244,+00021.714294
      Vertex   +00043.268188,+00009.999756,+00021.714294
      Vertex   +00043.268188,+00009.999756,+00019.428589
   End Polygon
   Begin Polygon Item=2DLoftSIDE Texture=tanwall Flags=1074266112 Link=38
      Origin   +00037.045654,+00021.712646,+00019.428589
      Normal   -00000.883116,-00000.469155,+00000.000000
      TextureU +00000.469155,-00000.883116,+00000.000000
      TextureV +00000.000000,+00000.000000,-00001.000000
      Vertex   +00043.268188,+00009.999756,+00019.428589
      Vertex   +00043.268188,+00009.999756,+00021.714294
      Vertex   +00037.045654,+00021.712646,+00021.714294
      Vertex   +00037.045654,+00021.712646,+00019.428589
   End Polygon
   Begin Polygon Item=2DLoftSIDE Texture=tanwall Flags=1074266112 Link=39
      Origin   +00020.045654,+00021.712646,+00019.428589
      Normal   +00000.450329,-00000.892863,-00000.000000
      TextureU +00000.892863,+00000.450329,+00000.000000
      TextureV +00000.000000,+00000.000000,-00001.000000
      Vertex   +00028.545776,+00025.999756,+00019.428589
      Vertex   +00028.545776,+00025.999756,+00021.714294
      Vertex   +00020.045654,+00021.712646,+00021.714294
      Vertex   +00020.045654,+00021.712646,+00019.428589
   End Polygon
   Begin Polygon Item=2DLoftSIDE Texture=tanwall Flags=1074266112 Link=40
      Origin   +00028.545654,-00038.000244,+00019.428589
      Normal   +00000.450337,+00000.892859,+00000.000000
      TextureU -00000.892859,+00000.450337,+00000.000000
      TextureV +00000.000000,+00000.000000,-00001.000000
      Vertex   +00020.045654,-00033.713013,+00019.428589
      Vertex   +00020.045654,-00033.713013,+00021.714294
      Vertex   +00028.545654,-00038.000244,+00021.714294
      Vertex   +00028.545654,-00038.000244,+00019.428589
   End Polygon
   Begin Polygon Item=2DLoftSIDE Texture=tanwall Flags=1074266112 Link=41
      Origin   +00037.045654,-00033.713013,+00019.428589
      Normal   -00000.450337,+00000.892859,+00000.000000
      TextureU -00000.892859,-00000.450337,+00000.000000
      TextureV +00000.000000,+00000.000000,-00001.000000
      Vertex   +00028.545654,-00038.000244,+00019.428589
      Vertex   +00028.545654,-00038.000244,+00021.714294
      Vertex   +00037.045654,-00033.713013,+00021.714294
      Vertex   +00037.045654,-00033.713013,+00019.428589
   End Polygon
   Begin Polygon Item=2DLoftSIDE Texture=tanwall Flags=1074266112 Link=42
      Origin   +00043.268188,-00022.000244,+00019.428589
      Normal   -00000.883115,+00000.469157,+00000.000000
      TextureU -00000.469157,-00000.883115,+00000.000000
      TextureV +00000.000000,+00000.000000,-00001.000000
      Vertex   +00037.045654,-00033.713013,+00019.428589
      Vertex   +00037.045654,-00033.713013,+00021.714294
      Vertex   +00043.268188,-00022.000244,+00021.714294
      Vertex   +00043.268188,-00022.000244,+00019.428589
   End Polygon
   Begin Polygon Item=2DLoftSIDE Texture=tanwall Flags=1074266112 Link=43
      Origin   +00045.545654,-00006.000244,+00019.428589
      Normal   -00000.990020,+00000.140925,-00000.000000
      TextureU -00000.140925,-00000.990020,+00000.000000
      TextureV +00000.000000,+00000.000000,-00001.000000
      Vertex   +00043.268188,-00022.000244,+00019.428589
      Vertex   +00043.268188,-00022.000244,+00021.714294
      Vertex   +00045.545654,-00006.000244,+00021.714294
      Vertex   +00045.545654,-00006.000244,+00019.428589
   End Polygon
   Begin Polygon Item=2DLoftSIDE Texture=tanwall Flags=1074266112 Link=44
      Origin   +00041.929810,+00008.545166,+00017.142853
      Normal   -00000.822712,-00000.117110,+00000.556265
      TextureU +00000.356336,-00000.868673,+00000.344139
      TextureV -00000.442910,-00000.481345,-00000.756398
      Vertex   +00044.000244,-00006.000244,+00017.142853
      Vertex   +00045.545654,-00006.000244,+00019.428589
      Vertex   +00043.268188,+00009.999756,+00019.428589
      Vertex   +00041.929810,+00008.545166,+00017.142853
   End Polygon
   Begin Polygon Item=2DLoftSIDE Texture=tanwall Flags=1074266112 Link=45
      Origin   +00036.272949,+00019.193359,+00017.142853
      Normal   -00000.684338,-00000.363554,+00000.632068
      TextureU +00000.694703,-00000.588417,+00000.413706
      TextureV -00000.221515,-00000.722214,-00000.655239
      Vertex   +00041.929810,+00008.545166,+00017.142853
      Vertex   +00043.268188,+00009.999756,+00019.428589
      Vertex   +00037.045654,+00021.712646,+00019.428589
      Vertex   +00036.272949,+00019.193359,+00017.142853
   End Polygon
   Begin Polygon Item=2DLoftSIDE Texture=tanwall Flags=1074266112 Link=46
      Origin   +00028.545776,+00023.090698,+00017.142853
      Normal   -00000.297501,-00000.589847,+00000.750715
      TextureU +00000.954721,-00000.183803,+00000.233931
      TextureV +00000.000000,-00000.786318,-00000.617821
      Vertex   +00036.272949,+00019.193359,+00017.142853
      Vertex   +00037.045654,+00021.712646,+00019.428589
      Vertex   +00028.545776,+00025.999756,+00019.428589
      Vertex   +00028.545776,+00023.090698,+00017.142853
   End Polygon
   Begin Polygon Item=2DLoftSIDE Texture=tanwall Flags=1074266112 Link=47
      Origin   +00020.818359,+00019.193359,+00017.142853
      Normal   +00000.297499,-00000.589848,+00000.750715
      TextureU +00000.928669,+00000.361228,-00000.084198
      TextureV +00000.221515,-00000.722214,-00000.655239
      Vertex   +00028.545776,+00023.090698,+00017.142853
      Vertex   +00028.545776,+00025.999756,+00019.428589
      Vertex   +00020.045654,+00021.712646,+00019.428589
      Vertex   +00020.818359,+00019.193359,+00017.142853
   End Polygon
   Begin Polygon Item=2DLoftSIDE Texture=tanwall Flags=1074266112 Link=48
      Origin   +00028.545654,-00035.091187,+00017.142853
      Normal   +00000.297505,+00000.589847,+00000.750714
      TextureU -00000.954720,+00000.183805,+00000.233934
      TextureV -00000.000000,+00000.786318,-00000.617821
      Vertex   +00020.818359,-00031.193726,+00017.142853
      Vertex   +00020.045654,-00033.713013,+00019.428589
      Vertex   +00028.545654,-00038.000244,+00019.428589
      Vertex   +00028.545654,-00035.091187,+00017.142853
   End Polygon
   Begin Polygon Item=2DLoftSIDE Texture=tanwall Flags=1074266112 Link=49
      Origin   +00036.272949,-00031.193726,+00017.142853
      Normal   -00000.297505,+00000.589847,+00000.750714
      TextureU -00000.928667,-00000.361232,-00000.084202
      TextureV -00000.221515,+00000.722215,-00000.655238
      Vertex   +00028.545654,-00035.091187,+00017.142853
      Vertex   +00028.545654,-00038.000244,+00019.428589
      Vertex   +00037.045654,-00033.713013,+00019.428589
      Vertex   +00036.272949,-00031.193726,+00017.142853
   End Polygon
   Begin Polygon Item=2DLoftSIDE Texture=tanwall Flags=1074266112 Link=50
      Origin   +00041.929810,-00020.545654,+00017.142853
      Normal   -00000.684336,+00000.363556,+00000.632069
      TextureU -00000.579236,-00000.797580,-00000.168379
      TextureV -00000.442910,+00000.481345,-00000.756398
      Vertex   +00036.272949,-00031.193726,+00017.142853
      Vertex   +00037.045654,-00033.713013,+00019.428589
      Vertex   +00043.268188,-00022.000244,+00019.428589
      Vertex   +00041.929810,-00020.545654,+00017.142853
   End Polygon
   Begin Polygon Item=2DLoftSIDE Texture=tanwall Flags=1074266112 Link=51
      Origin   +00044.000244,-00006.000244,+00017.142853
      Normal   -00000.822712,+00000.117109,+00000.556265
      TextureU -00000.097015,-00000.993119,+00000.065595
      TextureV -00000.560119,-00000.000000,-00000.828412
      Vertex   +00041.929810,-00020.545654,+00017.142853
      Vertex   +00043.268188,-00022.000244,+00019.428589
      Vertex   +00045.545654,-00006.000244,+00019.428589
      Vertex   +00044.000244,-00006.000244,+00017.142853
   End Polygon
   Begin Polygon Item=2DLoftSIDE Texture=tanwall Flags=1074266112 Link=52
      Origin   +00039.252930,+00005.636108,+00016.000000
      Normal   -00000.346379,-00000.049306,+00000.936798
      TextureU +00000.675941,-00000.705565,+00000.212793
      TextureV -00000.650480,-00000.706927,-00000.277721
      Vertex   +00040.909302,-00006.000244,+00016.000000
      Vertex   +00044.000244,-00006.000244,+00017.142853
      Vertex   +00041.929810,+00008.545166,+00017.142853
      Vertex   +00039.252930,+00005.636108,+00016.000000
   End Polygon
   Begin Polygon Item=2DLoftSIDE Texture=tanwall Flags=1074266112 Link=53
      Origin   +00034.727539,+00014.154663,+00016.000000
      Normal   -00000.258791,-00000.137483,+00000.956099
      TextureU +00000.922444,-00000.328836,+00000.202397
      TextureV -00000.286574,-00000.934326,-00000.211920
      Vertex   +00039.252930,+00005.636108,+00016.000000
      Vertex   +00041.929810,+00008.545166,+00017.142853
      Vertex   +00036.272949,+00019.193359,+00017.142853
      Vertex   +00034.727539,+00014.154663,+00016.000000
   End Polygon
   Begin Polygon Item=2DLoftSIDE Texture=tanwall Flags=1074266112 Link=54
      Origin   +00028.545776,+00017.272461,+00016.000000
      Normal   -00000.096759,-00000.191841,+00000.976645
      TextureU +00000.995308,-00000.018650,+00000.094944
      TextureV +00000.000000,-00000.981249,-00000.192745
      Vertex   +00034.727539,+00014.154663,+00016.000000
      Vertex   +00036.272949,+00019.193359,+00017.142853
      Vertex   +00028.545776,+00023.090698,+00017.142853
      Vertex   +00028.545776,+00017.272461,+00016.000000
   End Polygon
   Begin Polygon Item=2DLoftSIDE Texture=tanwall Flags=1074266112 Link=55
      Origin   +00022.363892,+00014.154663,+00016.000000
      Normal   +00000.096758,-00000.191841,+00000.976645
      TextureU +00000.953160,+00000.300386,-00000.035427
      TextureV +00000.286574,-00000.934326,-00000.211920
      Vertex   +00028.545776,+00017.272461,+00016.000000
      Vertex   +00028.545776,+00023.090698,+00017.142853
      Vertex   +00020.818359,+00019.193359,+00017.142853
      Vertex   +00022.363892,+00014.154663,+00016.000000
   End Polygon
   Begin Polygon Item=2DLoftSIDE Texture=tanwall Flags=1074266112 Link=56
      Origin   +00028.545654,-00029.272949,+00016.000000
      Normal   +00000.096760,+00000.191841,+00000.976645
      TextureU -00000.995308,+00000.018650,+00000.094946
      TextureV -00000.000000,+00000.981249,-00000.192745
      Vertex   +00022.363892,-00026.155029,+00016.000000
      Vertex   +00020.818359,-00031.193726,+00017.142853
      Vertex   +00028.545654,-00035.091187,+00017.142853
      Vertex   +00028.545654,-00029.272949,+00016.000000
   End Polygon
   Begin Polygon Item=2DLoftSIDE Texture=tanwall Flags=1074266112 Link=57
      Origin   +00034.727539,-00026.155029,+00016.000000
      Normal   -00000.096760,+00000.191841,+00000.976645
      TextureU -00000.953159,-00000.300386,-00000.035429
      TextureV -00000.286574,+00000.934326,-00000.211920
      Vertex   +00028.545654,-00029.272949,+00016.000000
      Vertex   +00028.545654,-00035.091187,+00017.142853
      Vertex   +00036.272949,-00031.193726,+00017.142853
      Vertex   +00034.727539,-00026.155029,+00016.000000
   End Polygon
   Begin Polygon Item=2DLoftSIDE Texture=tanwall Flags=1074266112 Link=58
      Origin   +00039.252930,-00017.636597,+00016.000000
      Normal   -00000.258790,+00000.137483,+00000.956099
      TextureU -00000.714075,-00000.693795,-00000.093516
      TextureV -00000.650480,+00000.706927,-00000.277721
      Vertex   +00034.727539,-00026.155029,+00016.000000
      Vertex   +00036.272949,-00031.193726,+00017.142853
      Vertex   +00041.929810,-00020.545654,+00017.142853
      Vertex   +00039.252930,-00017.636597,+00016.000000
   End Polygon
   Begin Polygon Item=2DLoftSIDE Texture=tanwall Flags=1074266112 Link=59
      Origin   +00040.909302,-00006.000244,+00016.000000
      Normal   -00000.346379,+00000.049305,+00000.936798
      TextureU -00000.017099,-00000.998784,+00000.046245
      TextureV -00000.937939,+00000.000000,-00000.346801
      Vertex   +00039.252930,-00017.636597,+00016.000000
      Vertex   +00041.929810,-00020.545654,+00017.142853
      Vertex   +00044.000244,-00006.000244,+00017.142853
      Vertex   +00040.909302,-00006.000244,+00016.000000
   End Polygon
   Begin Polygon Item=2DLoftSIDE Texture=tanwall Flags=1074266112 Link=60
      Origin   +00039.252930,+00005.636108,+00016.000000
      Normal   +00000.000000,+00000.000000,+00001.000000
      TextureU -00000.990020,-00000.140925,+00000.000000
      TextureV -00000.140927,+00000.990020,+00000.000000
      Vertex   +00040.909302,-00006.000244,+00016.000000
      Vertex   +00039.252930,+00005.636108,+00016.000000
      Vertex   +00034.727539,+00014.154663,+00016.000000
      Vertex   +00028.545776,+00017.272461,+00016.000000
      Vertex   +00022.363892,+00014.154663,+00016.000000
      Vertex   +00017.838501,+00005.636108,+00016.000000
      Vertex   +00016.182007,-00006.000122,+00016.000000
      Vertex   +00017.838501,-00017.636597,+00016.000000
      Vertex   +00022.363892,-00026.155029,+00016.000000
      Vertex   +00028.545654,-00029.272949,+00016.000000
      Vertex   +00034.727539,-00026.155029,+00016.000000
      Vertex   +00039.252930,-00017.636597,+00016.000000
   End Polygon
   Begin Polygon Item=OUTSIDE Texture=tanwall Flags=1073741824 Link=9
      Origin   -04664.000000,-02686.000000,+00016.000000
      Normal   +00000.000000,+00000.000000,-00001.000000
      Pan      U=0 V=-11
      TextureU +00000.000000,-00002.000000,+00000.000000
      TextureV +00002.000000,+00000.000000,+00000.000000
      Vertex   -00000.000000,+00058.000000,+00016.000000
      Vertex   +00000.000000,-00070.000000,+00016.000000
      Vertex   -00008.000000,-00070.000000,+00016.000000
      Vertex   -00008.000000,+00058.000000,+00016.000000
   End Polygon
   Begin Polygon Item=OUTSIDE Texture=graycncrtwall_a Flags=1073741824 Link=62
      Origin   +00000.000000,-00070.000000,-00448.000000
      Normal   -00001.000000,-00000.000000,+00000.000000
      Pan      U=0 V=-96
      TextureU +00000.000000,-00001.000000,+00000.000000
      TextureV +00000.000000,+00000.000000,-00001.000000
      Vertex   +00000.000000,-00070.000000,-00032.000000
      Vertex   +00000.000000,-00070.000000,+00016.000000
      Vertex   -00000.000000,+00058.000000,+00016.000000
      Vertex   -00000.000000,+00058.000000,-00032.000000
   End Polygon
   Begin Polygon Item=OUTSIDE Texture=tanwall Flags=1073741824 Link=8
      Origin   -04664.000000,-02686.000000,+00024.000000
      Normal   +00000.000000,+00000.000000,+00001.000000
      Pan      U=0 V=-11
      TextureU -00001.000000,-00000.000000,+00000.000000
      TextureV +00000.000000,-00001.000000,+00000.000000
      Vertex   +00003.980835,-00070.000000,+00024.000000
      Vertex   +00015.161621,+00008.545166,+00024.000000
      Vertex   -00008.000000,-00035.053467,+00024.000000
      Vertex   -00008.000000,-00070.000000,+00024.000000
   End Polygon
   Begin Polygon Item=OUTSIDE Texture=tanwall Flags=1073741824 Link=8
      Origin   -04664.000000,-02686.000000,+00024.000000
      Normal   +00000.000000,+00000.000000,+00001.000000
      Pan      U=0 V=-11
      TextureU -00001.000000,-00000.000000,+00000.000000
      TextureV +00000.000000,-00001.000000,+00000.000000
      Vertex   +00013.091187,-00006.000122,+00024.000000
      Vertex   +00003.980835,-00070.000000,+00024.000000
      Vertex   +00022.201294,-00070.000000,+00024.000000
   End Polygon
   Begin Polygon Item=OUTSIDE Texture=tanwall Flags=1073741824 Link=8
      Origin   -04664.000000,-02686.000000,+00024.000000
      Normal   +00000.000000,+00000.000000,+00001.000000
      Pan      U=0 V=-11
      TextureU -00001.000000,-00000.000000,+00000.000000
      TextureV +00000.000000,-00001.000000,+00000.000000
      Vertex   +00015.161621,-00020.545654,+00024.000000
      Vertex   +00022.201294,-00070.000000,+00024.000000
      Vertex   +00041.434204,-00070.000000,+00024.000000
   End Polygon
   Begin Polygon Item=OUTSIDE Texture=tanwall Flags=1073741824 Link=8
      Origin   -04664.000000,-02686.000000,+00024.000000
      Normal   +00000.000000,+00000.000000,+00001.000000
      Pan      U=0 V=-11
      TextureU -00001.000000,-00000.000000,+00000.000000
      TextureV +00000.000000,-00001.000000,+00000.000000
      Vertex   +00041.929810,+00008.545166,+00024.000000
      Vertex   +00034.890137,+00058.000000,+00024.000000
      Vertex   +00016.000000,+00058.000000,+00024.000000
      Vertex   +00016.000000,+00057.354126,+00024.000000
   End Polygon
   Begin Polygon Item=OUTSIDE Texture=tanwall Flags=1073741824 Link=8
      Origin   -04664.000000,-02686.000000,+00024.000000
      Normal   +00000.000000,+00000.000000,+00001.000000
      Pan      U=0 V=-11
      TextureU -00001.000000,-00000.000000,+00000.000000
      TextureV +00000.000000,-00001.000000,+00000.000000
      Vertex   +00034.890137,+00058.000000,+00024.000000
      Vertex   +00048.000000,-00034.098877,+00024.000000
      Vertex   +00048.000000,+00058.000000,+00024.000000
   End Polygon
   Begin Polygon Item=OUTSIDE Texture=tanwall Flags=1073741824 Link=8
      Origin   -04664.000000,-02686.000000,+00024.000000
      Normal   +00000.000000,+00000.000000,+00001.000000
      Pan      U=0 V=-11
      TextureU -00001.000000,-00000.000000,+00000.000000
      TextureV +00000.000000,-00001.000000,+00000.000000
      Vertex   +00016.000000,+00029.418335,+00024.000000
      Vertex   +00036.272949,+00019.193359,+00024.000000
      Vertex   +00016.000000,+00057.354126,+00024.000000
   End Polygon
   Begin Polygon Item=OUTSIDE Texture=tanwall Flags=1073741824 Link=8
      Origin   -04664.000000,-02686.000000,+00024.000000
      Normal   +00000.000000,+00000.000000,+00001.000000
      Pan      U=0 V=-11
      TextureU -00001.000000,-00000.000000,+00000.000000
      TextureV +00000.000000,-00001.000000,+00000.000000
      Vertex   +00028.545776,+00023.090698,+00024.000000
      Vertex   +00016.000000,+00029.418335,+00024.000000
      Vertex   +00016.000000,+00016.763062,+00024.000000
   End Polygon
   Begin Polygon Item=OUTSIDE Texture=tanwall Flags=1073741824 Link=8
      Origin   -04664.000000,-02686.000000,+00024.000000
      Normal   +00000.000000,+00000.000000,+00001.000000
      Pan      U=0 V=-11
      TextureU -00001.000000,-00000.000000,+00000.000000
      TextureV +00000.000000,-00001.000000,+00000.000000
      Vertex   +00020.818359,+00019.193359,+00024.000000
      Vertex   +00016.000000,+00016.763062,+00024.000000
      Vertex   +00016.000000,+00010.123291,+00024.000000
   End Polygon
   Begin Polygon Item=OUTSIDE Texture=tanwall Flags=1073741824 Link=8
      Origin   -04664.000000,-02686.000000,+00024.000000
      Normal   +00000.000000,+00000.000000,+00001.000000
      Pan      U=0 V=-11
      TextureU -00001.000000,-00000.000000,+00000.000000
      TextureV +00000.000000,-00001.000000,+00000.000000
      Vertex   +00048.000000,-00044.903442,+00024.000000
      Vertex   +00020.818359,-00031.193726,+00024.000000
      Vertex   +00041.434204,-00070.000000,+00024.000000
      Vertex   +00048.000000,-00070.000000,+00024.000000
   End Polygon
   Begin Polygon Item=OUTSIDE Texture=tanwall Flags=1073741824 Link=8
      Origin   -04664.000000,-02686.000000,+00024.000000
      Normal   +00000.000000,+00000.000000,+00001.000000
      Pan      U=0 V=-11
      TextureU -00001.000000,-00000.000000,+00000.000000
      TextureV +00000.000000,-00001.000000,+00000.000000
