Begin PolyList
   Begin Polygon Item=OUTSIDE Flags=-1073741824 Link=0
      Origin   -00048.000000,+00048.000000,-00025.000000
      Normal   +00000.000000,+00000.000000,-00001.000000
      TextureU +00000.000000,-00001.000000,+00000.000000
      TextureV -00001.000000,+00000.000000,+00000.000000
      Vertex   +00032.283920,-00000.285278,-00025.000000
      Vertex   +00022.911457,-00022.912415,-00025.000000
      Vertex   +00000.283895,-00032.285034,-00025.000000
      Vertex   -00022.343519,-00022.912476,-00025.000000
      Vertex   -00031.716164,-00000.284943,-00025.000000
      Vertex   -00022.343605,+00022.342316,-00025.000000
      Vertex   +00000.283967,+00031.714996,-00025.000000
      Vertex   +00022.911259,+00022.342438,-00025.000000
   End Polygon
   Begin Polygon Item=2DLoftSIDE Texture=UC_Panel_03 Flags=1073741824 Link=1
      Origin   +00000.283875,-00000.285034,-00003.000000
      Normal   +00000.000000,+00000.000000,+00001.000000
      Pan      U=33 V=-55
      TextureU -00001.000000,-00000.000000,+00000.000000
      TextureV +00000.000000,-00001.000000,+00000.000000
      Vertex   +00000.283875,+00023.714966,-00003.000000
      Vertex   -00016.686626,+00016.685455,-00003.000000
      Vertex   -00018.686766,+00011.856750,-00003.000000
      Vertex   +00005.112557,+00021.714844,-00003.000000
   End Polygon
   Begin Polygon Item=OUTSIDE Texture=Marker_sky Flags=1073741857 Link=2
      Origin   -00015.715858,-00014.284668,+00013.000000
      Normal   -00001.000000,-00000.000000,+00000.000000
      TextureU -00000.000000,+00001.000000,+00000.000000
      TextureV +00000.000000,+00000.000000,-00001.000000
      Vertex   -00015.715858,-00014.284668,+00013.000000
      Vertex   -00015.715858,-00014.284668,+00015.000000
      Vertex   -00015.715858,+00017.715332,+00015.000000
      Vertex   -00015.715858,+00017.715332,+00013.000000
   End Polygon
   Begin Polygon Item=OUTSIDE Texture=UC_Panel_03 Flags=1073741856 Link=3
      Origin   -00041.715355,+00007.713806,+00009.000000
      Normal   +00001.000000,+00000.000000,+00000.000000
      TextureU +00000.000000,-00001.000000,+00000.000000
      TextureV +00000.000000,+00000.000000,-00001.000000
      Vertex   -00041.713867,+00007.714600,+00015.000000
      Vertex   -00041.713867,+00007.714600,+00021.000000
      Vertex   -00041.713867,-00008.285400,+00021.000000
      Vertex   -00041.713867,-00008.285400,+00015.000000
      Vertex   -00041.715355,-00008.286194,+00013.000000
      Vertex   -00041.715355,+00007.713806,+00013.000000
   End Polygon
   Begin Polygon Item=OUTSIDE Texture=VBC_Hlgram_01 Flags=1077936160 Link=4
      Origin   -00032.653286,-00008.286194,+00004.944824
      Normal   +00000.664364,-00000.000000,+00000.747409
      Pan      U=0 V=9
      TextureU -00000.000000,+00002.000000,+00000.000000
      TextureV -00001.494819,-00000.000000,+00001.328728
      Vertex   -00041.715355,-00008.286194,+00013.000000
      Vertex   -00023.715355,-00008.286194,-00003.000000
      Vertex   -00023.716125,-00000.285034,-00003.000000
      Vertex   -00023.715355,+00007.713806,-00003.000000
      Vertex   -00041.715355,+00007.713806,+00013.000000
   End Polygon
   Begin Polygon Item=OUTSIDE Texture=UC_Panel_03 Flags=1073741856 Link=5
      Origin   -00032.653286,+00007.713806,+00000.944824
      Normal   -00000.664364,+00000.000000,-00000.747409
      TextureU +00000.000000,-00001.000000,+00000.000000
      TextureV -00000.747409,-00000.000000,+00000.664364
      Vertex   -00041.715355,-00008.286194,+00009.000000
      Vertex   -00041.715355,+00007.713806,+00009.000000
      Vertex   -00023.715355,+00007.713806,-00007.000000
      Vertex   -00023.715355,+00006.154724,-00007.000000
      Vertex   -00027.471279,-00008.286194,-00003.661407
   End Polygon
   Begin Polygon Item=OUTSIDE Texture=UC_Panel_03 Flags=1073741856 Link=6
      Origin   -00039.715355,+00007.713806,-00007.000000
      Normal   -00000.000000,+00001.000000,+00000.000000
      TextureU +00001.000000,+00000.000000,+00000.000000
      TextureV +00000.000000,+00000.000000,-00001.000000
      Vertex   -00041.715355,+00007.713806,+00009.000000
      Vertex   -00041.715355,+00007.713806,+00013.000000
      Vertex   -00023.715355,+00007.713806,-00003.000000
      Vertex   -00023.715355,+00007.713806,-00007.000000
   End Polygon
   Begin Polygon Item=OUTSIDE Texture=UC_Panel_03 Flags=1073741856 Link=7
      Origin   -00023.715355,-00008.286194,-00007.000000
      Normal   +00000.000000,-00001.000000,+00000.000000
      TextureU -00001.000000,-00000.000000,+00000.000000
      TextureV +00000.000000,+00000.000000,-00001.000000
      Vertex   -00023.715355,-00008.286194,-00003.000000
      Vertex   -00041.715355,-00008.286194,+00013.000000
      Vertex   -00041.715355,-00008.286194,+00009.000000
      Vertex   -00023.715355,-00008.286194,-00007.000000
   End Polygon
   Begin Polygon Item=OUTSIDE Texture=UC_Panel_03 Flags=1073741856 Link=8
      Origin   -00043.713867,-00008.285400,+00019.000000
      Normal   -00000.707107,-00000.000000,+00000.707107
      TextureU -00000.000000,+00001.000000,+00000.000000
      TextureV -00000.707107,+00000.000000,-00000.707107
      Vertex   -00045.713867,-00008.285400,+00017.000000
      Vertex   -00041.713867,-00008.285400,+00021.000000
      Vertex   -00041.713867,+00007.714600,+00021.000000
      Vertex   -00045.713867,+00007.714600,+00017.000000
   End Polygon
   Begin Polygon Item=OUTSIDE Texture=UC_Panel_03 Flags=1073741856 Link=9
      Origin   -00045.713867,+00007.714600,+00009.000000
      Normal   -00000.000000,+00001.000000,+00000.000000
      TextureU +00001.000000,+00000.000000,+00000.000000
      TextureV +00000.000000,+00000.000000,-00001.000000
      Vertex   -00045.713867,+00007.714600,+00013.000000
      Vertex   -00045.713867,+00007.714600,+00017.000000
      Vertex   -00041.713867,+00007.714600,+00021.000000
      Vertex   -00041.713867,+00007.714600,+00015.000000
      Vertex   -00041.715355,+00007.713806,+00013.000000
      Vertex   -00041.715355,+00007.713806,+00009.000000
   End Polygon
   Begin Polygon Item=OUTSIDE Texture=UC_Panel_03 Flags=1073741856 Link=10
      Origin   -00041.715355,-00008.286194,+00009.000000
      Normal   +00000.000000,-00001.000000,+00000.000000
      TextureU -00001.000000,-00000.000000,+00000.000000
      TextureV +00000.000000,+00000.000000,-00001.000000
      Vertex   -00041.715355,-00008.286194,+00013.000000
      Vertex   -00041.713867,-00008.285400,+00015.000000
      Vertex   -00041.713867,-00008.285400,+00021.000000
      Vertex   -00045.713867,-00008.285400,+00017.000000
      Vertex   -00045.713867,-00008.285400,+00013.000000
      Vertex   -00041.715355,-00008.286194,+00009.000000
   End Polygon
   Begin Polygon Item=OUTSIDE Texture=UC_Panel_03 Flags=1073741856 Link=11
      Origin   -00045.713867,-00008.285400,+00009.000000
      Normal   -00001.000000,-00000.000000,+00000.000000
      TextureU -00000.000000,+00001.000000,+00000.000000
      TextureV +00000.000000,+00000.000000,-00001.000000
      Vertex   -00045.713867,-00008.285400,+00017.000000
      Vertex   -00045.713867,+00007.714600,+00017.000000
      Vertex   -00045.713867,+00007.714600,+00013.000000
      Vertex   -00045.713867,-00008.285400,+00013.000000
   End Polygon
   Begin Polygon Item=OUTSIDE Texture=UC_Panel_03 Flags=1073741856 Link=12
      Origin   -00043.713867,+00007.714600,+00011.000000
      Normal   -00000.707107,+00000.000000,-00000.707107
      TextureU +00000.000000,-00001.000000,+00000.000000
      TextureV -00000.707107,-00000.000000,+00000.707107
      Vertex   -00045.713867,+00007.714600,+00013.000000
      Vertex   -00041.715355,+00007.713806,+00009.000000
      Vertex   -00041.715355,-00008.286194,+00009.000000
      Vertex   -00045.713867,-00008.285400,+00013.000000
   End Polygon
   Begin Polygon Item=OUTSIDE Texture=UC_Panel_03 Flags=1073741856 Link=13
      Origin   -00041.715355,-00008.286194,-00007.000000
      Normal   -00001.000000,-00000.000000,+00000.000000
      TextureU -00000.000000,+00001.000000,+00000.000000
      TextureV +00000.000000,+00000.000000,-00001.000000
      Vertex   -00041.715355,-00008.286194,+00009.000000
      Vertex   -00041.715355,-00008.286194,+00013.000000
      Vertex   -00041.715355,+00007.713806,+00013.000000
      Vertex   -00041.715355,+00007.713806,+00009.000000
   End Polygon
   Begin Polygon Item=OUTSIDE Texture=Marker_sky Flags=1073741857 Link=14
      Origin   +00016.284142,-00014.284668,+00013.000000
      Normal   +00000.000000,-00001.000000,+00000.000000
      TextureU -00001.000000,-00000.000000,+00000.000000
      TextureV +00000.000000,+00000.000000,-00001.000000
      Vertex   -00015.715858,-00014.284668,+00015.000000
      Vertex   -00015.715858,-00014.284668,+00013.000000
      Vertex   +00016.284142,-00014.284668,+00013.000000
      Vertex   +00016.284142,-00014.284668,+00015.000000
   End Polygon
   Begin Polygon Item=OUTSIDE Texture=UC_Panel_03 Flags=1073741856 Link=15
      Origin   -00007.715374,-00042.286133,+00009.000000
      Normal   -00000.000000,+00001.000000,+00000.000000
      TextureU +00001.000000,+00000.000000,+00000.000000
      TextureV +00000.000000,+00000.000000,-00001.000000
      Vertex   -00007.715374,-00042.286133,+00013.000000
      Vertex   -00007.716087,-00042.284668,+00021.000000
      Vertex   +00008.283913,-00042.284668,+00021.000000
      Vertex   +00008.284626,-00042.286133,+00013.000000
   End Polygon
   Begin Polygon Item=OUTSIDE Texture=VBC_Hlgram_01 Flags=1077936160 Link=16
      Origin   +00008.284626,-00033.224060,+00004.944824
      Normal   +00000.000000,+00000.664364,+00000.747409
      Pan      U=0 V=9
      TextureU -00002.000000,-00000.000000,+00000.000000
      TextureV +00000.000000,-00001.494819,+00001.328728
      Vertex   +00008.284626,-00042.286133,+00013.000000
      Vertex   +00008.284626,-00024.286133,-00003.000000
      Vertex   +00000.283875,-00024.285034,-00003.000000
      Vertex   -00007.715374,-00024.286133,-00003.000000
      Vertex   -00007.715374,-00042.286133,+00013.000000
   End Polygon
   Begin Polygon Item=OUTSIDE Texture=UC_Panel_03 Flags=1073741856 Link=17
      Origin   -00007.715374,-00033.224060,+00000.944824
      Normal   -00000.000000,-00000.664364,-00000.747409
      TextureU +00001.000000,+00000.000000,+00000.000000
      TextureV +00000.000000,-00000.747409,+00000.664364
      Vertex   +00008.284626,-00042.286133,+00009.000000
      Vertex   -00007.715374,-00042.286133,+00009.000000
      Vertex   -00007.715374,-00024.286133,-00007.000000
      Vertex   -00006.151212,-00024.286133,-00007.000000
      Vertex   +00008.284626,-00028.040710,-00003.662628
   End Polygon
   Begin Polygon Item=OUTSIDE Texture=UC_Panel_03 Flags=1073741856 Link=18
      Origin   -00007.715374,-00040.286133,-00007.000000
      Normal   -00001.000000,-00000.000000,+00000.000000
      TextureU -00000.000000,+00001.000000,+00000.000000
      TextureV +00000.000000,+00000.000000,-00001.000000
      Vertex   -00007.715374,-00042.286133,+00009.000000
      Vertex   -00007.715374,-00042.286133,+00013.000000
      Vertex   -00007.715374,-00024.286133,-00003.000000
      Vertex   -00007.715374,-00024.286133,-00007.000000
   End Polygon
   Begin Polygon Item=OUTSIDE Texture=UC_Panel_03 Flags=1073741856 Link=19
      Origin   +00008.284626,-00024.286133,-00007.000000
      Normal   +00001.000000,+00000.000000,+00000.000000
      TextureU +00000.000000,-00001.000000,+00000.000000
      TextureV +00000.000000,+00000.000000,-00001.000000
      Vertex   +00008.284626,-00024.286133,-00003.000000
      Vertex   +00008.284626,-00042.286133,+00013.000000
      Vertex   +00008.284626,-00042.286133,+00009.000000
      Vertex   +00008.284626,-00024.286133,-00007.000000
   End Polygon
   Begin Polygon Item=OUTSIDE Texture=UC_Panel_03 Flags=1073741856 Link=20
      Origin   +00008.283913,-00044.284668,+00019.000000
      Normal   +00000.000000,-00000.707107,+00000.707107
      TextureU -00001.000000,-00000.000000,+00000.000000
      TextureV +00000.000000,-00000.707107,-00000.707107
      Vertex   +00008.283913,-00046.284668,+00017.000000
      Vertex   +00008.283913,-00042.284668,+00021.000000
      Vertex   -00007.716087,-00042.284668,+00021.000000
      Vertex   -00007.716087,-00046.284668,+00017.000000
   End Polygon
   Begin Polygon Item=OUTSIDE Texture=UC_Panel_03 Flags=1073741856 Link=21
      Origin   -00007.716087,-00046.284668,+00009.000000
      Normal   -00001.000000,-00000.000000,+00000.000000
      TextureU -00000.000000,+00001.000000,+00000.000000
      TextureV +00000.000000,+00000.000000,-00001.000000
      Vertex   -00007.716087,-00046.284668,+00017.000000
      Vertex   -00007.716087,-00042.284668,+00021.000000
      Vertex   -00007.715374,-00042.286133,+00013.000000
      Vertex   -00007.715374,-00042.286133,+00009.000000
      Vertex   -00007.716087,-00046.284668,+00013.000000
   End Polygon
   Begin Polygon Item=OUTSIDE Texture=UC_Panel_03 Flags=1073741856 Link=22
      Origin   +00008.284626,-00042.286133,+00009.000000
      Normal   +00001.000000,+00000.000000,+00000.000000
      TextureU +00000.000000,-00001.000000,+00000.000000
      TextureV +00000.000000,+00000.000000,-00001.000000
      Vertex   +00008.284626,-00042.286133,+00013.000000
      Vertex   +00008.283913,-00042.284668,+00021.000000
      Vertex   +00008.283913,-00046.284668,+00017.000000
      Vertex   +00008.283913,-00046.284668,+00013.000000
      Vertex   +00008.284626,-00042.286133,+00009.000000
   End Polygon
   Begin Polygon Item=OUTSIDE Texture=UC_Panel_03 Flags=1073741856 Link=23
      Origin   +00008.283913,-00046.284668,+00009.000000
      Normal   +00000.000000,-00001.000000,+00000.000000
      TextureU -00001.000000,-00000.000000,+00000.000000
      TextureV +00000.000000,+00000.000000,-00001.000000
      Vertex   +00008.283913,-00046.284668,+00017.000000
      Vertex   -00007.716087,-00046.284668,+00017.000000
      Vertex   -00007.716087,-00046.284668,+00013.000000
      Vertex   +00008.283913,-00046.284668,+00013.000000
   End Polygon
   Begin Polygon Item=OUTSIDE Texture=UC_Panel_03 Flags=1073741856 Link=24
      Origin   -00007.716087,-00044.284668,+00011.000000
      Normal   +00000.000000,-00000.707107,-00000.707107
      TextureU +00001.000000,+00000.000000,+00000.000000
      TextureV +00000.000000,-00000.707107,+00000.707107
      Vertex   -00007.716087,-00046.284668,+00013.000000
      Vertex   -00007.715374,-00042.286133,+00009.000000
      Vertex   +00008.284626,-00042.286133,+00009.000000
      Vertex   +00008.283913,-00046.284668,+00013.000000
   End Polygon
   Begin Polygon Item=OUTSIDE Texture=UC_Panel_03 Flags=1073741856 Link=25
      Origin   +00008.284626,-00042.286133,-00007.000000
      Normal   +00000.000000,-00001.000000,+00000.000000
      TextureU -00001.000000,-00000.000000,+00000.000000
      TextureV +00000.000000,+00000.000000,-00001.000000
      Vertex   +00008.284626,-00042.286133,+00009.000000
      Vertex   +00008.284626,-00042.286133,+00013.000000
      Vertex   -00007.715374,-00042.286133,+00013.000000
      Vertex   -00007.715374,-00042.286133,+00009.000000
   End Polygon
   Begin Polygon Item=OUTSIDE Texture=Marker_sky Flags=1073741857 Link=26
      Origin   +00016.284142,+00017.715332,+00013.000000
      Normal   +00001.000000,+00000.000000,+00000.000000
      TextureU +00000.000000,-00001.000000,+00000.000000
      TextureV +00000.000000,+00000.000000,-00001.000000
      Vertex   +00016.284142,-00014.284668,+00015.000000
      Vertex   +00016.284142,-00014.284668,+00013.000000
      Vertex   +00016.284142,+00017.715332,+00013.000000
      Vertex   +00016.284142,+00017.715332,+00015.000000
   End Polygon
   Begin Polygon Item=OUTSIDE Texture=UC_Panel_03 Flags=1073741856 Link=27
      Origin   +00042.283630,-00008.285645,+00009.000000
      Normal   -00001.000000,-00000.000000,+00000.000000
      TextureU -00000.000000,+00001.000000,+00000.000000
      TextureV +00000.000000,+00000.000000,-00001.000000
      Vertex   +00042.283630,-00008.285645,+00013.000000
      Vertex   +00042.284325,-00008.285156,+00021.000000
      Vertex   +00042.284325,+00007.714844,+00021.000000
      Vertex   +00042.283630,+00007.714355,+00013.000000
   End Polygon
   Begin Polygon Item=OUTSIDE Texture=VBC_Hlgram_01 Flags=1077936160 Link=28
      Origin   +00033.221561,+00007.714355,+00004.944824
      Normal   -00000.664364,+00000.000000,+00000.747409
      Pan      U=0 V=8
      TextureU +00000.000000,-00001.999999,+00000.000000
      TextureV +00001.494819,+00000.000000,+00001.328728
      Vertex   +00042.283630,+00007.714355,+00013.000000
      Vertex   +00024.283630,+00007.714355,-00003.000000
      Vertex   +00024.283630,-00008.285645,-00003.000000
      Vertex   +00042.283630,-00008.285645,+00013.000000
   End Polygon
   Begin Polygon Item=OUTSIDE Texture=UC_Panel_03 Flags=1073741856 Link=29
      Origin   +00033.221561,-00008.285645,+00000.944824
      Normal   +00000.664364,-00000.000000,-00000.747409
      TextureU -00000.000000,+00001.000000,+00000.000000
      TextureV +00000.747409,+00000.000000,+00000.664364
      Vertex   +00042.283630,+00007.714355,+00009.000000
      Vertex   +00042.283630,-00008.285645,+00009.000000
      Vertex   +00024.283630,-00008.285645,-00007.000000
      Vertex   +00024.283630,-00006.722931,-00007.000000
      Vertex   +00028.038565,+00007.714355,-00003.662292
   End Polygon
   Begin Polygon Item=OUTSIDE Texture=UC_Panel_03 Flags=1073741856 Link=30
      Origin   +00040.283630,-00008.285645,-00007.000000
      Normal   +00000.000000,-00001.000000,+00000.000000
      TextureU -00001.000000,-00000.000000,+00000.000000
      TextureV +00000.000000,+00000.000000,-00001.000000
      Vertex   +00042.283630,-00008.285645,+00009.000000
      Vertex   +00042.283630,-00008.285645,+00013.000000
      Vertex   +00024.283630,-00008.285645,-00003.000000
      Vertex   +00024.283630,-00008.285645,-00007.000000
   End Polygon
   Begin Polygon Item=OUTSIDE Texture=UC_Panel_03 Flags=1073741856 Link=31
      Origin   +00024.283630,+00007.714355,-00007.000000
      Normal   -00000.000000,+00001.000000,+00000.000000
      TextureU +00001.000000,+00000.000000,+00000.000000
      TextureV +00000.000000,+00000.000000,-00001.000000
      Vertex   +00024.283630,+00007.714355,-00003.000000
      Vertex   +00042.283630,+00007.714355,+00013.000000
      Vertex   +00042.283630,+00007.714355,+00009.000000
      Vertex   +00024.283630,+00007.714355,-00007.000000
   End Polygon
   Begin Polygon Item=OUTSIDE Texture=UC_Panel_03 Flags=1073741856 Link=32
      Origin   +00044.284325,+00007.714844,+00019.000000
      Normal   +00000.707107,+00000.000000,+00000.707107
      TextureU +00000.000000,-00001.000000,+00000.000000
      TextureV +00000.707107,-00000.000000,-00000.707107
      Vertex   +00046.284325,+00007.714844,+00017.000000
      Vertex   +00042.284325,+00007.714844,+00021.000000
      Vertex   +00042.284325,-00008.285156,+00021.000000
      Vertex   +00046.284325,-00008.285156,+00017.000000
   End Polygon
   Begin Polygon Item=OUTSIDE Texture=UC_Panel_03 Flags=1073741856 Link=33
      Origin   +00046.284325,-00008.285156,+00009.000000
      Normal   +00000.000000,-00001.000000,+00000.000000
      TextureU -00001.000000,-00000.000000,+00000.000000
      TextureV +00000.000000,+00000.000000,-00001.000000
      Vertex   +00046.284325,-00008.285156,+00017.000000
      Vertex   +00042.284325,-00008.285156,+00021.000000
      Vertex   +00042.283630,-00008.285645,+00009.000000
      Vertex   +00046.284325,-00008.285156,+00013.000000
   End Polygon
   Begin Polygon Item=OUTSIDE Texture=UC_Panel_03 Flags=1073741856 Link=34
      Origin   +00042.283630,+00007.714355,+00009.000000
      Normal   -00000.000000,+00001.000000,+00000.000000
      TextureU +00001.000000,+00000.000000,+00000.000000
      TextureV +00000.000000,+00000.000000,-00001.000000
      Vertex   +00042.284325,+00007.714844,+00021.000000
      Vertex   +00046.284325,+00007.714844,+00017.000000
      Vertex   +00046.284325,+00007.714844,+00013.000000
      Vertex   +00042.283630,+00007.714355,+00009.000000
   End Polygon
   Begin Polygon Item=OUTSIDE Texture=UC_Panel_03 Flags=1073741856 Link=35
      Origin   +00046.284325,+00007.714844,+00009.000000
      Normal   +00001.000000,+00000.000000,+00000.000000
      TextureU +00000.000000,-00001.000000,+00000.000000
      TextureV +00000.000000,+00000.000000,-00001.000000
      Vertex   +00046.284325,+00007.714844,+00017.000000
      Vertex   +00046.284325,-00008.285156,+00017.000000
      Vertex   +00046.284325,-00008.285156,+00013.000000
      Vertex   +00046.284325,+00007.714844,+00013.000000
   End Polygon
   Begin Polygon Item=OUTSIDE Texture=UC_Panel_03 Flags=1073741856 Link=36
      Origin   +00044.284325,-00008.285156,+00011.000000
      Normal   +00000.707107,-00000.000000,-00000.707107
      TextureU -00000.000000,+00001.000000,+00000.000000
      TextureV +00000.707107,+00000.000000,+00000.707107
      Vertex   +00046.284325,-00008.285156,+00013.000000
      Vertex   +00042.283630,-00008.285645,+00009.000000
      Vertex   +00042.283630,+00007.714355,+00009.000000
      Vertex   +00046.284325,+00007.714844,+00013.000000
   End Polygon
   Begin Polygon Item=OUTSIDE Texture=UC_Panel_03 Flags=1073741856 Link=37
      Origin   +00042.283630,+00007.714355,-00007.000000
      Normal   +00001.000000,+00000.000000,+00000.000000
      TextureU +00000.000000,-00001.000000,+00000.000000
      TextureV +00000.000000,+00000.000000,-00001.000000
      Vertex   +00042.283630,+00007.714355,+00009.000000
      Vertex   +00042.283630,+00007.714355,+00013.000000
      Vertex   +00042.283630,-00008.285645,+00013.000000
      Vertex   +00042.283630,-00008.285645,+00009.000000
   End Polygon
   Begin Polygon Item=OUTSIDE Texture=VBC_Hlgram_01 Flags=1077936160 Link=38
      Origin   -00007.715851,+00032.653259,+00004.944824
      Normal   -00000.000000,-00000.664364,+00000.747409
      Pan      U=0 V=8
      TextureU +00002.000000,+00000.000000,+00000.000000
      TextureV -00000.000000,+00001.494819,+00001.328728
      Vertex   -00007.715851,+00041.715332,+00013.000000
      Vertex   -00007.715851,+00023.715332,-00003.000000
      Vertex   +00008.284149,+00023.715332,-00003.000000
      Vertex   +00008.284149,+00041.715332,+00013.000000
   End Polygon
   Begin Polygon Item=OUTSIDE Texture=Marker_sky Flags=1073741857 Link=39
      Origin   +00016.284142,-00014.284668,+00015.000000
      Normal   +00000.000000,+00000.000000,+00001.000000
      TextureU -00001.000000,-00000.000000,+00000.000000
      TextureV +00000.000000,-00001.000000,+00000.000000
      Vertex   -00015.715858,+00017.715332,+00015.000000
      Vertex   -00015.715858,-00014.284668,+00015.000000
      Vertex   +00016.284142,-00014.284668,+00015.000000
      Vertex   +00016.284142,+00017.715332,+00015.000000
   End Polygon
   Begin Polygon Item=OUTSIDE Texture=Marker_sky Flags=1073741857 Link=40
      Origin   -00015.715858,-00014.284668,+00013.000000
      Normal   +00000.000000,+00000.000000,-00001.000000
      TextureU +00001.000000,+00000.000000,+00000.000000
      TextureV +00000.000000,-00001.000000,+00000.000000
      Vertex   -00015.715858,-00014.284668,+00013.000000
      Vertex   -00015.715858,+00017.715332,+00013.000000
      Vertex   +00016.284142,+00017.715332,+00013.000000
      Vertex   +00016.284142,-00014.284668,+00013.000000
   End Polygon
   Begin Polygon Item=OUTSIDE Texture=Marker_sky Flags=1073741857 Link=41
      Origin   -00015.715858,+00017.715332,+00013.000000
      Normal   -00000.000000,+00001.000000,+00000.000000
      TextureU +00001.000000,+00000.000000,+00000.000000
      TextureV +00000.000000,+00000.000000,-00001.000000
      Vertex   -00015.715858,+00017.715332,+00013.000000
      Vertex   -00015.715858,+00017.715332,+00015.000000
      Vertex   +00016.284142,+00017.715332,+00015.000000
      Vertex   +00016.284142,+00017.715332,+00013.000000
   End Polygon
   Begin Polygon Item=OUTSIDE Texture=UC_Panel_03 Flags=1073741856 Link=42
      Origin   +00008.284149,+00032.653259,+00000.944824
      Normal   +00000.000000,+00000.664364,-00000.747409
      TextureU -00001.000000,-00000.000000,+00000.000000
      TextureV -00000.000000,+00000.747409,+00000.664364
      Vertex   -00007.715851,+00041.715332,+00009.000000
      Vertex   +00008.284149,+00041.715332,+00009.000000
      Vertex   +00008.284149,+00027.470215,-00003.662323
      Vertex   -00006.152737,+00023.715332,-00007.000000
      Vertex   -00007.715851,+00023.715332,-00007.000000
   End Polygon
   Begin Polygon Item=OUTSIDE Texture=UC_Panel_03 Flags=1073741856 Link=43
      Origin   +00008.284149,+00039.715332,-00007.000000
      Normal   +00001.000000,+00000.000000,+00000.000000
      TextureU +00000.000000,-00001.000000,+00000.000000
      TextureV +00000.000000,+00000.000000,-00001.000000
      Vertex   +00008.284149,+00041.715332,+00009.000000
      Vertex   +00008.284149,+00041.715332,+00013.000000
      Vertex   +00008.284149,+00023.715332,-00003.000000
      Vertex   +00008.284149,+00023.715332,-00007.000000
   End Polygon
   Begin Polygon Item=OUTSIDE Texture=UC_Panel_03 Flags=1073741856 Link=44
      Origin   -00007.715851,+00023.715332,-00007.000000
      Normal   -00001.000000,-00000.000000,+00000.000000
      TextureU -00000.000000,+00001.000000,+00000.000000
      TextureV +00000.000000,+00000.000000,-00001.000000
      Vertex   -00007.715851,+00023.715332,-00003.000000
      Vertex   -00007.715851,+00041.715332,+00013.000000
      Vertex   -00007.715851,+00041.715332,+00009.000000
      Vertex   -00007.715851,+00023.715332,-00007.000000
   End Polygon
   Begin Polygon Item=2DLoftSIDE Texture=UC_Panel_03 Flags=-1073741824 Link=45
      Origin   +00032.283875,-00000.285156,+02183.000000
      Normal   +00000.923880,+00000.382682,+00000.000000
      TextureU -00000.382685,+00000.923879,+00000.000000
      TextureV +00000.000000,+00000.000000,+00001.000000
      Vertex   +00032.283875,-00000.285126,-00015.000000
      Vertex   +00032.283875,-00000.285126,-00025.000000
      Vertex   +00022.911375,+00022.342377,-00025.000000
      Vertex   +00022.911375,+00022.342377,-00015.000000
   End Polygon
   Begin Polygon Item=2DLoftSIDE Texture=UC_Panel_03 Flags=-1073741824 Link=46
      Origin   -00022.343567,-00022.912476,+02183.000000
      Normal   -00000.382683,-00000.923880,+00000.000000
      TextureU +00000.923880,-00000.382683,+00000.000000
      TextureV +00000.000000,+00000.000000,+00001.000000
      Vertex   -00022.343525,-00022.912537,-00015.000000
      Vertex   -00022.343525,-00022.912537,-00025.000000
      Vertex   +00000.283875,-00032.285034,-00025.000000
      Vertex   +00000.283875,-00032.285034,-00015.000000
   End Polygon
   Begin Polygon Item=2DLoftSIDE Texture=UC_Panel_03 Flags=1073741824 Link=47
      Origin   +00014.426373,+00013.856934,-00003.000000
      Normal   -00000.382683,-00000.923880,+00000.000000
      TextureU -00000.923879,+00000.382685,+00000.000000
      TextureV +00000.000000,+00000.000000,+00001.000000
      Vertex   +00000.284172,+00019.714844,-00003.000000
      Vertex   +00000.284172,+00019.714844,-00007.000000
      Vertex   +00014.426373,+00013.856934,-00007.000000
      Vertex   +00014.426373,+00013.856934,-00003.000000
   End Polygon
   Begin Polygon Item=2DLoftSIDE Texture=UC_Panel_03 Flags=1073741824 Link=48
      Origin   +00020.284172,-00000.285248,-00003.000000
      Normal   -00000.923879,-00000.382684,+00000.000000
      TextureU -00000.382685,+00000.923879,+00000.000000
      TextureV +00000.000000,+00000.000000,+00001.000000
      Vertex   +00014.426373,+00013.856934,-00003.000000
      Vertex   +00014.426373,+00013.856934,-00007.000000
      Vertex   +00020.284172,-00000.285248,-00007.000000
      Vertex   +00020.284172,-00000.285248,-00003.000000
   End Polygon
   Begin Polygon Item=2DLoftSIDE Texture=UC_Panel_03 Flags=1073741824 Link=49
      Origin   +00000.284172,-00020.285156,-00003.000000
      Normal   -00000.382685,+00000.923879,+00000.000000
      TextureU +00000.923880,+00000.382682,+00000.000000
      TextureV +00000.000000,+00000.000000,+00001.000000
      Vertex   +00014.426373,-00014.427368,-00003.000000
      Vertex   +00014.426373,-00014.427368,-00007.000000
      Vertex   +00000.284172,-00020.285156,-00007.000000
      Vertex   +00000.284172,-00020.285156,-00003.000000
   End Polygon
   Begin Polygon Item=2DLoftSIDE Texture=UC_Panel_03 Flags=1073741824 Link=50
      Origin   -00019.715828,-00000.285156,-00003.000000
      Normal   +00000.923880,+00000.382682,+00000.000000
      TextureU +00000.382682,-00000.923880,+00000.000000
      TextureV +00000.000000,+00000.000000,+00001.000000
      Vertex   -00013.857929,-00014.427368,-00003.000000
      Vertex   -00013.857929,-00014.427368,-00007.000000
      Vertex   -00019.715828,-00000.285156,-00007.000000
      Vertex   -00019.715828,-00000.285156,-00003.000000
   End Polygon
   Begin Polygon Item=2DLoftSIDE Texture=UC_Panel_03 Flags=1073741824 Link=51
      Origin   -00013.857929,-00014.427368,-00003.000000
      Normal   +00000.382685,+00000.923879,+00000.000000
      TextureU +00000.923880,-00000.382683,+00000.000000
      TextureV +00000.000000,+00000.000000,+00001.000000
      Vertex   +00000.284172,-00020.285156,-00003.000000
      Vertex   +00000.284172,-00020.285156,-00007.000000
      Vertex   -00013.857929,-00014.427368,-00007.000000
      Vertex   -00013.857929,-00014.427368,-00003.000000
   End Polygon
   Begin Polygon Item=2DLoftSIDE Texture=UC_Panel_03 Flags=1073741824 Link=52
      Origin   +00014.426373,-00014.427368,-00003.000000
      Normal   -00000.923879,+00000.382685,+00000.000000
      TextureU +00000.382685,+00000.923879,+00000.000000
      TextureV +00000.000000,+00000.000000,+00001.000000
      Vertex   +00020.284172,-00000.285248,-00003.000000
      Vertex   +00020.284172,-00000.285248,-00007.000000
      Vertex   +00014.426373,-00014.427368,-00007.000000
      Vertex   +00014.426373,-00014.427368,-00003.000000
   End Polygon
   Begin Polygon Item=2DLoftSIDE Texture=UC_Panel_03 Flags=1073741824 Link=53
      Origin   -02075.538086,-03636.138428,+04197.000000
      Normal   -00000.325839,+00000.786640,+00000.524429
      TextureU -00000.923879,-00000.382684,+00000.000000
      TextureV -00000.200692,+00000.484509,-00000.851454
      Vertex   -00022.343525,+00022.342377,-00015.000000
      Vertex   -00016.686626,+00016.685455,-00003.000000
      Vertex   +00000.283875,+00023.714966,-00003.000000
      Vertex   +00000.283875,+00031.714966,-00015.000000
   End Polygon
   Begin Polygon Item=2DLoftSIDE Texture=UC_Panel_03 Flags=1073741824 Link=54
      Origin   -00013.857929,+00013.856934,-00003.000000
      Normal   +00000.923880,-00000.382683,+00000.000000
      TextureU -00000.382683,-00000.923880,+00000.000000
      TextureV +00000.000000,+00000.000000,+00001.000000
      Vertex   -00019.715828,-00000.285156,-00003.000000
      Vertex   -00019.715828,-00000.285156,-00007.000000
      Vertex   -00013.857929,+00013.856934,-00007.000000
      Vertex   -00013.857929,+00013.856934,-00003.000000
   End Polygon
   Begin Polygon Item=2DLoftSIDE Texture=VBC_Hlgram_02 Flags=1077936128 Link=55
      Origin   +00000.284172,+00019.714844,-00007.000000
      Normal   +00000.000000,+00000.000000,+00001.000000
      Pan      U=-16 V=4
      TextureU -00001.000000,-00000.000000,+00000.000000
      TextureV -00000.000000,+00001.000000,+00000.000000
      Vertex   +00000.284172,+00019.714844,-00007.000000
      Vertex   -00013.857929,+00013.856934,-00007.000000
      Vertex   -00019.715828,-00000.285156,-00007.000000
      Vertex   -00013.857929,-00014.427368,-00007.000000
      Vertex   +00000.284172,-00020.285156,-00007.000000
      Vertex   +00014.426373,-00014.427368,-00007.000000
      Vertex   +00020.284172,-00000.285248,-00007.000000
      Vertex   +00014.426373,+00013.856934,-00007.000000
   End Polygon
   Begin Polygon Item=2DLoftSIDE Texture=UC_Panel_03 Flags=1073741824 Link=56
      Origin   +00000.284172,+00019.714844,-00003.000000
      Normal   +00000.382682,-00000.923880,+00000.000000
      TextureU -00000.923879,-00000.382684,+00000.000000
      TextureV +00000.000000,+00000.000000,+00001.000000
      Vertex   -00013.857929,+00013.856934,-00003.000000
      Vertex   -00013.857929,+00013.856934,-00007.000000
      Vertex   +00000.284172,+00019.714844,-00007.000000
      Vertex   +00000.284172,+00019.714844,-00003.000000
   End Polygon
   Begin Polygon Item=2DLoftSIDE Texture=UC_Panel_03 Flags=1073741824 Link=57
      Origin   -00104.887909,-06956.035156,+04197.000000
      Normal   -00000.786640,+00000.325839,+00000.524429
      TextureU -00000.382683,-00000.923880,+00000.000000
      TextureV -00000.484509,+00000.200692,-00000.851454
      Vertex   -00016.686626,+00016.685455,-00003.000000
      Vertex   -00022.343525,+00022.342377,-00015.000000
      Vertex   -00031.716125,-00000.285034,-00015.000000
      Vertex   -00025.390186,-00000.284729,-00005.511261
      Vertex   -00023.716125,-00000.285034,-00003.000000
   End Polygon
   Begin Polygon Item=2DLoftSIDE Texture=UC_Panel_03 Flags=-1073741824 Link=58
      Origin   +00000.283875,+00031.714966,+02183.000000
      Normal   -00000.382685,+00000.923879,+00000.000000
      TextureU -00000.923879,-00000.382684,+00000.000000
      TextureV +00000.000000,+00000.000000,+00001.000000
      Vertex   -00022.343525,+00022.342377,-00025.000000
      Vertex   -00022.343525,+00022.342377,-00015.000000
      Vertex   +00000.283875,+00031.714966,-00015.000000
      Vertex   +00000.283875,+00031.714966,-00025.000000
   End Polygon
   Begin Polygon Item=2DLoftSIDE Texture=UC_Panel_03 Flags=-1073741824 Link=59
      Origin   -00022.343567,+00022.342407,+02183.000000
      Normal   -00000.923879,+00000.382685,+00000.000000
      TextureU -00000.382683,-00000.923880,+00000.000000
      TextureV +00000.000000,+00000.000000,+00001.000000
      Vertex   -00022.343525,+00022.342377,-00015.000000
      Vertex   -00022.343525,+00022.342377,-00025.000000
      Vertex   -00031.716125,-00000.285034,-00025.000000
      Vertex   -00031.716125,-00000.285034,-00015.000000
   End Polygon
   Begin Polygon Item=2DLoftSIDE Texture=UC_Panel_03 Flags=1073741824 Link=60
      Origin   -04843.812500,-04993.115234,+04197.000000
      Normal   +00000.786641,-00000.325836,+00000.524429
      TextureU +00000.382685,+00000.923879,+00000.000000
      TextureV +00000.484510,-00000.200690,-00000.851454
      Vertex   +00017.254475,-00017.255646,-00003.000000
      Vertex   +00022.911375,-00022.912537,-00015.000000
      Vertex   +00032.283875,-00000.285126,-00015.000000
      Vertex   +00026.950541,-00000.285126,-00007.000000
      Vertex   +00025.958138,-00000.284637,-00005.511566
      Vertex   +00024.283875,-00000.285126,-00003.000000
   End Polygon
   Begin Polygon Item=2DLoftSIDE Texture=UC_Panel_03 Flags=1073741824 Link=61
      Origin   +02632.368408,+01685.484985,+04197.000000
      Normal   -00000.325836,-00000.786641,+00000.524429
      TextureU +00000.923880,-00000.382683,+00000.000000
      TextureV -00000.200690,-00000.484510,-00000.851454
      Vertex   -00016.686626,-00017.255646,-00003.000000
      Vertex   -00022.343525,-00022.912537,-00015.000000
      Vertex   +00000.283875,-00032.285034,-00015.000000
      Vertex   +00000.284197,-00025.959900,-00005.512207
      Vertex   +00000.283875,-00024.285034,-00003.000000
   End Polygon
   Begin Polygon Item=OUTSIDE Texture=UC_Panel_03 Flags=1073741856 Link=62
      Origin   -00023.715355,+00007.713806,-00007.000000
      Normal   +00001.000000,+00000.000000,+00000.000000
      TextureU +00000.000000,-00001.000000,+00000.000000
      TextureV +00000.000000,+00000.000000,-00001.000000
      Vertex   -00023.715355,+00006.154724,-00007.000000
      Vertex   -00023.715355,+00007.713806,-00007.000000
      Vertex   -00023.715355,+00007.713806,-00003.000000
      Vertex   -00023.716125,-00000.285034,-00003.000000
   End Polygon
   Begin Polygon Item=2DLoftSIDE Texture=UC_Panel_03 Flags=1073741824 Link=63
      Origin   +04603.046387,-04410.443359,+04197.000000
      Normal   -00000.786641,-00000.325838,+00000.524429
      TextureU +00000.382682,-00000.923880,+00000.000000
      TextureV -00000.484509,-00000.200691,-00000.851454
      Vertex   -00023.716125,-00000.285034,-00003.000000
      Vertex   -00031.716125,-00000.285034,-00015.000000
      Vertex   -00022.343525,-00022.912537,-00015.000000
      Vertex   -00016.686626,-00017.255646,-00003.000000
   End Polygon
   Begin Polygon Item=OUTSIDE Texture=UC_Panel_03 Flags=1073741856 Link=5
      Origin   -00032.653286,+00007.713806,+00000.944824
      Normal   -00000.664364,+00000.000000,-00000.747409
      TextureU +00000.000000,-00001.000000,+00000.000000
      TextureV -00000.747409,-00000.000000,+00000.664364
      Vertex   -00025.390186,-00000.284729,-00005.511261
      Vertex   -00023.715355,-00006.724213,-00007.000000
      Vertex   -00023.715355,-00008.286194,-00007.000000
      Vertex   -00027.471279,-00008.286194,-00003.661407
   End Polygon
   Begin Polygon Item=OUTSIDE Texture=UC_Panel_03 Flags=1073741856 Link=62
      Origin   -00023.715355,+00007.713806,-00007.000000
      Normal   +00001.000000,+00000.000000,+00000.000000
      TextureU +00000.000000,-00001.000000,+00000.000000
      TextureV +00000.000000,+00000.000000,-00001.000000
      Vertex   -00023.715355,-00006.724213,-00007.000000
      Vertex   -00023.716125,-00000.285034,-00003.000000
      Vertex   -00023.715355,-00008.286194,-00003.000000
      Vertex   -00023.715355,-00008.286194,-00007.000000
   End Polygon
   Begin Polygon Item=2DLoftSIDE Texture=UC_Panel_03 Flags=-1073741824 Link=66
      Origin   -00031.716125,-00000.285034,+02183.000000
      Normal   -00000.923879,-00000.382684,+00000.000000
      TextureU +00000.382682,-00000.923880,+00000.000000
      TextureV +00000.000000,+00000.000000,+00001.000000
      Vertex   -00031.716125,-00000.285034,-00015.000000
      Vertex   -00031.716125,-00000.285034,-00025.000000
      Vertex   -00022.343525,-00022.912537,-00025.000000
      Vertex   -00022.343525,-00022.912537,-00015.000000
   End Polygon
   Begin Polygon Item=OUTSIDE Texture=UC_Panel_03 Flags=1073741856 Link=67
      Origin   -00007.715374,-00024.286133,-00007.000000
      Normal   -00000.000000,+00001.000000,+00000.000000
      TextureU +00001.000000,+00000.000000,+00000.000000
      TextureV +00000.000000,+00000.000000,-00001.000000
      Vertex   -00006.151212,-00024.286133,-00007.000000
      Vertex   -00007.715374,-00024.286133,-00007.000000
      Vertex   -00007.715374,-00024.286133,-00003.000000
      Vertex   +00000.283875,-00024.285034,-00003.000000
   End Polygon
   Begin Polygon Item=2DLoftSIDE Texture=UC_Panel_03 Flags=1073741824 Link=68
      Origin   -04038.446289,+01102.842529,+04197.000000
      Normal   +00000.325834,-00000.786642,+00000.524429
      TextureU +00000.923880,+00000.382682,+00000.000000
      TextureV +00000.200689,-00000.484510,-00000.851454
      Vertex   +00000.283875,-00024.285034,-00003.000000
      Vertex   +00000.284197,-00025.959900,-00005.512207
      Vertex   +00000.283875,-00032.285034,-00015.000000
      Vertex   +00022.911375,-00022.912537,-00015.000000
      Vertex   +00017.254475,-00017.255646,-00003.000000
   End Polygon
   Begin Polygon Item=OUTSIDE Texture=UC_Panel_03 Flags=1073741856 Link=17
      Origin   -00007.715374,-00033.224060,+00000.944824
      Normal   -00000.000000,-00000.664364,-00000.747409
      TextureU +00001.000000,+00000.000000,+00000.000000
      TextureV +00000.000000,-00000.747409,+00000.664364
      Vertex   +00000.284197,-00025.959900,-00005.512207
      Vertex   +00006.719649,-00024.286133,-00007.000000
      Vertex   +00008.284626,-00024.286133,-00007.000000
      Vertex   +00008.284626,-00028.040710,-00003.662628
   End Polygon
