Begin PolyList
   Begin Polygon Texture=NYC_GrayMetal_A Flags=-1073741824 Link=0
      Origin   -00128.000000,-00128.000000,-00128.000000
      Normal   +00000.000000,+00000.000000,-00001.000000
      TextureU +00001.000000,+00000.000000,+00000.000000
      TextureV +00000.000000,-00001.000000,+00000.000000
      Vertex   -00048.000000,-00064.000000,-00128.000000
      Vertex   -00088.000000,-00064.000000,-00128.000000
      Vertex   -00088.000000,+00000.000000,-00128.000000
      Vertex   -00048.000000,+00000.000000,-00128.000000
   End Polygon
   Begin Polygon Item=Cap Texture=NYC_GrayMetal_A Flags=1073741824 Link=1
      Origin   -00063.514717,-00070.000000,-00122.000000
      Normal   +00000.000000,-00001.000000,+00000.000000
      TextureU -00000.707107,+00000.000000,+00000.707107
      TextureV -00000.707107,-00000.000000,-00000.707107
      Vertex   -00063.997787,-00070.000000,-00119.303802
      Vertex   -00062.505356,-00070.000000,-00114.786743
      Vertex   -00063.150925,-00070.000000,-00114.786743
      Vertex   -00064.554832,-00070.000000,-00119.393158
   End Polygon
   Begin Polygon Texture=NYC_GalvMetl_A Flags=1207959552 Link=2
      Origin   -00070.000000,-00072.000000,-00050.000000
      Normal   -00000.000000,+00000.928477,-00000.371391
      TextureU +00001.000000,+00000.000000,+00000.000000
      TextureV +00000.000000,-00000.371391,-00000.928477
      Vertex   -00062.000000,-00072.000000,-00050.000000
      Vertex   -00070.000000,-00072.000000,-00050.000000
      Vertex   -00070.000000,-00068.000000,-00040.000000
      Vertex   -00062.000000,-00068.000000,-00040.000000
   End Polygon
   Begin Polygon Texture=NYC_GalvMetl_A Flags=1207959552 Link=3
      Origin   -00070.000000,-00072.000000,-00050.000000
      Normal   +00000.000000,+00000.000000,-00001.000000
      TextureU +00001.000000,+00000.000000,+00000.000000
      TextureV +00000.000000,-00001.000000,+00000.000000
      Vertex   -00070.000000,-00072.000000,-00050.000000
      Vertex   -00070.000000,-00070.000000,-00050.000000
      Vertex   -00062.000000,-00070.000000,-00050.000000
      Vertex   -00062.000000,-00072.000000,-00050.000000
   End Polygon
   Begin Polygon Texture=NYC_GrayMetal_A Flags=1073741824 Link=4
      Origin   -00067.500000,-00087.020782,-00119.031815
      Normal   -00000.949408,-00000.105482,-00000.295799
      TextureU +00000.054952,+00000.871571,-00000.487180
      TextureV +00000.309199,-00000.478787,-00000.821680
      Vertex   -00068.000000,-00086.253708,-00117.715912
      Vertex   -00068.000000,-00080.344849,-00119.807648
      Vertex   -00067.500000,-00080.573105,-00121.346436
      Vertex   -00067.500000,-00087.020782,-00119.031815
   End Polygon
   Begin Polygon Texture=NYC_GrayMetal_A Flags=1073741824 Link=5
      Origin   -00066.000000,-00073.653526,-00121.443573
      Normal   -00000.293690,+00000.409018,-00000.863973
      TextureU +00000.072246,+00000.910744,+00000.406602
      TextureV +00000.953167,+00000.056996,-00000.297026
      Vertex   -00066.517166,-00072.207977,-00120.586884
      Vertex   -00067.299255,-00070.000000,-00119.272278
      Vertex   -00065.951889,-00070.000000,-00119.730286
      Vertex   -00066.000000,-00073.653526,-00121.443573
   End Polygon
   Begin Polygon Texture=NYC_GrayMetal_A Flags=1073741824 Link=6
      Origin   -00064.500000,-00095.007751,-00108.250458
      Normal   +00000.275520,-00000.868607,-00000.411839
      TextureU -00000.034614,+00000.419179,-00000.907244
      TextureV +00000.960672,+00000.264219,+00000.085426
      Vertex   -00066.000000,-00092.457733,-00114.722595
      Vertex   -00064.500000,-00092.056137,-00114.424744
      Vertex   -00064.500000,-00095.007751,-00108.250458
      Vertex   -00066.000000,-00095.432770,-00108.389587
   End Polygon
   Begin Polygon Texture=NYC_GrayMetal_A Flags=1073741824 Link=7
      Origin   -00064.000000,-00090.851318,-00113.531189
      Normal   +00000.947436,-00000.215683,-00000.236318
      TextureU -00000.058183,+00000.610156,-00000.790142
      TextureV +00000.314611,+00000.762359,+00000.565534
      Vertex   -00064.000000,-00090.851318,-00113.531189
      Vertex   -00064.500000,-00092.056137,-00114.424744
      Vertex   -00064.500000,-00087.020782,-00119.031815
      Vertex   -00064.000000,-00086.253708,-00117.715912
   End Polygon
   Begin Polygon Texture=NYC_GrayMetal_A Flags=1073741824 Link=8
      Origin   -00064.500000,-00080.573105,-00121.346436
      Normal   +00000.275520,+00000.046248,-00000.960182
      TextureU -00000.050798,+00000.998147,+00000.033501
      TextureV +00000.959952,+00000.039545,+00000.277359
      Vertex   -00066.000000,-00073.653526,-00121.443573
      Vertex   -00064.500000,-00073.731163,-00121.003143
      Vertex   -00064.500000,-00080.573105,-00121.346436
      Vertex   -00066.000000,-00080.635361,-00121.766113
   End Polygon
   Begin Polygon Texture=NYC_GrayMetal_A Flags=1073741824 Link=9
      Origin   -00064.000000,-00093.826828,-00101.652313
      Normal   +00000.947436,-00000.319613,-00000.014592
      TextureU -00000.058183,-00000.127270,-00000.990160
      TextureV +00000.314611,+00000.938962,-00000.139176
      Vertex   -00064.500000,-00095.007751,-00108.250458
      Vertex   -00064.000000,-00093.534866,-00107.862366
      Vertex   -00064.000000,-00093.826828,-00101.652313
      Vertex   -00064.500000,-00095.310593,-00101.432220
   End Polygon
   Begin Polygon Texture=NYC_GrayMetal_A Flags=1073741824 Link=10
      Origin   -00064.000000,-00093.534866,-00107.862366
      Normal   +00000.949408,-00000.283749,-00000.134574
      TextureU -00000.054952,+00000.271806,-00000.960782
      TextureV +00000.309199,+00000.919569,+00000.242462
      Vertex   -00064.500000,-00092.056137,-00114.424744
      Vertex   -00064.000000,-00090.851318,-00113.531189
      Vertex   -00064.000000,-00092.046700,-00110.981522
      Vertex   -00064.000000,-00093.534866,-00107.862366
      Vertex   -00064.500000,-00095.007751,-00108.250458
   End Polygon
   Begin Polygon Texture=NYC_GrayMetal_A Flags=1073741824 Link=11
      Origin   -00066.000000,-00092.457733,-00114.722595
      Normal   -00000.293690,-00000.642205,-00000.708039
      TextureU +00000.058873,+00000.727145,-00000.683954
      TextureV +00000.954086,-00000.242555,-00000.175747
      Vertex   -00067.500000,-00087.020782,-00119.031815
      Vertex   -00066.000000,-00087.222923,-00119.430740
      Vertex   -00066.000000,-00092.457733,-00114.722595
      Vertex   -00067.500000,-00092.056137,-00114.424744
   End Polygon
   Begin Polygon Texture=NYC_GrayMetal_A Flags=1073741824 Link=12
      Origin   -00068.000000,-00080.344849,-00119.807648
      Normal   -00000.944829,-00000.017929,+00000.327073
      TextureU -00000.061973,+00000.990252,-00000.124740
      TextureV -00000.321648,-00000.138127,-00000.936730
      Vertex   -00068.000000,-00080.344849,-00119.807648
      Vertex   -00067.500000,-00080.137337,-00118.408737
      Vertex   -00067.500000,-00074.435272,-00118.039337
      Vertex   -00068.000000,-00074.083221,-00119.521240
   End Polygon
   Begin Polygon Texture=NYC_GrayMetal_A Flags=1073741824 Link=13
      Origin   -00067.500000,-00074.435272,-00118.039337
      Normal   -00000.316233,-00000.403202,+00000.858734
      TextureU +00000.000539,+00000.905111,+00000.425176
      TextureV -00000.948681,+00000.134917,-00000.286009
      Vertex   -00067.502838,-00070.000000,-00115.957886
      Vertex   -00067.500000,-00071.828842,-00116.809906
      Vertex   -00067.500000,-00074.435272,-00118.039337
      Vertex   -00066.000000,-00074.652802,-00117.578156
      Vertex   -00065.842148,-00070.000000,-00115.346313
   End Polygon
   Begin Polygon Texture=NYC_GrayMetal_A Flags=1073741824 Link=14
      Origin   -00067.500000,-00092.056137,-00114.424744
      Normal   -00000.947436,-00000.215683,-00000.236318
      TextureU +00000.058183,+00000.610156,-00000.790142
      TextureV +00000.314611,-00000.762359,-00000.565534
      Vertex   -00068.000000,-00086.253708,-00117.715912
      Vertex   -00067.500000,-00087.020782,-00119.031815
      Vertex   -00067.500000,-00092.056137,-00114.424744
      Vertex   -00068.000000,-00090.851318,-00113.531189
   End Polygon
   Begin Polygon Texture=NYC_GrayMetal_A Flags=1073741824 Link=15
      Origin   -00067.500000,-00095.310593,-00101.432220
      Normal   -00000.947436,-00000.319613,-00000.014592
      TextureU +00000.058183,-00000.127270,-00000.990160
      TextureV +00000.314611,-00000.938962,+00000.139176
      Vertex   -00068.000000,-00093.534866,-00107.862366
      Vertex   -00067.500000,-00095.007751,-00108.250458
      Vertex   -00067.500000,-00095.310593,-00101.432220
      Vertex   -00068.000000,-00093.826828,-00101.652313
   End Polygon
   Begin Polygon Texture=NYC_GrayMetal_A Flags=1073741824 Link=16
      Origin   -00067.500000,-00095.007751,-00108.250458
      Normal   -00000.949408,-00000.283749,-00000.134574
      TextureU +00000.054952,+00000.271806,-00000.960782
      TextureV +00000.309199,-00000.919569,-00000.242462
      Vertex   -00068.000000,-00093.534866,-00107.862366
      Vertex   -00068.000000,-00090.851318,-00113.531189
      Vertex   -00067.500000,-00092.056137,-00114.424744
      Vertex   -00067.500000,-00095.007751,-00108.250458
   End Polygon
   Begin Polygon Texture=NYC_GrayMetal_A Flags=1073741824 Link=17
      Origin   -00066.000000,-00095.432770,-00108.389587
      Normal   -00000.275520,-00000.868607,-00000.411839
      TextureU +00000.034614,+00000.419179,-00000.907244
      TextureV +00000.960672,-00000.264219,-00000.085426
      Vertex   -00067.500000,-00095.007751,-00108.250458
      Vertex   -00067.500000,-00092.056137,-00114.424744
      Vertex   -00066.000000,-00092.457733,-00114.722595
      Vertex   -00066.000000,-00095.432770,-00108.389587
   End Polygon
   Begin Polygon Texture=NYC_GrayMetal_A Flags=1073741824 Link=18
      Origin   -00067.500000,-00092.343063,-00101.872406
      Normal   -00000.947438,+00000.301302,-00000.107599
      TextureU -00000.059032,+00000.165910,+00000.984372
      TextureV +00000.314611,+00000.938962,-00000.139176
      Vertex   -00067.500000,-00090.378845,-00096.539200
      Vertex   -00067.500000,-00092.343063,-00101.872406
      Vertex   -00068.000000,-00093.826828,-00101.652313
      Vertex   -00068.000000,-00091.744751,-00095.794403
   End Polygon
   Begin Polygon Texture=NYC_GrayMetal_A Flags=1073741824 Link=19
      Origin   -00067.500000,-00085.486633,-00116.400009
      Normal   -00000.323822,+00000.326322,+00000.888062
      TextureU -00000.113864,+00000.918373,-00000.378980
      TextureV -00000.939241,-00000.223840,-00000.260233
      Vertex   -00067.500000,-00080.137337,-00118.408737
      Vertex   -00067.500000,-00085.486633,-00116.400009
      Vertex   -00066.000000,-00085.144600,-00116.021851
      Vertex   -00066.000000,-00080.054337,-00117.849182
   End Polygon
   Begin Polygon Texture=NYC_GrayMetal_A Flags=1073741824 Link=20
      Origin   -00068.000000,-00090.851318,-00113.531189
      Normal   -00000.947438,+00000.215002,+00000.236927
      TextureU -00000.059032,+00000.610350,-00000.789929
      TextureV -00000.314445,-00000.762396,-00000.565577
      Vertex   -00068.000000,-00090.851318,-00113.531189
      Vertex   -00067.500000,-00089.646515,-00112.637634
      Vertex   -00067.500000,-00085.486633,-00116.400009
      Vertex   -00068.000000,-00086.253708,-00117.715912
   End Polygon
   Begin Polygon Texture=NYC_GrayMetal_A Flags=1073741824 Link=21
      Origin   -00067.500000,-00092.061981,-00107.474274
      Normal   -00000.323822,+00000.858699,+00000.397210
      TextureU -00000.113864,+00000.381409,-00000.917367
      TextureV -00000.939241,-00000.342291,-00000.025734
      Vertex   -00066.000000,-00089.244904,-00112.339783
      Vertex   -00066.626472,-00089.434906,-00112.480713
      Vertex   -00067.500000,-00089.646515,-00112.637634
      Vertex   -00067.500000,-00092.061981,-00107.474274
      Vertex   -00066.000000,-00091.552719,-00107.448730
   End Polygon
   Begin Polygon Texture=NYC_GrayMetal_A Flags=1073741824 Link=22
      Origin   -00067.500000,-00092.343063,-00101.872406
      Normal   -00000.316233,+00000.947404,+00000.049212
      TextureU -00000.059355,+00000.032014,-00000.997724
      TextureV -00000.946823,-00000.318434,+00000.046109
      Vertex   -00067.500000,-00092.061981,-00107.474274
      Vertex   -00067.500000,-00092.343063,-00101.872406
      Vertex   -00066.000000,-00091.848473,-00101.945770
      Vertex   -00066.000000,-00091.552719,-00107.448730
   End Polygon
   Begin Polygon Texture=NYC_GrayMetal_A Flags=1073741824 Link=23
      Origin   -00068.000000,-00093.826828,-00101.652313
      Normal   -00000.947438,+00000.319562,+00000.015503
      TextureU -00000.059032,-00000.126982,-00000.990147
      TextureV -00000.314445,-00000.939018,+00000.139172
      Vertex   -00067.500000,-00092.343063,-00101.872406
      Vertex   -00067.500000,-00092.061981,-00107.474274
      Vertex   -00068.000000,-00093.534866,-00107.862366
      Vertex   -00068.000000,-00093.826828,-00101.652313
   End Polygon
   Begin Polygon Texture=NYC_GrayMetal_A Flags=1073741824 Link=24
      Origin   -00068.000000,-00093.534866,-00107.862366
      Normal   -00000.944829,+00000.296904,+00000.138369
      TextureU -00000.054952,+00000.271806,-00000.960782
      TextureV -00000.322870,-00000.915379,-00000.240491
      Vertex   -00067.500000,-00092.061981,-00107.474274
      Vertex   -00067.500000,-00089.646515,-00112.637634
      Vertex   -00068.000000,-00090.851318,-00113.531189
      Vertex   -00068.000000,-00093.534866,-00107.862366
   End Polygon
   Begin Polygon Texture=NYC_GrayMetal_A Flags=1073741824 Link=25
      Origin   -00066.000000,-00091.552719,-00107.448730
      Normal   +00000.323821,+00000.858699,+00000.397210
      TextureU +00000.113864,+00000.381409,-00000.917367
      TextureV -00000.939242,+00000.342291,+00000.025734
      Vertex   -00065.299339,-00089.457718,-00112.497620
      Vertex   -00066.000000,-00089.244904,-00112.339783
      Vertex   -00066.000000,-00091.552719,-00107.448730
      Vertex   -00064.500000,-00092.061981,-00107.474274
      Vertex   -00064.500000,-00089.646515,-00112.637634
   End Polygon
   Begin Polygon Texture=NYC_GrayMetal_A Flags=1073741824 Link=26
      Origin   -00066.000000,-00089.244904,-00112.339783
      Normal   +00000.316233,+00000.635118,+00000.704714
      TextureU +00000.059355,+00000.728134,-00000.682860
      TextureV -00000.946823,+00000.257771,+00000.192563
      Vertex   -00064.500000,-00085.486633,-00116.400009
      Vertex   -00066.000000,-00085.144600,-00116.021851
      Vertex   -00066.000000,-00089.244904,-00112.339783
      Vertex   -00065.299339,-00089.457718,-00112.497620
      Vertex   -00064.500000,-00089.646515,-00112.637634
   End Polygon
   Begin Polygon Texture=NYC_GrayMetal_A Flags=1073741824 Link=27
      Origin   -00067.500000,-00089.646515,-00112.637634
      Normal   -00000.316233,+00000.635118,+00000.704714
      TextureU -00000.059355,+00000.728134,-00000.682860
      TextureV -00000.946823,-00000.257771,-00000.192563
      Vertex   -00067.500000,-00085.486633,-00116.400009
      Vertex   -00067.500000,-00089.646515,-00112.637634
      Vertex   -00066.626472,-00089.434906,-00112.480713
      Vertex   -00066.000000,-00089.244904,-00112.339783
      Vertex   -00066.000000,-00085.144600,-00116.021851
   End Polygon
   Begin Polygon Texture=NYC_GrayMetal_A Flags=1073741824 Link=28
      Origin   -00068.000000,-00086.253708,-00117.715912
      Normal   -00000.944829,+00000.112102,+00000.307785
      TextureU -00000.054952,+00000.871571,-00000.487180
      TextureV -00000.322870,-00000.477218,-00000.817324
      Vertex   -00068.000000,-00086.253708,-00117.715912
      Vertex   -00067.500000,-00085.486633,-00116.400009
      Vertex   -00067.500000,-00080.137337,-00118.408737
      Vertex   -00068.000000,-00080.344849,-00119.807648
   End Polygon
   Begin Polygon Texture=NYC_GrayMetal_A Flags=1073741824 Link=29
      Origin   -00066.000000,-00095.805176,-00101.358856
      Normal   -00000.293690,-00000.954767,-00000.046552
      TextureU +00000.058873,+00000.030541,-00000.997798
      TextureV +00000.954086,-00000.295784,+00000.047240
      Vertex   -00067.500000,-00095.007751,-00108.250458
      Vertex   -00066.000000,-00095.432770,-00108.389587
      Vertex   -00066.000000,-00095.805176,-00101.358856
      Vertex   -00067.500000,-00095.310593,-00101.432220
   End Polygon
   Begin Polygon Texture=NYC_GrayMetal_A Flags=1073741824 Link=30
      Origin   -00066.000000,-00091.848473,-00101.945770
      Normal   -00000.316233,+00000.892324,-00000.322110
      TextureU -00000.059355,+00000.320259,+00000.945469
      TextureV +00000.946823,+00000.318107,-00000.048313
      Vertex   -00066.000000,-00091.848473,-00101.945770
      Vertex   -00067.500000,-00092.343063,-00101.872406
      Vertex   -00067.500000,-00090.378845,-00096.539200
      Vertex   -00066.000000,-00089.968033,-00096.765625
   End Polygon
   Begin Polygon Texture=NYC_GrayMetal_A Flags=1073741824 Link=31
      Origin   -00064.500000,-00092.343063,-00101.872406
      Normal   +00000.947438,+00000.319562,+00000.015503
      TextureU +00000.059032,-00000.126982,-00000.990147
      TextureV -00000.314445,+00000.939018,-00000.139172
      Vertex   -00064.797546,-00092.138550,-00103.929871
      Vertex   -00064.500000,-00092.214600,-00104.432648
      Vertex   -00064.000000,-00093.534866,-00107.862366
      Vertex   -00064.500000,-00092.061981,-00107.474274
   End Polygon
   Begin Polygon Texture=NYC_GrayMetal_A Flags=1073741824 Link=32
      Origin   -00064.500000,-00092.061981,-00107.474274
      Normal   +00000.944829,+00000.296904,+00000.138369
      TextureU +00000.054952,+00000.271806,-00000.960782
      TextureV -00000.322870,+00000.915379,+00000.240491
      Vertex   -00064.500000,-00092.061981,-00107.474274
      Vertex   -00064.000000,-00093.534866,-00107.862366
      Vertex   -00064.000000,-00092.046700,-00110.981522
      Vertex   -00064.000000,-00090.851318,-00113.531189
      Vertex   -00064.500000,-00089.646515,-00112.637634
   End Polygon
   Begin Polygon Texture=NYC_GrayMetal_A Flags=1073741824 Link=33
      Origin   -00066.000000,-00091.848473,-00101.945770
      Normal   +00000.316233,+00000.947404,+00000.049212
      TextureU +00000.059355,+00000.032014,-00000.997724
      TextureV -00000.946823,+00000.318434,-00000.046109
      Vertex   -00064.797546,-00092.138550,-00103.929871
      Vertex   -00064.500000,-00092.214600,-00104.432648
      Vertex   -00064.500000,-00092.061981,-00107.474274
      Vertex   -00066.000000,-00091.552719,-00107.448730
      Vertex   -00066.000000,-00091.848473,-00101.945770
   End Polygon
   Begin Polygon Texture=NYC_GrayMetal_A Flags=1073741824 Link=34
      Origin   -00066.000000,-00089.968033,-00096.765625
      Normal   -00000.293690,+00000.917978,-00000.266575
      TextureU +00000.058872,+00000.295714,+00000.953461
      TextureV +00000.954086,+00000.264328,-00000.140892
      Vertex   -00066.000000,-00088.232185,-00091.036774
      Vertex   -00066.000000,-00089.968033,-00096.765625
      Vertex   -00067.500000,-00090.378845,-00096.539200
      Vertex   -00067.500000,-00088.718658,-00090.921234
   End Polygon
   Begin Polygon Texture=NYC_GrayMetal_A Flags=1073741824 Link=35
      Origin   -00064.000000,-00093.826828,-00101.652313
      Normal   +00000.947438,+00000.301302,-00000.107599
      TextureU +00000.059032,+00000.165910,+00000.984372
      TextureV +00000.314611,-00000.938962,+00000.139176
      Vertex   -00064.500000,-00092.343063,-00101.872406
      Vertex   -00064.500000,-00090.378845,-00096.539200
      Vertex   -00064.000000,-00091.710297,-00095.848389
      Vertex   -00064.000000,-00093.826828,-00101.652313
   End Polygon
   Begin Polygon Texture=NYC_GrayMetal_A Flags=1073741824 Link=31
      Origin   -00064.500000,-00092.343063,-00101.872406
      Normal   +00000.947438,+00000.319562,+00000.015503
      TextureU +00000.059032,-00000.126982,-00000.990147
      TextureV -00000.314445,+00000.939018,-00000.139172
      Vertex   -00064.000000,-00093.534866,-00107.862366
      Vertex   -00064.500000,-00092.214600,-00104.432648
      Vertex   -00064.797546,-00092.138550,-00103.929871
      Vertex   -00064.500000,-00092.343063,-00101.872406
      Vertex   -00064.000000,-00093.826828,-00101.652313
   End Polygon
   Begin Polygon Texture=NYC_GrayMetal_A Flags=1073741824 Link=33
      Origin   -00066.000000,-00091.848473,-00101.945770
      Normal   +00000.316233,+00000.947404,+00000.049212
      TextureU +00000.059355,+00000.032014,-00000.997724
      TextureV -00000.946823,+00000.318434,-00000.046109
      Vertex   -00064.500000,-00092.343063,-00101.872406
      Vertex   -00064.500000,-00092.214600,-00104.432648
      Vertex   -00064.797546,-00092.138550,-00103.929871
      Vertex   -00066.000000,-00091.848473,-00101.945770
   End Polygon
   Begin Polygon Texture=NYC_GrayMetal_A Flags=1073741824 Link=38
      Origin   -00064.500000,-00092.343063,-00101.872406
      Normal   +00000.316233,+00000.892324,-00000.322110
      TextureU +00000.059355,+00000.320259,+00000.945469
      TextureV +00000.946823,-00000.318107,+00000.048313
      Vertex   -00064.500000,-00092.343063,-00101.872406
      Vertex   -00066.000000,-00091.848473,-00101.945770
      Vertex   -00066.000000,-00089.968033,-00096.765625
      Vertex   -00064.500000,-00090.378845,-00096.539200
   End Polygon
   Begin Polygon Texture=NYC_GrayMetal_A Flags=1073741824 Link=39
      Origin   -00064.500000,-00090.378845,-00096.539200
      Normal   +00000.293690,+00000.917978,-00000.266575
      TextureU -00000.058873,+00000.295714,+00000.953461
      TextureV +00000.954086,-00000.264328,+00000.140892
      Vertex   -00064.500000,-00090.378845,-00096.539200
      Vertex   -00066.000000,-00089.968033,-00096.765625
      Vertex   -00066.000000,-00088.232185,-00091.036774
      Vertex   -00064.500000,-00088.718658,-00090.921234
   End Polygon
   Begin Polygon Texture=NYC_GrayMetal_A Flags=1073741824 Link=40
      Origin   -00067.500000,-00073.731163,-00121.003143
      Normal   -00000.947436,+00000.137796,-00000.288752
      TextureU +00000.063966,+00000.965861,+00000.251040
      TextureV +00000.313487,+00000.219374,-00000.923905
      Vertex   -00068.000000,-00074.083221,-00119.521240
      Vertex   -00068.000000,-00070.000000,-00117.579468
      Vertex   -00067.648674,-00070.000000,-00117.875000
      Vertex   -00067.299255,-00070.000000,-00119.272278
      Vertex   -00067.500000,-00073.731163,-00121.003143
   End Polygon
   Begin Polygon Texture=NYC_GrayMetal_A Flags=1073741824 Link=41
      Origin   -00068.000000,-00074.083221,-00119.521240
      Normal   -00000.947438,-00000.136968,+00000.289137
      TextureU -00000.063116,+00000.965984,+00000.250782
      TextureV -00000.313651,+00000.219352,-00000.923855
      Vertex   -00067.500000,-00074.435272,-00118.039337
      Vertex   -00067.500000,-00071.828842,-00116.809906
      Vertex   -00067.502838,-00070.000000,-00115.957886
      Vertex   -00067.772148,-00070.000000,-00116.832458
      Vertex   -00067.846497,-00070.000000,-00117.083954
      Vertex   -00067.919525,-00070.000000,-00117.323242
      Vertex   -00068.000000,-00070.000000,-00117.579468
      Vertex   -00068.000000,-00074.083221,-00119.521240
   End Polygon
   Begin Polygon Texture=NYC_GrayMetal_A Flags=1073741824 Link=42
      Origin   -00064.500000,-00092.056137,-00114.424744
      Normal   +00000.293690,-00000.642205,-00000.708039
      TextureU -00000.058873,+00000.727145,-00000.683954
      TextureV +00000.954086,+00000.242555,+00000.175747
      Vertex   -00064.500000,-00092.056137,-00114.424744
      Vertex   -00066.000000,-00092.457733,-00114.722595
      Vertex   -00066.000000,-00087.222923,-00119.430740
      Vertex   -00064.500000,-00087.020782,-00119.031815
   End Polygon
   Begin Polygon Texture=NYC_GrayMetal_A Flags=1073741824 Link=43
      Origin   -00064.000000,-00086.253708,-00117.715912
      Normal   +00000.949408,-00000.105482,-00000.295799
      TextureU -00000.054952,+00000.871571,-00000.487180
      TextureV +00000.309199,+00000.478787,+00000.821680
      Vertex   -00064.500000,-00080.573105,-00121.346436
      Vertex   -00064.000000,-00080.344849,-00119.807648
      Vertex   -00064.000000,-00086.253708,-00117.715912
      Vertex   -00064.500000,-00087.020782,-00119.031815
   End Polygon
   Begin Polygon Texture=NYC_GrayMetal_A Flags=1073741824 Link=44
      Origin   -00064.000000,-00080.344849,-00119.807648
      Normal   +00000.949408,+00000.015074,-00000.313682
      TextureU -00000.058015,+00000.990074,-00000.128013
      TextureV +00000.308639,+00000.139735,+00000.940859
      Vertex   -00064.500000,-00073.731163,-00121.003143
      Vertex   -00064.000000,-00074.083221,-00119.521240
      Vertex   -00064.000000,-00080.344849,-00119.807648
      Vertex   -00064.500000,-00080.573105,-00121.346436
   End Polygon
   Begin Polygon Texture=NYC_GrayMetal_A Flags=1073741824 Link=45
      Origin   -00064.000000,-00074.083221,-00119.521240
      Normal   +00000.947436,+00000.137796,-00000.288752
      TextureU -00000.063966,+00000.965861,+00000.251040
      TextureV +00000.313487,-00000.219374,+00000.923905
      Vertex   -00064.000610,-00070.000000,-00117.574677
      Vertex   -00064.000000,-00074.083221,-00119.521240
      Vertex   -00064.500000,-00073.731163,-00121.003143
      Vertex   -00064.554832,-00070.000000,-00119.393158
   End Polygon
   Begin Polygon Texture=NYC_GrayMetal_A Flags=1073741824 Link=46
      Origin   -00064.500000,-00073.731163,-00121.003143
      Normal   +00000.293690,+00000.409019,-00000.863973
      TextureU -00000.072246,+00000.910744,+00000.406602
      TextureV +00000.953167,-00000.056997,+00000.297026
      Vertex   -00065.951889,-00070.000000,-00119.730286
      Vertex   -00065.322304,-00070.000000,-00119.516281
      Vertex   -00064.554832,-00070.000000,-00119.393158
      Vertex   -00064.500000,-00073.731163,-00121.003143
      Vertex   -00066.000000,-00073.653526,-00121.443573
   End Polygon
   Begin Polygon Texture=NYC_GrayMetal_A Flags=1073741824 Link=47
      Origin   -00067.500000,-00080.573105,-00121.346436
      Normal   -00000.949408,+00000.015074,-00000.313682
      TextureU +00000.058015,+00000.990074,-00000.128013
      TextureV +00000.308639,-00000.139735,-00000.940859
      Vertex   -00068.000000,-00080.344849,-00119.807648
      Vertex   -00068.000000,-00074.083221,-00119.521240
      Vertex   -00067.500000,-00073.731163,-00121.003143
      Vertex   -00067.500000,-00080.573105,-00121.346436
   End Polygon
   Begin Polygon Texture=NYC_GrayMetal_A Flags=1073741824 Link=48
      Origin   -00066.000000,-00080.635361,-00121.766113
      Normal   -00000.275520,+00000.046248,-00000.960182
      TextureU +00000.050798,+00000.998147,+00000.033501
      TextureV +00000.959952,-00000.039545,-00000.277359
      Vertex   -00067.500000,-00073.731163,-00121.003143
      Vertex   -00066.000000,-00073.653526,-00121.443573
      Vertex   -00066.000000,-00080.635361,-00121.766113
      Vertex   -00067.500000,-00080.573105,-00121.346436
   End Polygon
   Begin Polygon Texture=NYC_GrayMetal_A Flags=1073741824 Link=49
      Origin   -00066.000000,-00087.222923,-00119.430740
      Normal   -00000.275520,-00000.322983,-00000.905412
      TextureU +00000.034614,+00000.937922,-00000.345114
      TextureV +00000.960672,-00000.126426,-00000.247236
      Vertex   -00066.000000,-00087.222923,-00119.430740
      Vertex   -00067.500000,-00087.020782,-00119.031815
      Vertex   -00067.500000,-00080.573105,-00121.346436
      Vertex   -00066.000000,-00080.635361,-00121.766113
   End Polygon
   Begin Polygon Texture=NYC_GrayMetal_A Flags=1073741824 Link=50
      Origin   -00064.500000,-00087.020782,-00119.031815
      Normal   +00000.275520,-00000.322983,-00000.905412
      TextureU -00000.034614,+00000.937922,-00000.345114
      TextureV +00000.960672,+00000.126426,+00000.247236
      Vertex   -00064.500000,-00087.020782,-00119.031815
      Vertex   -00066.000000,-00087.222923,-00119.430740
      Vertex   -00066.000000,-00080.635361,-00121.766113
      Vertex   -00064.500000,-00080.573105,-00121.346436
   End Polygon
   Begin Polygon Texture=NYC_GrayMetal_A Flags=1073741824 Link=51
      Origin   -00064.500000,-00085.486633,-00116.400009
      Normal   +00000.944829,+00000.112102,+00000.307785
      TextureU +00000.054952,+00000.871571,-00000.487180
      TextureV -00000.322870,+00000.477218,+00000.817324
      Vertex   -00064.500000,-00085.486633,-00116.400009
      Vertex   -00064.000000,-00086.253708,-00117.715912
      Vertex   -00064.000000,-00080.344849,-00119.807648
      Vertex   -00064.500000,-00080.137337,-00118.408737
   End Polygon
   Begin Polygon Texture=NYC_GrayMetal_A Flags=1073741824 Link=52
      Origin   -00064.500000,-00089.646515,-00112.637634
      Normal   +00000.947438,+00000.215003,+00000.236927
      TextureU +00000.059032,+00000.610350,-00000.789929
      TextureV -00000.314445,+00000.762396,+00000.565577
      Vertex   -00064.000000,-00086.253708,-00117.715912
      Vertex   -00064.500000,-00085.486633,-00116.400009
      Vertex   -00064.500000,-00089.646515,-00112.637634
      Vertex   -00064.000000,-00090.851318,-00113.531189
   End Polygon
   Begin Polygon Texture=NYC_GrayMetal_A Flags=1073741824 Link=53
      Origin   -00064.500000,-00080.137337,-00118.408737
      Normal   +00000.944829,-00000.017929,+00000.327073
      TextureU +00000.061973,+00000.990252,-00000.124740
      TextureV -00000.321648,+00000.138127,+00000.936730
      Vertex   -00064.500000,-00080.137337,-00118.408737
      Vertex   -00064.000000,-00080.344849,-00119.807648
      Vertex   -00064.000000,-00074.083221,-00119.521240
      Vertex   -00064.500000,-00074.435272,-00118.039337
   End Polygon
   Begin Polygon Texture=NYC_GrayMetal_A Flags=1073741824 Link=54
      Origin   -00066.000000,-00080.054337,-00117.849182
      Normal   +00000.323822,-00000.054480,+00000.944548
      TextureU +00000.067940,+00000.997102,+00000.034219
      TextureV -00000.943676,+00000.053092,+00000.326585
      Vertex   -00066.000000,-00074.652802,-00117.578156
      Vertex   -00066.000000,-00080.054337,-00117.849182
      Vertex   -00064.500000,-00080.137337,-00118.408737
      Vertex   -00064.500000,-00074.435272,-00118.039337
   End Polygon
   Begin Polygon Texture=NYC_GrayMetal_A Flags=1073741824 Link=55
      Origin   -00066.000000,-00085.144600,-00116.021851
      Normal   +00000.323822,+00000.326322,+00000.888062
      TextureU +00000.113864,+00000.918373,-00000.378980
      TextureV -00000.939242,+00000.223840,+00000.260233
      Vertex   -00064.500000,-00085.486633,-00116.400009
      Vertex   -00064.500000,-00080.137337,-00118.408737
      Vertex   -00066.000000,-00080.054337,-00117.849182
      Vertex   -00066.000000,-00085.144600,-00116.021851
   End Polygon
   Begin Polygon Texture=NYC_GrayMetal_A Flags=1073741824 Link=56
      Origin   -00067.500000,-00080.137337,-00118.408737
      Normal   -00000.323822,-00000.054480,+00000.944548
      TextureU -00000.067940,+00000.997102,+00000.034219
      TextureV -00000.943676,-00000.053092,-00000.326585
      Vertex   -00066.000000,-00080.054337,-00117.849182
      Vertex   -00066.000000,-00074.652802,-00117.578156
      Vertex   -00067.500000,-00074.435272,-00118.039337
      Vertex   -00067.500000,-00080.137337,-00118.408737
   End Polygon
   Begin Polygon Texture=NYC_GrayMetal_A Flags=1073741824 Link=57
      Origin   -00064.500000,-00074.435272,-00118.039337
      Normal   +00000.947438,-00000.136968,+00000.289137
      TextureU +00000.063116,+00000.965984,+00000.250782
      TextureV -00000.313651,-00000.219352,+00000.923855
      Vertex   -00064.497375,-00070.000000,-00115.946869
      Vertex   -00064.500000,-00074.435272,-00118.039337
      Vertex   -00064.000000,-00074.083221,-00119.521240
      Vertex   -00064.000610,-00070.000000,-00117.574677
   End Polygon
   Begin Polygon Texture=NYC_GrayMetal_A Flags=1073741824 Link=58
      Origin   -00066.000000,-00074.652802,-00117.578156
      Normal   +00000.316233,-00000.403202,+00000.858734
      TextureU -00000.000539,+00000.905111,+00000.425176
      TextureV -00000.948681,-00000.134917,+00000.286009
      Vertex   -00064.500000,-00074.435272,-00118.039337
      Vertex   -00064.497375,-00070.000000,-00115.946869
      Vertex   -00065.256653,-00070.000000,-00115.667267
      Vertex   -00065.842148,-00070.000000,-00115.346313
      Vertex   -00066.000000,-00074.652802,-00117.578156
   End Polygon
   Begin Polygon Texture=NYC_GrayMetal_A Flags=1073741824 Link=59
      Origin   -00064.500000,-00095.310593,-00101.432220
      Normal   +00000.293690,-00000.954767,-00000.046552
      TextureU -00000.058873,+00000.030541,-00000.997798
      TextureV +00000.954086,+00000.295784,-00000.047240
      Vertex   -00066.000000,-00095.432770,-00108.389587
      Vertex   -00064.500000,-00095.007751,-00108.250458
      Vertex   -00064.500000,-00095.310593,-00101.432220
      Vertex   -00066.000000,-00095.805176,-00101.358856
   End Polygon
   Begin Polygon Texture=NYC_GrayMetal_A Flags=1073741824 Link=5
      Origin   -00066.000000,-00073.653526,-00121.443573
      Normal   -00000.293690,+00000.409018,-00000.863973
      TextureU +00000.072246,+00000.910744,+00000.406602
      TextureV +00000.953167,+00000.056996,-00000.297026
      Vertex   -00067.299255,-00070.000000,-00119.272278
      Vertex   -00066.517166,-00072.207977,-00120.586884
      Vertex   -00066.000000,-00073.653526,-00121.443573
      Vertex   -00067.500000,-00073.731163,-00121.003143
   End Polygon
   Begin Polygon Texture=NYC_GalvMetl_A Flags=1207959552 Link=61
      Origin   -00070.000000,-00070.000000,-00040.000000
      Normal   -00001.000000,+00000.000000,+00000.000000
      TextureU -00000.000000,+00000.707107,-00000.707107
      TextureV +00000.000000,-00000.707107,-00000.707107
      Vertex   -00070.000000,-00070.000000,-00050.000000
      Vertex   -00070.000000,-00072.000000,-00050.000000
      Vertex   -00070.000000,-00066.000000,-00044.000000
      Vertex   -00070.000000,-00064.000000,-00044.000000
   End Polygon
   Begin Polygon Texture=NYC_GalvMetl_A Flags=1207959552 Link=62
      Origin   -00062.000000,-00064.000000,-00034.000000
      Normal   +00001.000000,+00000.000000,+00000.000000
      TextureU -00000.000000,+00000.707107,-00000.707107
      TextureV +00000.000000,+00000.707107,+00000.707107
      Vertex   -00062.000000,-00072.000000,-00050.000000
      Vertex   -00062.000000,-00070.000000,-00050.000000
      Vertex   -00062.000000,-00064.000000,-00044.000000
      Vertex   -00062.000000,-00066.000000,-00044.000000
   End Polygon
   Begin Polygon Texture=NYC_GalvMetl_A Flags=1207959552 Link=63
      Origin   -00070.000000,-00066.000000,-00044.000000
      Normal   +00000.000000,-00000.707107,+00000.707107
      TextureU +00001.000000,+00000.000000,+00000.000000
      TextureV +00000.000000,+00000.707107,+00000.707107
      Vertex   -00070.000000,-00072.000000,-00050.000000
      Vertex   -00062.000000,-00072.000000,-00050.000000
      Vertex   -00062.000000,-00066.000000,-00044.000000
      Vertex   -00070.000000,-00066.000000,-00044.000000
   End Polygon
   Begin Polygon Texture=NYC_GalvMetl_A Flags=1207959552 Link=64
      Origin   -00070.000000,-00086.000000,-00056.000008
      Normal   +00000.000000,+00000.000000,-00001.000000
      TextureU +00001.000000,+00000.000000,+00000.000000
      TextureV +00000.000000,-00001.000000,+00000.000000
      Vertex   -00068.000000,-00082.310028,-00056.000008
      Vertex   -00068.744583,-00080.000000,-00056.000008
      Vertex   -00067.255417,-00080.000000,-00056.000008
   End Polygon
   Begin Polygon Texture=NYC_GrayMetal_A Flags=1073741824 Link=65
      Origin   -00067.500000,-00091.528313,-00085.089325
      Normal   -00000.316228,-00000.917354,+00000.241787
      TextureU -00000.000000,+00000.254866,+00000.966976
      TextureV -00000.948683,+00000.305785,-00000.080596
      Vertex   -00065.909729,-00084.409447,-00056.000008
      Vertex   -00067.500000,-00083.861252,-00056.000008
      Vertex   -00067.500000,-00091.528313,-00085.089325
      Vertex   -00066.000000,-00092.011803,-00084.961899
   End Polygon
   Begin Polygon Texture=NYC_GrayMetal_A Flags=1073741824 Link=66
      Origin   -00067.500000,-00090.378845,-00096.539200
      Normal   -00000.947436,+00000.306975,-00000.090176
      TextureU +00000.058183,+00000.442456,+00000.894901
      TextureV +00000.314611,+00000.842614,-00000.437060
      Vertex   -00067.500000,-00088.718658,-00090.921234
      Vertex   -00067.500000,-00090.378845,-00096.539200
      Vertex   -00068.000000,-00091.744751,-00095.794403
      Vertex   -00068.000000,-00090.178070,-00090.574646
   End Polygon
   Begin Polygon Texture=NYC_GrayMetal_A Flags=1073741824 Link=67
      Origin   -00064.000000,-00091.710297,-00095.848389
      Normal   +00000.947436,+00000.306975,-00000.090176
      TextureU -00000.058183,+00000.442456,+00000.894901
      TextureV +00000.314611,-00000.842614,+00000.437060
      Vertex   -00064.000000,-00090.178062,-00090.574646
      Vertex   -00064.000000,-00091.710297,-00095.848389
      Vertex   -00064.500000,-00090.378845,-00096.539200
      Vertex   -00064.500000,-00088.718658,-00090.921234
   End Polygon
   Begin Polygon Texture=NYC_GrayMetal_A Flags=1073741824 Link=68
      Origin   -00066.000000,-00092.123947,-00090.112534
      Normal   +00000.316233,-00000.948133,+00000.032254
      TextureU +00000.059355,+00000.053706,+00000.996791
      TextureV -00000.946823,-00000.313304,+00000.073260
      Vertex   -00064.500000,-00091.637474,-00090.228058
      Vertex   -00064.500000,-00091.528313,-00085.089325
      Vertex   -00064.989807,-00091.618912,-00085.065460
      Vertex   -00066.000000,-00092.011803,-00084.961899
      Vertex   -00066.000000,-00092.123947,-00090.112534
   End Polygon
   Begin Polygon Texture=NYC_GrayMetal_A Flags=1073741824 Link=69
      Origin   -00064.500000,-00093.041763,-00095.157593
      Normal   +00000.947438,-00000.307224,+00000.089297
      TextureU +00000.059032,+00000.442180,+00000.894982
      TextureV -00000.314445,-00000.842669,+00000.437074
      Vertex   -00064.500000,-00091.637474,-00090.228058
      Vertex   -00064.500000,-00093.041763,-00095.157593
      Vertex   -00064.000000,-00091.710297,-00095.848389
      Vertex   -00064.000000,-00090.178062,-00090.574646
   End Polygon
   Begin Polygon Texture=NYC_GrayMetal_A Flags=1073741824 Link=70
      Origin   -00068.000000,-00093.826828,-00101.652313
      Normal   -00000.947436,-00000.301615,+00000.106742
      TextureU +00000.058183,+00000.165639,+00000.984469
      TextureV -00000.314445,+00000.939018,-00000.139172
      Vertex   -00068.000000,-00093.826828,-00101.652313
      Vertex   -00067.500000,-00095.310593,-00101.432220
      Vertex   -00067.500000,-00093.041763,-00095.157593
      Vertex   -00068.000000,-00091.744751,-00095.794403
   End Polygon
   Begin Polygon Texture=NYC_GrayMetal_A Flags=1073741824 Link=71
      Origin   -00067.500000,-00093.041763,-00095.157593
      Normal   -00000.316233,-00000.911882,+00000.261665
      TextureU -00000.059355,+00000.294297,+00000.953869
      TextureV -00000.946823,+00000.286114,-00000.147191
      Vertex   -00067.500000,-00093.041763,-00095.157593
      Vertex   -00067.045273,-00093.176300,-00095.087769
      Vertex   -00066.000000,-00093.407890,-00094.738953
      Vertex   -00066.000000,-00092.123947,-00090.112534
      Vertex   -00067.500000,-00091.637474,-00090.228058
   End Polygon
   Begin Polygon Texture=NYC_GrayMetal_A Flags=1073741824 Link=72
      Origin   -00067.500000,-00095.310593,-00101.432220
      Normal   -00000.293690,-00000.900141,+00000.321702
      TextureU +00000.058873,+00000.318871,+00000.945968
      TextureV -00000.954086,+00000.296761,-00000.040656
      Vertex   -00067.045273,-00093.176300,-00095.087769
