Begin PolyList
   Begin Polygon Item=OUTSIDE Flags=-1073741824 Link=0
      Origin   +00064.000000,-00032.000000,-00064.000000
      Normal   +00000.000000,-00001.000000,+00000.000000
      TextureU -00001.000000,+00000.000000,+00000.000000
      TextureV +00000.000000,+00000.000000,-00001.000000
      Vertex   +00005.000000,-00032.000000,+00005.000244
      Vertex   +00005.000000,-00032.000000,-00002.999878
      Vertex   +00013.000000,-00032.000000,-00002.999878
      Vertex   +00013.000000,-00032.000000,+00005.000244
   End Polygon
   Begin Polygon Item=OUTSIDE Texture=Heli_LiftMetl_A Flags=1082130464 Link=1
      Origin   -00047.000000,-00021.999847,+01281.000000
      Normal   -00000.242534,+00000.970143,-00000.000000
      TextureU -00000.000000,+00000.000000,+00001.000000
      TextureV -00000.970142,-00000.242536,-00000.000000
      Vertex   -00023.000000,-00015.999847,-00002.999878
      Vertex   -00030.999989,-00017.999832,-00000.999878
      Vertex   -00030.999989,-00017.999832,+00003.000122
      Vertex   -00023.000000,-00015.999847,+00005.000122
   End Polygon
   Begin Polygon Item=OUTSIDE Texture=NanoBookTops Flags=1086324768 Link=2
      Origin   -00023.000000,-00023.999847,-00002.999878
      Normal   +00000.000000,-00001.000000,+00000.000000
      Pan      U=-2 V=0
      TextureU -00000.000000,+00000.000000,+00003.636364
      TextureV -00001.000000,+00000.000000,-00000.000000
      Vertex   +00005.000000,-00023.999847,-00000.999878
      Vertex   +00005.000000,-00023.999847,-00002.999878
      Vertex   +00013.000000,-00023.999847,-00002.999878
      Vertex   +00013.000000,-00023.999847,-00000.999878
   End Polygon
   Begin Polygon Item=OUTSIDE Texture=Heli_LiftMetl_A Flags=1082130464 Link=3
      Origin   +00005.000000,+00096.000000,+01281.000000
      Normal   -00001.000000,+00000.000000,-00000.000000
      TextureU +00000.000000,+00001.000000,+00000.000000
      TextureV -00000.000000,+00000.000000,+00001.000000
      Vertex   +00005.000000,-00023.999847,-00000.999878
      Vertex   +00005.000000,-00031.999847,-00002.999878
      Vertex   +00005.000000,-00031.999847,+00005.000122
      Vertex   +00005.000000,-00023.999847,+00003.000122
   End Polygon
   Begin Polygon Item=OUTSIDE Texture=Heli_LiftMetl_A Flags=1082130464 Link=4
      Origin   +00013.000000,+00096.000000,+01281.000000
      Normal   +00001.000000,+00000.000000,+00000.000000
      TextureU +00000.000000,+00001.000000,+00000.000000
      TextureV -00000.000000,+00000.000000,+00001.000000
      Vertex   +00013.000000,-00023.999847,+00003.000122
      Vertex   +00013.000000,-00031.999847,+00005.000122
      Vertex   +00013.000000,-00031.999847,-00002.999878
      Vertex   +00013.000000,-00023.999847,-00000.999878
   End Polygon
   Begin Polygon Item=OUTSIDE Texture=Heli_LiftMetl_A Flags=1082130464 Link=5
      Origin   -00047.000000,-00024.470436,+00003.117798
      Normal   -00000.000000,+00000.242536,+00000.970142
      TextureU -00000.000000,-00000.970142,+00000.242536
      TextureV -00001.000000,+00000.000000,-00000.000000
      Vertex   +00013.000000,-00023.999847,+00003.000122
      Vertex   +00005.000000,-00023.999847,+00003.000122
      Vertex   +00005.000000,-00031.999847,+00005.000122
      Vertex   +00013.000000,-00031.999847,+00005.000122
   End Polygon
   Begin Polygon Item=OUTSIDE Texture=Heli_LiftMetl_A Flags=1082130464 Link=6
      Origin   -00047.000000,-00031.999847,-00002.999878
      Normal   +00000.000000,+00000.242536,-00000.970142
      TextureU -00000.000000,+00000.970142,+00000.242536
      TextureV -00001.000000,+00000.000000,-00000.000000
      Vertex   +00013.000000,-00031.999847,-00002.999878
      Vertex   +00005.000000,-00031.999847,-00002.999878
      Vertex   +00005.000000,-00023.999847,-00000.999878
      Vertex   +00013.000000,-00023.999847,-00000.999878
   End Polygon
   Begin Polygon Item=OUTSIDE Texture=Heli_LiftMetl_A Flags=1082130464 Link=7
      Origin   +00049.000000,+00096.000000,+01281.000000
      Normal   +00001.000000,+00000.000000,+00000.000000
      TextureU +00000.000000,+00001.000000,+00000.000000
      TextureV -00000.000000,+00000.000000,+00001.000000
      Vertex   +00049.000000,-00021.999847,-00000.999878
      Vertex   +00049.000000,-00017.999847,-00000.999878
      Vertex   +00049.000000,-00017.999847,+00003.000122
      Vertex   +00049.000000,-00021.999847,+00003.000122
   End Polygon
   Begin Polygon Item=OUTSIDE Texture=Heli_LiftMetl_A Flags=1082130464 Link=8
      Origin   -00047.000000,+00096.000000,+00027.000122
      Normal   +00000.242536,+00000.000000,+00000.970142
      TextureU +00000.000000,-00001.000000,+00000.000000
      TextureV -00000.970142,+00000.000000,+00000.242536
      Vertex   +00041.000000,-00023.999847,+00005.000122
      Vertex   +00049.000000,-00021.999847,+00003.000122
      Vertex   +00049.000000,-00017.999847,+00003.000122
      Vertex   +00041.000000,-00015.999847,+00005.000122
   End Polygon
   Begin Polygon Item=OUTSIDE Texture=Heli_LiftMetl_A Flags=1082130464 Link=9
      Origin   -00047.000031,+00096.000000,-00024.999878
      Normal   +00000.242536,+00000.000000,-00000.970142
      TextureU +00000.000000,+00001.000000,+00000.000000
      TextureV -00000.970142,+00000.000000,-00000.242536
      Vertex   +00041.000000,-00015.999847,-00002.999878
      Vertex   +00049.000000,-00017.999847,-00000.999878
      Vertex   +00049.000000,-00021.999847,-00000.999878
      Vertex   +00041.000000,-00023.999847,-00002.999878
   End Polygon
   Begin Polygon Item=OUTSIDE Texture=Heli_LiftMetl_A Flags=1082130464 Link=10
      Origin   -00047.000000,+00006.000153,+01281.000000
      Normal   +00000.242536,+00000.970142,+00000.000000
      TextureU -00000.000000,+00000.000000,+00001.000000
      TextureV -00000.970142,+00000.242536,-00000.000000
      Vertex   +00041.000000,-00015.999847,+00005.000122
      Vertex   +00049.000000,-00017.999847,+00003.000122
      Vertex   +00049.000000,-00017.999847,-00000.999878
      Vertex   +00041.000000,-00015.999847,-00002.999878
   End Polygon
   Begin Polygon Item=OUTSIDE Texture=Heli_LiftMetl_A Flags=1082130464 Link=11
      Origin   -00047.000000,-00045.999847,+01281.000000
      Normal   +00000.242536,-00000.970142,+00000.000000
      TextureU +00000.000000,+00000.000000,-00001.000000
      TextureV -00000.970142,-00000.242536,-00000.000000
      Vertex   +00041.000000,-00023.999847,-00002.999878
      Vertex   +00049.000000,-00021.999847,-00000.999878
      Vertex   +00049.000000,-00021.999847,+00003.000122
      Vertex   +00041.000000,-00023.999847,+00005.000122
   End Polygon
   Begin Polygon Item=OUTSIDE Texture=Heli_LiftMetl_A Flags=1082130464 Link=12
      Origin   -00031.000000,+00096.000031,+01281.000000
      Normal   -00001.000000,+00000.000000,-00000.000000
      TextureU +00000.000000,+00001.000000,+00000.000000
      TextureV -00000.000000,+00000.000000,+00001.000000
      Vertex   -00030.999989,-00017.999832,-00000.999878
      Vertex   -00030.999989,-00021.999832,-00000.999878
      Vertex   -00030.999989,-00021.999832,+00003.000122
      Vertex   -00030.999989,-00017.999832,+00003.000122
   End Polygon
   Begin Polygon Item=OUTSIDE Texture=Heli_LiftMetl_A Flags=1082130464 Link=13
      Origin   -00047.000000,+00096.000000,-00000.999878
      Normal   -00000.242536,+00000.000000,+00000.970142
      TextureU +00000.000000,-00001.000000,+00000.000000
      TextureV -00000.970142,+00000.000000,-00000.242536
      Vertex   -00023.000000,-00015.999847,+00005.000122
      Vertex   -00030.999989,-00017.999832,+00003.000122
      Vertex   -00030.999989,-00021.999832,+00003.000122
      Vertex   -00023.000000,-00023.999847,+00005.000122
   End Polygon
   Begin Polygon Item=OUTSIDE Texture=Heli_LiftMetl_A Flags=1082130464 Link=14
      Origin   -00047.000000,+00096.000000,+00003.000122
      Normal   -00000.242536,+00000.000000,-00000.970142
      TextureU +00000.000000,+00001.000000,+00000.000000
      TextureV -00000.970142,+00000.000000,+00000.242536
      Vertex   -00023.000000,-00023.999847,-00002.999878
      Vertex   -00030.999989,-00021.999832,-00000.999878
      Vertex   -00030.999989,-00017.999832,-00000.999878
      Vertex   -00023.000000,-00015.999847,-00002.999878
   End Polygon
   Begin Polygon Item=OUTSIDE Texture=Heli_LiftMetl_A Flags=1082130464 Link=15
      Origin   -00047.000000,-00017.999847,+01281.000000
      Normal   -00000.242538,-00000.970142,-00000.000000
      TextureU +00000.000000,+00000.000000,-00001.000000
      TextureV -00000.970142,+00000.242536,-00000.000000
      Vertex   -00023.000000,-00023.999847,+00005.000122
      Vertex   -00030.999989,-00021.999832,+00003.000122
      Vertex   -00030.999989,-00021.999832,-00000.999878
      Vertex   -00023.000000,-00023.999847,-00002.999878
   End Polygon
   Begin Polygon Item=OUTSIDE Texture=NanoBookTops Flags=1086324768 Link=16
      Origin   -00023.000000,-00023.999847,+00005.000122
      Normal   -00000.000000,+00000.000000,+00001.000000
      Pan      U=-2 V=0
      TextureU +00000.000000,+00003.636364,+00000.000000
      TextureV -00001.000000,+00000.000000,-00000.000000
      Vertex   -00023.000000,-00023.999847,+00005.000122
      Vertex   +00041.000000,-00023.999847,+00005.000122
      Vertex   +00041.000000,-00015.999847,+00005.000122
      Vertex   -00023.000000,-00015.999847,+00005.000122
   End Polygon
   Begin Polygon Item=OUTSIDE Texture=NanoBookTops Flags=1086324768 Link=17
      Origin   -00023.000000,-00015.999847,-00002.999878
      Normal   +00000.000000,+00000.000000,-00001.000000
      Pan      U=-2 V=0
      TextureU +00000.000000,-00003.636364,+00000.000000
      TextureV -00001.000000,+00000.000000,-00000.000000
      Vertex   -00023.000000,-00015.999847,-00002.999878
      Vertex   +00041.000000,-00015.999847,-00002.999878
      Vertex   +00041.000000,-00023.999847,-00002.999878
      Vertex   -00023.000000,-00023.999847,-00002.999878
   End Polygon
   Begin Polygon Item=OUTSIDE Texture=NanoBookTops Flags=1086324768 Link=18
      Origin   -00023.000000,-00015.999847,+00005.000122
      Normal   +00000.000000,+00001.000000,+00000.000000
      Pan      U=-2 V=0
      TextureU +00000.000000,+00000.000000,-00003.636364
      TextureV -00001.000000,+00000.000000,-00000.000000
      Vertex   -00023.000000,-00015.999847,+00005.000122
      Vertex   +00041.000000,-00015.999847,+00005.000122
      Vertex   +00041.000000,-00015.999847,-00002.999878
      Vertex   -00023.000000,-00015.999847,-00002.999878
   End Polygon
   Begin Polygon Item=OUTSIDE Texture=NanoBookTops Flags=1086324768 Link=2
      Origin   -00023.000000,-00023.999847,-00002.999878
      Normal   +00000.000000,-00001.000000,+00000.000000
      Pan      U=-2 V=0
      TextureU -00000.000000,+00000.000000,+00003.636364
      TextureV -00001.000000,+00000.000000,-00000.000000
      Vertex   -00023.000000,-00023.999847,-00002.999878
      Vertex   +00005.000000,-00023.999847,-00002.999878
      Vertex   +00005.000000,-00023.999847,+00005.000122
      Vertex   -00023.000000,-00023.999847,+00005.000122
   End Polygon
   Begin Polygon Item=OUTSIDE Texture=NanoBookTops Flags=1086324768 Link=2
      Origin   -00023.000000,-00023.999847,-00002.999878
      Normal   +00000.000000,-00001.000000,+00000.000000
      Pan      U=-2 V=0
      TextureU -00000.000000,+00000.000000,+00003.636364
      TextureV -00001.000000,+00000.000000,-00000.000000
      Vertex   +00013.000000,-00023.999847,-00002.999878
      Vertex   +00041.000000,-00023.999847,-00002.999878
      Vertex   +00041.000000,-00023.999847,+00005.000122
      Vertex   +00013.000000,-00023.999847,+00005.000122
   End Polygon
   Begin Polygon Item=OUTSIDE Texture=NanoBookTops Flags=1086324768 Link=2
      Origin   -00023.000000,-00023.999847,-00002.999878
      Normal   +00000.000000,-00001.000000,+00000.000000
      Pan      U=-2 V=0
      TextureU -00000.000000,+00000.000000,+00003.636364
      TextureV -00001.000000,+00000.000000,-00000.000000
      Vertex   +00005.000000,-00023.999847,+00003.000122
      Vertex   +00013.000000,-00023.999847,+00003.000122
      Vertex   +00013.000000,-00023.999847,+00005.000122
      Vertex   +00005.000000,-00023.999847,+00005.000122
   End Polygon
End PolyList
