Begin PolyList
   Begin Polygon Item=OUTSIDE Flags=-1073741824 Link=0
      Origin   -00040.000000,+00040.000000,-00098.000000
      Normal   +00000.000000,+00000.000000,-00001.000000
      TextureU +00000.000000,-00001.000000,+00000.000000
      TextureV -00001.000000,+00000.000000,+00000.000000
      Vertex   +00017.000000,-00014.999878,-00098.000000
      Vertex   -00015.000000,-00014.999878,-00098.000000
      Vertex   -00015.000000,+00017.000000,-00098.000000
      Vertex   +00017.000000,+00017.000000,-00098.000000
   End Polygon
   Begin Polygon Item=OUTSIDE Texture=BeneBeigMarbl_A Flags=1073741856 Link=1
      Origin   -00031.000000,-00031.000000,-00064.000000
      Normal   +00000.000000,+00000.000000,+00001.000000
      TextureU +00000.000000,+00001.000000,+00000.000000
      TextureV -00001.000000,+00000.000000,+00000.000000
      Vertex   -00031.000000,-00031.000000,-00064.000000
      Vertex   +00033.000000,-00031.000000,-00064.000000
      Vertex   +00033.000000,+00033.000000,-00064.000000
      Vertex   -00031.000000,+00033.000000,-00064.000000
   End Polygon
   Begin Polygon Item=OUTSIDE Texture=BeneBeigMarbl_A Flags=1082130464 Link=2
      Origin   -00031.000000,-00191.000000,-00062.000000
      Normal   +00000.000000,+00000.000000,+00001.000000
      TextureU +00001.000000,+00000.000000,+00000.000000
      TextureV +00000.000000,+00001.000000,+00000.000000
      Vertex   -00029.000000,-00029.000000,-00062.000000
      Vertex   +00031.000000,-00029.000000,-00062.000000
      Vertex   +00031.000000,+00031.000000,-00062.000000
      Vertex   -00029.000000,+00031.000000,-00062.000000
   End Polygon
   Begin Polygon Item=OUTSIDE Texture=BeneBeigMarbl_A Flags=1082130464 Link=3
      Origin   -00031.000000,-00045.000000,+00014.000000
      Normal   +00000.000000,+00000.707107,+00000.707107
      TextureU -00001.000000,+00000.000000,+00000.000000
      TextureV +00000.000000,+00000.707107,-00000.707106
      Vertex   -00031.000000,+00033.000000,-00064.000000
      Vertex   -00029.000000,+00031.000000,-00062.000000
      Vertex   +00031.000000,+00031.000000,-00062.000000
      Vertex   +00033.000000,+00033.000000,-00064.000000
   End Polygon
   Begin Polygon Item=OUTSIDE Texture=BeneBeigMarbl_A Flags=1082130464 Link=4
      Origin   -00031.000000,+00047.000000,+00014.000000
      Normal   +00000.000000,-00000.707107,+00000.707107
      TextureU +00001.000000,+00000.000000,+00000.000000
      TextureV +00000.000000,-00000.707107,-00000.707106
      Vertex   +00033.000000,-00031.000000,-00064.000000
      Vertex   +00031.000000,-00029.000000,-00062.000000
      Vertex   -00029.000000,-00029.000000,-00062.000000
      Vertex   -00031.000000,-00031.000000,-00064.000000
   End Polygon
   Begin Polygon Item=OUTSIDE Texture=BeneBeigMarbl_A Flags=1082130464 Link=5
      Origin   -00045.000000,-00191.000000,+00014.000000
      Normal   +00000.707107,+00000.000000,+00000.707107
      TextureU +00000.000000,+00001.000000,+00000.000000
      TextureV +00000.707107,+00000.000000,-00000.707106
      Vertex   +00033.000000,+00033.000000,-00064.000000
      Vertex   +00031.000000,+00031.000000,-00062.000000
      Vertex   +00031.000000,-00029.000000,-00062.000000
      Vertex   +00033.000000,-00031.000000,-00064.000000
   End Polygon
   Begin Polygon Item=OUTSIDE Texture=BeneBeigMarbl_A Flags=1082130464 Link=6
      Origin   +00047.000000,-00191.000000,+00014.000000
      Normal   -00000.707107,+00000.000000,+00000.707107
      TextureU +00000.000000,-00001.000000,+00000.000000
      TextureV -00000.707107,+00000.000000,-00000.707106
      Vertex   -00031.000000,-00031.000000,-00064.000000
      Vertex   -00029.000000,-00029.000000,-00062.000000
      Vertex   -00029.000000,+00031.000000,-00062.000000
      Vertex   -00031.000000,+00033.000000,-00064.000000
   End Polygon
   Begin Polygon Item=OUTSIDE Texture=un_woodfloor_b Flags=1073741856 Link=7
      Origin   -00031.000000,-00031.000000,-00066.000000
      Normal   +00000.000000,+00000.000000,+00001.000000
      TextureU +00000.000000,+00001.000000,+00000.000000
      TextureV -00001.000000,+00000.000000,+00000.000000
      Vertex   -00031.000000,-00031.000000,-00066.000000
      Vertex   +00033.000000,-00031.000000,-00066.000000
      Vertex   +00033.000000,+00033.000000,-00066.000000
      Vertex   -00031.000000,+00033.000000,-00066.000000
   End Polygon
   Begin Polygon Item=OUTSIDE Texture=BeneBeigMarbl_A Flags=1082130464 Link=8
      Origin   -00031.000000,+00033.000000,+00014.000000
      Normal   +00000.000000,+00001.000000,+00000.000000
      TextureU -00001.000000,+00000.000000,+00000.000000
      TextureV +00000.000000,+00000.000000,-00001.000000
      Vertex   -00031.000000,+00033.000000,-00066.000000
      Vertex   -00031.000000,+00033.000000,-00064.000000
      Vertex   +00033.000000,+00033.000000,-00064.000000
      Vertex   +00033.000000,+00033.000000,-00066.000000
   End Polygon
   Begin Polygon Item=OUTSIDE Texture=BeneBeigMarbl_A Flags=1082130464 Link=9
      Origin   +00033.000000,-00031.000000,+00014.000000
      Normal   +00000.000000,-00001.000000,+00000.000000
      TextureU +00001.000000,+00000.000000,+00000.000000
      TextureV +00000.000000,+00000.000000,-00001.000000
      Vertex   +00033.000000,-00031.000000,-00066.000000
      Vertex   +00033.000000,-00031.000000,-00064.000000
      Vertex   -00031.000000,-00031.000000,-00064.000000
      Vertex   -00031.000000,-00031.000000,-00066.000000
   End Polygon
   Begin Polygon Item=OUTSIDE Texture=BeneBeigMarbl_A Flags=1082130464 Link=10
      Origin   +00033.000000,+00033.000000,+00014.000000
      Normal   +00001.000000,+00000.000000,+00000.000000
      TextureU +00000.000000,+00001.000000,+00000.000000
      TextureV +00000.000000,+00000.000000,-00001.000000
      Vertex   +00033.000000,+00033.000000,-00066.000000
      Vertex   +00033.000000,+00033.000000,-00064.000000
      Vertex   +00033.000000,-00031.000000,-00064.000000
      Vertex   +00033.000000,-00031.000000,-00066.000000
   End Polygon
   Begin Polygon Item=OUTSIDE Texture=BeneBeigMarbl_A Flags=1082130464 Link=11
      Origin   -00031.000000,-00031.000000,+00014.000000
      Normal   -00001.000000,+00000.000000,+00000.000000
      TextureU +00000.000000,-00001.000000,+00000.000000
      TextureV +00000.000000,+00000.000000,-00001.000000
      Vertex   -00031.000000,-00031.000000,-00066.000000
      Vertex   -00031.000000,-00031.000000,-00064.000000
      Vertex   -00031.000000,+00033.000000,-00064.000000
      Vertex   -00031.000000,+00033.000000,-00066.000000
   End Polygon
   Begin Polygon Item=OUTSIDE Texture=un_woodfloor_b Flags=1082130464 Link=12
      Origin   -00031.000000,+00073.000000,+00013.999908
      Normal   +00000.000000,+00000.894427,-00000.447214
      TextureU -00001.000000,+00000.000000,+00000.000000
      TextureV +00000.000000,-00000.447214,-00000.894427
      Vertex   -00015.000000,+00017.000000,-00098.000000
      Vertex   -00031.000000,+00033.000000,-00066.000000
      Vertex   +00033.000000,+00033.000000,-00066.000000
      Vertex   +00017.000000,+00017.000000,-00098.000000
   End Polygon
   Begin Polygon Item=OUTSIDE Texture=un_woodfloor_b Flags=1082130464 Link=13
      Origin   -00031.000000,-00071.000000,+00014.000099
      Normal   -00000.000000,-00000.894427,-00000.447214
      TextureU +00001.000000,+00000.000000,+00000.000000
      TextureV +00000.000000,+00000.447214,-00000.894427
      Vertex   +00017.000000,-00015.000000,-00098.000000
      Vertex   +00033.000000,-00031.000000,-00066.000000
      Vertex   -00031.000000,-00031.000000,-00066.000000
      Vertex   -00015.000000,-00015.000000,-00098.000000
   End Polygon
   Begin Polygon Item=OUTSIDE Texture=un_woodfloor_b Flags=1082130464 Link=14
      Origin   +00073.000000,-00191.000000,+00014.000000
      Normal   +00000.894427,-00000.000000,-00000.447214
      TextureU +00000.000000,+00001.000000,+00000.000000
      TextureV -00000.447214,+00000.000000,-00000.894427
      Vertex   +00017.000000,+00017.000000,-00098.000000
      Vertex   +00033.000000,+00033.000000,-00066.000000
      Vertex   +00033.000000,-00031.000000,-00066.000000
      Vertex   +00017.000000,-00015.000000,-00098.000000
   End Polygon
   Begin Polygon Item=OUTSIDE Texture=un_woodfloor_b Flags=1082130464 Link=15
      Origin   -00071.000000,-00191.000000,+00014.000000
      Normal   -00000.894427,+00000.000000,-00000.447214
      TextureU +00000.000000,-00001.000000,+00000.000000
      TextureV +00000.447214,+00000.000000,-00000.894427
      Vertex   -00015.000000,-00015.000000,-00098.000000
      Vertex   -00031.000000,-00031.000000,-00066.000000
      Vertex   -00031.000000,+00033.000000,-00066.000000
      Vertex   -00015.000000,+00017.000000,-00098.000000
   End Polygon
End PolyList
