Begin PolyList
   Begin Polygon Item=OUTSIDE Flags=-1073741824 Link=0
      Origin   -00096.000000,+00032.000000,-00064.000000
      Normal   +00000.000000,+00000.000000,-00001.000000
      TextureU +00000.000000,-00001.000000,+00000.000000
      TextureV -00001.000000,+00000.000000,+00000.000000
      Vertex   +00013.999756,+00008.000000,-00064.000000
      Vertex   +00008.000061,+00008.000000,-00064.000000
      Vertex   +00008.000061,+00016.000000,-00064.000000
      Vertex   +00013.999756,+00016.000000,-00064.000000
   End Polygon
   Begin Polygon Item=OUTSIDE Flags=-1073741824 Link=0
      Origin   -00096.000000,+00032.000000,-00064.000000
      Normal   +00000.000000,+00000.000000,-00001.000000
      TextureU +00000.000000,-00001.000000,+00000.000000
      TextureV -00001.000000,+00000.000000,+00000.000000
      Vertex   +00007.999756,-00016.000244,-00064.000000
      Vertex   +00007.999756,-00008.000244,-00064.000000
      Vertex   +00013.999756,-00008.000244,-00064.000000
      Vertex   +00013.999756,-00016.000244,-00064.000000
   End Polygon
   Begin Polygon Item=OUTSIDE Flags=-1073741824 Link=0
      Origin   -00096.000000,+00032.000000,-00064.000000
      Normal   +00000.000000,+00000.000000,-00001.000000
      TextureU +00000.000000,-00001.000000,+00000.000000
      TextureV -00001.000000,+00000.000000,+00000.000000
      Vertex   -00016.000336,+00008.000244,-00064.000000
      Vertex   -00016.000336,+00016.000244,-00064.000000
      Vertex   -00010.000305,+00016.000244,-00064.000000
      Vertex   -00010.000305,+00008.000244,-00064.000000
   End Polygon
   Begin Polygon Item=OUTSIDE Flags=-1073741824 Link=0
      Origin   -00096.000000,+00032.000000,-00064.000000
      Normal   +00000.000000,+00000.000000,-00001.000000
      TextureU +00000.000000,-00001.000000,+00000.000000
      TextureV -00001.000000,+00000.000000,+00000.000000
      Vertex   -00016.000336,-00016.000244,-00064.000000
      Vertex   -00016.000336,-00008.000244,-00064.000000
      Vertex   -00010.000305,-00008.000244,-00064.000000
      Vertex   -00010.000305,-00016.000244,-00064.000000
   End Polygon
   Begin Polygon Item=2DLoftSIDE Texture=un_woodfloor_b Flags=1082130464 Link=4
      Origin   +00112.000000,+01204.000000,-00024.000000
      Normal   +00000.000000,+00000.000000,+00001.000000
      TextureU -00001.000000,-00000.000000,+00000.000000
      TextureV +00000.000000,-00001.000000,+00000.000000
      Vertex   -00000.000244,+00026.352661,-00023.999969
      Vertex   -00037.647263,+00013.176270,-00023.999969
      Vertex   -00037.647263,-00013.176758,-00023.999969
      Vertex   -00000.000275,-00026.353149,-00023.999969
      Vertex   +00037.646744,-00013.176758,-00023.999969
      Vertex   +00037.646744,+00013.176270,-00023.999969
   End Polygon
   Begin Polygon Item=OUTSIDE Texture=un_woodfloor_a Flags=1082130464 Link=5
      Origin   +00400.000000,+03172.000000,-00032.000000
      Normal   +00000.000000,+00000.000000,+00001.000000
      TextureU -00001.000000,-00000.000000,+00000.000000
      TextureV +00000.000000,-00001.000000,+00000.000000
      Vertex   -00026.000305,-00008.000244,-00032.000000
      Vertex   -00026.000305,-00016.000244,-00032.000000
      Vertex   -00010.000305,-00016.000244,-00032.000000
      Vertex   -00010.000305,-00008.000244,-00032.000000
   End Polygon
   Begin Polygon Item=2DLoftSIDE Texture=un_woodfloor_b Flags=1082130464 Link=6
      Origin   +00501.894196,+00090.016846,-00304.000061
      Normal   -00000.307914,+00000.879753,-00000.362248
      TextureU -00000.943858,-00000.330351,+00000.000000
      TextureV +00000.119669,-00000.341911,-00000.932082
      Vertex   -00037.647263,+00013.176270,-00032.000031
      Vertex   -00040.000214,+00013.999756,-00028.000000
      Vertex   -00000.000244,+00027.999756,-00028.000000
      Vertex   -00000.000244,+00026.352661,-00032.000031
   End Polygon
   Begin Polygon Item=2DLoftSIDE Texture=un_woodfloor_b Flags=1082130464 Link=7
      Origin   +00122.351318,+01204.000000,-00304.000000
      Normal   -00000.861936,-00000.000000,-00000.507017
      TextureU +00000.000000,-00001.000000,+00000.000000
      TextureV +00000.507017,+00000.000000,-00000.861936
      Vertex   -00037.647263,-00013.176758,-00032.000031
      Vertex   -00040.000214,-00014.000244,-00028.000000
      Vertex   -00040.000214,+00013.999756,-00028.000000
      Vertex   -00037.647263,+00013.176270,-00032.000031
   End Polygon
   Begin Polygon Item=2DLoftSIDE Texture=un_woodfloor_b Flags=1082130464 Link=8
      Origin   -00248.930389,+00172.771484,-00304.000000
      Normal   -00000.307914,-00000.879753,-00000.362248
      TextureU +00000.943858,-00000.330351,+00000.000000
      TextureV +00000.119669,+00000.341911,-00000.932082
      Vertex   -00000.000275,-00026.353149,-00032.000031
      Vertex   -00000.000275,-00028.000244,-00028.000000
      Vertex   -00040.000214,-00014.000244,-00028.000000
      Vertex   -00037.647263,-00013.176758,-00032.000031
   End Polygon
   Begin Polygon Item=2DLoftSIDE Texture=un_woodfloor_b Flags=1082130464 Link=9
      Origin   +00448.484680,+00242.615540,-00304.000000
      Normal   +00000.307914,-00000.879753,-00000.362248
      TextureU +00000.943858,+00000.330351,+00000.000000
      TextureV -00000.119669,+00000.341911,-00000.932082
      Vertex   +00037.646744,-00013.176758,-00032.000031
      Vertex   +00039.999680,-00014.000244,-00028.000000
      Vertex   -00000.000275,-00028.000244,-00028.000000
      Vertex   -00000.000275,-00026.353149,-00032.000031
   End Polygon
   Begin Polygon Item=2DLoftSIDE Texture=un_woodfloor_b Flags=1082130464 Link=10
      Origin   -00122.351593,+01204.000000,-00304.000000
      Normal   +00000.861937,+00000.000000,-00000.507016
      TextureU -00000.000000,+00001.000000,+00000.000000
      TextureV -00000.507016,-00000.000000,-00000.861937
      Vertex   +00037.646744,+00013.176270,-00032.000031
      Vertex   +00039.999680,+00013.999756,-00028.000000
      Vertex   +00039.999680,-00014.000244,-00028.000000
      Vertex   +00037.646744,-00013.176758,-00032.000031
   End Polygon
   Begin Polygon Item=2DLoftSIDE Texture=un_woodfloor_b Flags=1082130464 Link=11
      Origin   -00302.340027,+00020.172729,-00304.000000
      Normal   +00000.307914,+00000.879753,-00000.362248
      TextureU -00000.943858,+00000.330351,+00000.000000
      TextureV -00000.119669,-00000.341911,-00000.932082
      Vertex   -00000.000244,+00026.352661,-00032.000031
      Vertex   -00000.000244,+00027.999756,-00028.000000
      Vertex   +00039.999680,+00013.999756,-00028.000000
      Vertex   +00037.646744,+00013.176270,-00032.000031
   End Polygon
   Begin Polygon Item=2DLoftSIDE Texture=un_woodfloor_b Flags=1082130464 Link=12
      Origin   +00431.023621,+00292.504211,-00304.000122
      Normal   -00000.307914,+00000.879753,+00000.362248
      TextureU -00000.943858,-00000.330351,+00000.000000
      TextureV -00000.119669,+00000.341911,-00000.932082
      Vertex   -00040.000214,+00013.999756,-00028.000000
      Vertex   -00037.647263,+00013.176270,-00023.999969
      Vertex   -00000.000244,+00026.352661,-00023.999969
      Vertex   -00000.000244,+00027.999756,-00028.000000
   End Polygon
   Begin Polygon Item=2DLoftSIDE Texture=un_woodfloor_b Flags=1082130464 Link=13
      Origin   -00202.351624,+01204.000000,-00303.999756
      Normal   -00000.861936,-00000.000000,+00000.507017
      TextureU +00000.000000,-00001.000000,+00000.000000
      TextureV -00000.507016,-00000.000000,-00000.861937
      Vertex   -00040.000214,-00014.000244,-00028.000000
      Vertex   -00037.647263,-00013.176758,-00023.999969
      Vertex   -00037.647263,+00013.176270,-00023.999969
      Vertex   -00040.000214,+00013.999756,-00028.000000
   End Polygon
   Begin Polygon Item=2DLoftSIDE Texture=un_woodfloor_b Flags=1082130464 Link=14
      Origin   -00319.801025,-00029.715820,-00303.999817
      Normal   -00000.307914,-00000.879753,+00000.362248
      TextureU +00000.943858,-00000.330351,+00000.000000
      TextureV -00000.119669,-00000.341911,-00000.932082
      Vertex   -00000.000275,-00028.000244,-00028.000000
      Vertex   -00000.000275,-00026.353149,-00023.999969
      Vertex   -00037.647263,-00013.176758,-00023.999969
      Vertex   -00040.000214,-00014.000244,-00028.000000
   End Polygon
   Begin Polygon Item=2DLoftSIDE Texture=un_woodfloor_b Flags=1082130464 Link=15
      Origin   +00519.355225,+00040.128174,-00304.000122
      Normal   +00000.307914,-00000.879753,+00000.362248
      TextureU +00000.943858,+00000.330351,+00000.000000
      TextureV +00000.119669,-00000.341911,-00000.932082
      Vertex   +00039.999680,-00014.000244,-00028.000000
      Vertex   +00037.646744,-00013.176758,-00023.999969
      Vertex   -00000.000275,-00026.353149,-00023.999969
      Vertex   -00000.000275,-00028.000244,-00028.000000
   End Polygon
   Begin Polygon Item=2DLoftSIDE Texture=un_woodfloor_b Flags=1082130464 Link=16
      Origin   +00202.350983,+01204.000000,-00304.000061
      Normal   +00000.861937,+00000.000000,+00000.507016
      TextureU -00000.000000,+00001.000000,+00000.000000
      TextureV +00000.507017,+00000.000000,-00000.861936
      Vertex   +00039.999680,+00013.999756,-00028.000000
      Vertex   +00037.646744,+00013.176270,-00023.999969
      Vertex   +00037.646744,-00013.176758,-00023.999969
      Vertex   +00039.999680,-00014.000244,-00028.000000
   End Polygon
   Begin Polygon Item=2DLoftSIDE Texture=un_woodfloor_b Flags=1082130464 Link=17
      Origin   -00231.469391,+00222.660034,-00303.999908
      Normal   +00000.307914,+00000.879753,+00000.362248
      TextureU -00000.943858,+00000.330351,+00000.000000
      TextureV +00000.119669,+00000.341911,-00000.932082
      Vertex   -00000.000244,+00027.999756,-00028.000000
      Vertex   -00000.000244,+00026.352661,-00023.999969
      Vertex   +00037.646744,+00013.176270,-00023.999969
      Vertex   +00039.999680,+00013.999756,-00028.000000
   End Polygon
   Begin Polygon Item=OUTSIDE Texture=un_woodfloor_a Flags=1082130464 Link=18
      Origin   -00010.000305,-00008.000244,-00304.000000
      Normal   +00001.000000,+00000.000000,+00000.000000
      TextureU -00000.000000,+00001.000000,+00000.000000
      TextureV +00000.000000,+00000.000000,-00001.000000
      Vertex   -00010.000305,-00008.000244,-00064.000000
      Vertex   -00010.000305,-00008.000244,-00032.000000
      Vertex   -00010.000305,-00016.000244,-00032.000000
      Vertex   -00010.000305,-00016.000244,-00064.000000
   End Polygon
   Begin Polygon Item=OUTSIDE Texture=un_woodfloor_a Flags=1082130464 Link=19
      Origin   +00007.999756,-00008.000244,-00304.000000
      Normal   -00000.000000,+00001.000000,+00000.000000
      TextureU -00001.000000,-00000.000000,+00000.000000
      TextureV +00000.000000,+00000.000000,-00001.000000
      Vertex   +00007.999756,-00008.000244,-00064.000000
      Vertex   +00007.999756,-00008.000244,-00032.000000
      Vertex   +00023.999756,-00008.000244,-00032.000000
      Vertex   +00013.999756,-00008.000244,-00064.000000
   End Polygon
   Begin Polygon Item=OUTSIDE Texture=un_woodfloor_a Flags=1082130464 Link=20
      Origin   +00008.000061,+00016.000000,-00304.000000
      Normal   -00000.000000,+00001.000000,+00000.000000
      TextureU -00001.000000,-00000.000000,+00000.000000
      TextureV +00000.000000,+00000.000000,-00001.000000
      Vertex   +00008.000061,+00016.000000,-00064.000000
      Vertex   +00008.000061,+00016.000000,-00032.000000
      Vertex   +00024.000061,+00016.000000,-00032.000000
      Vertex   +00014.000061,+00016.000000,-00064.000000
   End Polygon
   Begin Polygon Item=OUTSIDE Texture=un_woodfloor_a Flags=1082130464 Link=21
      Origin   +00024.000061,+00008.000000,-00304.000000
      Normal   +00000.000000,-00001.000000,+00000.000000
      TextureU +00001.000000,+00000.000000,+00000.000000
      TextureV +00000.000000,+00000.000000,-00001.000000
      Vertex   +00014.000061,+00008.000000,-00064.000000
      Vertex   +00024.000061,+00008.000000,-00032.000000
      Vertex   +00008.000061,+00008.000000,-00032.000000
      Vertex   +00008.000061,+00008.000000,-00064.000000
   End Polygon
   Begin Polygon Item=OUTSIDE Texture=un_woodfloor_a Flags=1082130464 Link=22
      Origin   -00061.000244,+03172.000000,-00304.000000
      Normal   +00000.954480,-00000.000000,-00000.298275
      TextureU -00000.000000,+00001.000000,+00000.000000
      TextureV -00000.298275,+00000.000000,-00000.954480
      Vertex   +00014.000061,+00016.000000,-00064.000000
      Vertex   +00024.000061,+00016.000000,-00032.000000
      Vertex   +00023.999748,+00008.399780,-00032.000031
      Vertex   +00024.000061,+00008.000000,-00032.000000
      Vertex   +00014.000061,+00008.000000,-00064.000000
   End Polygon
   Begin Polygon Item=OUTSIDE Texture=un_woodfloor_a Flags=1082130464 Link=23
      Origin   +00008.000061,+00008.000000,-00304.000000
      Normal   -00001.000000,-00000.000000,+00000.000000
      TextureU +00000.000000,-00001.000000,+00000.000000
      TextureV +00000.000000,+00000.000000,-00001.000000
      Vertex   +00008.000061,+00008.000000,-00064.000000
      Vertex   +00008.000061,+00008.000000,-00032.000000
      Vertex   +00008.000061,+00016.000000,-00032.000000
      Vertex   +00008.000061,+00016.000000,-00064.000000
   End Polygon
   Begin Polygon Item=OUTSIDE Texture=un_woodfloor_a Flags=1082130464 Link=24
      Origin   +00007.999756,-00016.000244,-00304.000000
      Normal   -00001.000000,-00000.000000,+00000.000000
      TextureU +00000.000000,-00001.000000,+00000.000000
      TextureV +00000.000000,+00000.000000,-00001.000000
      Vertex   +00007.999756,-00016.000244,-00064.000000
      Vertex   +00007.999756,-00016.000244,-00032.000000
      Vertex   +00007.999756,-00008.000244,-00032.000000
      Vertex   +00007.999756,-00008.000244,-00064.000000
   End Polygon
   Begin Polygon Item=OUTSIDE Texture=un_woodfloor_a Flags=1082130464 Link=25
      Origin   -00061.000244,+03172.000000,-00304.000000
      Normal   +00000.954480,-00000.000000,-00000.298275
      TextureU -00000.000000,+00001.000000,+00000.000000
      TextureV -00000.298275,+00000.000000,-00000.954480
      Vertex   +00013.999756,-00008.000244,-00064.000000
      Vertex   +00023.999756,-00008.000244,-00032.000000
      Vertex   +00023.999756,-00016.000244,-00032.000000
      Vertex   +00013.999756,-00016.000244,-00064.000000
   End Polygon
   Begin Polygon Item=OUTSIDE Texture=un_woodfloor_a Flags=1082130464 Link=26
      Origin   +00023.999756,-00016.000244,-00304.000000
      Normal   +00000.000000,-00001.000000,+00000.000000
      TextureU +00001.000000,+00000.000000,+00000.000000
      TextureV +00000.000000,+00000.000000,-00001.000000
      Vertex   +00013.999756,-00016.000244,-00064.000000
      Vertex   +00023.999756,-00016.000244,-00032.000000
      Vertex   +00007.999756,-00016.000244,-00032.000000
      Vertex   +00007.999756,-00016.000244,-00064.000000
   End Polygon
   Begin Polygon Item=OUTSIDE Texture=un_woodfloor_a Flags=1082130464 Link=27
      Origin   -00026.000305,-00008.000244,-00304.000000
      Normal   -00000.000000,+00001.000000,+00000.000000
      TextureU -00001.000000,-00000.000000,+00000.000000
      TextureV +00000.000000,+00000.000000,-00001.000000
      Vertex   -00016.000305,-00008.000244,-00064.000000
      Vertex   -00026.000305,-00008.000244,-00032.000000
      Vertex   -00010.000305,-00008.000244,-00032.000000
      Vertex   -00010.000305,-00008.000244,-00064.000000
   End Polygon
   Begin Polygon Item=OUTSIDE Texture=un_woodfloor_a Flags=1082130464 Link=28
      Origin   -00009.999725,+00008.000244,-00304.000000
      Normal   +00000.000000,-00001.000000,+00000.000000
      TextureU +00001.000000,+00000.000000,+00000.000000
      TextureV +00000.000000,+00000.000000,-00001.000000
      Vertex   -00009.999725,+00008.000244,-00064.000000
      Vertex   -00009.999725,+00008.000244,-00032.000000
      Vertex   -00025.999725,+00008.000244,-00032.000000
      Vertex   -00015.999725,+00008.000244,-00064.000000
   End Polygon
   Begin Polygon Item=OUTSIDE Texture=un_woodfloor_a Flags=1082130464 Link=29
      Origin   -00025.999725,+00016.000244,-00304.000000
      Normal   -00000.000000,+00001.000000,+00000.000000
      TextureU -00001.000000,-00000.000000,+00000.000000
      TextureV +00000.000000,+00000.000000,-00001.000000
      Vertex   -00015.999725,+00016.000244,-00064.000000
      Vertex   -00025.999725,+00016.000244,-00032.000000
      Vertex   -00009.999725,+00016.000244,-00032.000000
      Vertex   -00009.999725,+00016.000244,-00064.000000
   End Polygon
   Begin Polygon Item=OUTSIDE Texture=un_woodfloor_a Flags=1082130464 Link=30
      Origin   +00058.999664,+03172.000000,-00304.000000
      Normal   -00000.954480,+00000.000000,-00000.298275
      TextureU +00000.000000,-00001.000000,+00000.000000
      TextureV +00000.298275,-00000.000000,-00000.954480
      Vertex   -00015.999725,+00008.000244,-00064.000000
      Vertex   -00025.999725,+00008.000244,-00032.000000
      Vertex   -00026.000320,+00009.099854,-00032.000031
      Vertex   -00025.999725,+00016.000244,-00032.000000
      Vertex   -00015.999725,+00016.000244,-00064.000000
   End Polygon
   Begin Polygon Item=OUTSIDE Texture=un_woodfloor_a Flags=1082130464 Link=31
      Origin   +00058.999664,+03172.000000,-00304.000000
      Normal   -00000.954480,+00000.000000,-00000.298275
      TextureU +00000.000000,-00001.000000,+00000.000000
      TextureV +00000.298275,-00000.000000,-00000.954480
      Vertex   -00016.000305,-00016.000244,-00064.000000
      Vertex   -00026.000305,-00016.000244,-00032.000000
      Vertex   -00026.000305,-00008.000244,-00032.000000
      Vertex   -00016.000305,-00008.000244,-00064.000000
   End Polygon
   Begin Polygon Item=OUTSIDE Texture=un_woodfloor_a Flags=1082130464 Link=32
      Origin   -00010.000305,-00016.000244,-00304.000000
      Normal   +00000.000000,-00001.000000,+00000.000000
      TextureU +00001.000000,+00000.000000,+00000.000000
      TextureV +00000.000000,+00000.000000,-00001.000000
      Vertex   -00010.000305,-00016.000244,-00064.000000
      Vertex   -00010.000305,-00016.000244,-00032.000000
      Vertex   -00026.000305,-00016.000244,-00032.000000
      Vertex   -00016.000305,-00016.000244,-00064.000000
   End Polygon
   Begin Polygon Item=OUTSIDE Texture=un_woodfloor_a Flags=1082130464 Link=33
      Origin   -00009.999725,+00016.000244,-00304.000000
      Normal   +00001.000000,+00000.000000,+00000.000000
      TextureU -00000.000000,+00001.000000,+00000.000000
      TextureV +00000.000000,+00000.000000,-00001.000000
      Vertex   -00009.999725,+00016.000244,-00064.000000
      Vertex   -00009.999725,+00016.000244,-00032.000000
      Vertex   -00009.999725,+00008.000244,-00032.000000
      Vertex   -00009.999725,+00008.000244,-00064.000000
   End Polygon
   Begin Polygon Item=OUTSIDE Texture=un_woodfloor_a Flags=1082130464 Link=34
      Origin   +00400.000000,+03172.000000,-00032.000000
      Normal   +00000.000000,+00000.000000,+00001.000000
      TextureU -00001.000000,-00000.000000,+00000.000000
      TextureV +00000.000000,-00001.000000,+00000.000000
      Vertex   +00023.999756,-00016.000244,-00032.000000
      Vertex   +00023.999756,-00008.000244,-00032.000000
      Vertex   +00007.999756,-00008.000244,-00032.000000
      Vertex   +00007.999756,-00016.000244,-00032.000000
   End Polygon
   Begin Polygon Item=OUTSIDE Texture=un_woodfloor_a Flags=1082130464 Link=35
      Origin   +00400.000000,+03172.000000,-00032.000000
      Normal   +00000.000000,+00000.000000,+00001.000000
      TextureU -00001.000000,-00000.000000,+00000.000000
      TextureV +00000.000000,-00001.000000,+00000.000000
      Vertex   -00025.999725,+00016.000244,-00032.000000
      Vertex   -00026.000320,+00009.099854,-00032.000031
      Vertex   -00025.999725,+00008.000244,-00032.000000
      Vertex   -00009.999725,+00008.000244,-00032.000000
      Vertex   -00009.999725,+00016.000244,-00032.000000
   End Polygon
   Begin Polygon Item=OUTSIDE Texture=un_woodfloor_a Flags=1082130464 Link=36
      Origin   +00400.000000,+03172.000000,-00032.000000
      Normal   +00000.000000,+00000.000000,+00001.000000
      TextureU -00001.000000,-00000.000000,+00000.000000
      TextureV +00000.000000,-00001.000000,+00000.000000
      Vertex   +00024.000061,+00008.000000,-00032.000000
      Vertex   +00023.999748,+00008.399780,-00032.000031
      Vertex   +00024.000061,+00016.000000,-00032.000000
      Vertex   +00008.000061,+00016.000000,-00032.000000
      Vertex   +00008.000061,+00008.000000,-00032.000000
   End Polygon
   Begin Polygon Item=2DLoftSIDE Texture=un_woodfloor_b Flags=1082130464 Link=37
      Origin   +00112.000000,+01204.000000,-00032.000000
      Normal   +00000.000000,+00000.000000,-00001.000000
      TextureU -00001.000000,-00000.000000,+00000.000000
      TextureV +00000.000000,-00001.000000,+00000.000000
      Vertex   -00000.000275,-00026.353149,-00032.000031
      Vertex   -00010.000305,-00022.853149,-00032.000031
      Vertex   -00010.000305,+00003.499756,-00032.000031
      Vertex   -00009.999725,+00008.000244,-00032.000000
      Vertex   -00010.000305,+00022.852661,-00032.000031
      Vertex   -00000.000244,+00026.352661,-00032.000031
      Vertex   +00007.999756,+00023.552612,-00032.000031
      Vertex   +00007.999756,-00023.553101,-00032.000031
   End Polygon
   Begin Polygon Item=2DLoftSIDE Texture=un_woodfloor_b Flags=1082130464 Link=37
      Origin   +00112.000000,+01204.000000,-00032.000000
      Normal   +00000.000000,+00000.000000,-00001.000000
      TextureU -00001.000000,-00000.000000,+00000.000000
      TextureV +00000.000000,-00001.000000,+00000.000000
      Vertex   -00037.647263,-00013.176758,-00032.000031
      Vertex   -00037.647263,+00013.176270,-00032.000031
      Vertex   -00026.000320,+00017.252686,-00032.000031
      Vertex   -00025.999725,+00016.000244,-00032.000000
      Vertex   -00026.000320,+00009.099854,-00032.000031
      Vertex   -00025.999725,+00008.000244,-00032.000000
      Vertex   -00026.000320,-00017.253174,-00032.000031
   End Polygon
   Begin Polygon Item=2DLoftSIDE Texture=un_woodfloor_b Flags=1082130464 Link=37
      Origin   +00112.000000,+01204.000000,-00032.000000
      Normal   +00000.000000,+00000.000000,-00001.000000
      TextureU -00001.000000,-00000.000000,+00000.000000
      TextureV +00000.000000,-00001.000000,+00000.000000
      Vertex   -00026.000305,-00008.000244,-00032.000000
      Vertex   -00025.999725,+00008.000244,-00032.000000
      Vertex   -00009.999725,+00008.000244,-00032.000000
      Vertex   -00010.000305,+00003.499756,-00032.000031
      Vertex   -00010.000305,-00008.000244,-00032.000000
   End Polygon
   Begin Polygon Item=2DLoftSIDE Texture=un_woodfloor_b Flags=1082130464 Link=37
      Origin   +00112.000000,+01204.000000,-00032.000000
      Normal   +00000.000000,+00000.000000,-00001.000000
      TextureU -00001.000000,-00000.000000,+00000.000000
      TextureV +00000.000000,-00001.000000,+00000.000000
      Vertex   -00009.999725,+00016.000244,-00032.000000
      Vertex   -00025.999725,+00016.000244,-00032.000000
      Vertex   -00026.000320,+00017.252686,-00032.000031
      Vertex   -00010.000305,+00022.852661,-00032.000031
   End Polygon
   Begin Polygon Item=2DLoftSIDE Texture=un_woodfloor_b Flags=1082130464 Link=37
      Origin   +00112.000000,+01204.000000,-00032.000000
      Normal   +00000.000000,+00000.000000,-00001.000000
      TextureU -00001.000000,-00000.000000,+00000.000000
      TextureV +00000.000000,-00001.000000,+00000.000000
      Vertex   -00010.000305,-00016.000244,-00032.000000
      Vertex   -00010.000305,-00022.853149,-00032.000031
      Vertex   -00026.000320,-00017.253174,-00032.000031
      Vertex   -00026.000305,-00016.000244,-00032.000000
   End Polygon
   Begin Polygon Item=2DLoftSIDE Texture=un_woodfloor_b Flags=1082130464 Link=37
      Origin   +00112.000000,+01204.000000,-00032.000000
      Normal   +00000.000000,+00000.000000,-00001.000000
      TextureU -00001.000000,-00000.000000,+00000.000000
      TextureV +00000.000000,-00001.000000,+00000.000000
      Vertex   +00037.646744,+00013.176270,-00032.000031
      Vertex   +00037.646744,-00013.176758,-00032.000031
      Vertex   +00023.999748,-00017.953125,-00032.000031
      Vertex   +00024.000061,+00008.000000,-00032.000000
      Vertex   +00023.999748,+00008.399780,-00032.000031
      Vertex   +00024.000061,+00016.000000,-00032.000000
      Vertex   +00023.999748,+00017.952637,-00032.000031
   End Polygon
   Begin Polygon Item=2DLoftSIDE Texture=un_woodfloor_b Flags=1082130464 Link=37
      Origin   +00112.000000,+01204.000000,-00032.000000
      Normal   +00000.000000,+00000.000000,-00001.000000
      TextureU -00001.000000,-00000.000000,+00000.000000
      TextureV +00000.000000,-00001.000000,+00000.000000
      Vertex   +00024.000061,+00008.000000,-00032.000000
      Vertex   +00023.999756,-00008.000244,-00032.000000
      Vertex   +00007.999756,-00008.000244,-00032.000000
      Vertex   +00008.000061,+00008.000000,-00032.000000
   End Polygon
   Begin Polygon Item=2DLoftSIDE Texture=un_woodfloor_b Flags=1082130464 Link=37
      Origin   +00112.000000,+01204.000000,-00032.000000
      Normal   +00000.000000,+00000.000000,-00001.000000
      TextureU -00001.000000,-00000.000000,+00000.000000
      TextureV +00000.000000,-00001.000000,+00000.000000
      Vertex   +00007.999756,-00016.000244,-00032.000000
      Vertex   +00023.999756,-00016.000244,-00032.000000
      Vertex   +00023.999748,-00017.953125,-00032.000031
      Vertex   +00007.999756,-00023.553101,-00032.000031
   End Polygon
   Begin Polygon Item=2DLoftSIDE Texture=un_woodfloor_b Flags=1082130464 Link=37
      Origin   +00112.000000,+01204.000000,-00032.000000
      Normal   +00000.000000,+00000.000000,-00001.000000
      TextureU -00001.000000,-00000.000000,+00000.000000
      TextureV +00000.000000,-00001.000000,+00000.000000
      Vertex   +00008.000061,+00016.000000,-00032.000000
      Vertex   +00007.999756,+00023.552612,-00032.000031
      Vertex   +00023.999748,+00017.952637,-00032.000031
      Vertex   +00024.000061,+00016.000000,-00032.000000
   End Polygon
End PolyList
