Begin PolyList
   Begin Polygon Item=OUTSIDE Flags=-1073741824 Link=0
      Origin   -00135.000000,+00064.000000,-00128.000000
      Normal   +00000.000000,+00000.000000,-00001.000000
      TextureU +00000.000000,-00001.000000,+00000.000000
      TextureV -00001.000000,+00000.000000,+00000.000000
      Vertex   +00128.098633,-00009.417480,-00128.000000
      Vertex   -00126.668945,-00034.510254,-00128.000000
      Vertex   -00132.941895,+00029.182129,-00128.000000
      Vertex   +00121.825195,+00054.274414,-00128.000000
   End Polygon
   Begin Polygon Item=OUTSIDE Texture=DrtySilvMetal_A Flags=1073741824 Link=1
      Origin   +00128.098633,-00009.417480,-00120.000000
      Normal   +00000.000000,+00000.000000,+00001.000000
      TextureU -00000.995185,-00000.098017,+00000.000000
      TextureV +00000.098017,-00000.995185,+00000.000000
      Vertex   -00130.296387,+00002.312988,-00120.000000
      Vertex   -00129.317383,-00007.639648,-00120.000000
      Vertex   +00125.450195,+00017.452637,-00120.000000
      Vertex   +00124.470703,+00027.405273,-00120.000000
   End Polygon
   Begin Polygon Item=OUTSIDE Texture=WarningStripe_A Flags=1073741824 Link=2
      Origin   +00125.188477,+00024.462891,+00007.750000
      Normal   +00000.995185,+00000.098017,+00000.000000
      Pan      U=-51 V=4
      TextureU -00000.098017,+00000.995185,+00000.000000
      TextureV +00000.000000,+00000.000000,+00001.000000
      Vertex   +00125.188477,+00024.462891,+00007.750000
      Vertex   +00125.188477,+00024.462891,+00028.250000
      Vertex   +00125.482422,+00021.477539,+00028.250000
      Vertex   +00125.482422,+00021.477539,+00007.750000
   End Polygon
   Begin Polygon Item=OUTSIDE Texture=WarningStripe_A Flags=1073741824 Link=3
      Origin   -00130.280273,-00003.712891,+00007.750000
      Normal   -00000.995185,-00000.098017,+00000.000000
      Pan      U=-51 V=4
      TextureU +00000.098017,-00000.995185,+00000.000000
      TextureV +00000.000000,+00000.000000,+00001.000000
      Vertex   -00130.280273,-00003.712891,+00007.750000
      Vertex   -00130.280273,-00003.712891,+00028.250000
      Vertex   -00130.574219,-00000.727539,+00028.250000
      Vertex   -00130.574219,-00000.727539,+00007.750000
   End Polygon
   Begin Polygon Item=OUTSIDE Texture=WarningStripe_A Flags=1073741824 Link=4
      Origin   -00130.574219,-00000.727539,+00007.750000
      Normal   -00000.098017,+00000.995185,+00000.000000
      Pan      U=-51 V=4
      TextureU -00000.995185,-00000.098017,+00000.000000
      TextureV +00000.000000,+00000.000000,+00001.000000
      Vertex   -00130.574219,-00000.727539,+00007.750000
      Vertex   -00130.574219,-00000.727539,+00028.250000
      Vertex   +00125.188477,+00024.462891,+00028.250000
      Vertex   +00125.188477,+00024.462891,+00007.750000
   End Polygon
   Begin Polygon Item=OUTSIDE Texture=DrtySilvMetal_A Flags=1073741856 Link=5
      Origin   -00045.134766,+00010.194336,-00120.000000
      Normal   +00000.995185,+00000.098017,+00000.000000
      TextureU +00000.098017,-00000.995185,+00000.000000
      TextureV +00000.000000,+00000.000000,-00001.000000
      Vertex   -00045.134766,+00010.194336,+00044.000244
      Vertex   -00044.890625,+00007.711426,+00044.000244
      Vertex   -00044.890625,+00007.711426,-00120.000000
      Vertex   -00045.134766,+00010.194336,-00120.000000
   End Polygon
   Begin Polygon Item=OUTSIDE Texture=DrtySilvMetal_A Flags=1073741856 Link=6
      Origin   +00042.441406,+00018.820313,-00120.000000
      Normal   +00000.995185,+00000.098017,+00000.000000
      TextureU +00000.098017,-00000.995185,+00000.000000
      TextureV +00000.000000,+00000.000000,-00001.000000
      Vertex   +00042.441406,+00018.820313,+00044.000244
      Vertex   +00042.685547,+00016.336914,+00044.000244
      Vertex   +00042.685547,+00016.336914,-00120.000000
      Vertex   +00042.441406,+00018.820313,-00120.000000
   End Polygon
   Begin Polygon Item=OUTSIDE Texture=DrtySilvMetal_A Flags=1073741856 Link=7
      Origin   +00118.076172,+00026.269531,-00120.000000
      Normal   +00000.995185,+00000.098017,+00000.000000
      TextureU +00000.098017,-00000.995185,+00000.000000
      TextureV +00000.000000,+00000.000000,-00001.000000
      Vertex   +00118.076172,+00026.269531,+00044.000244
      Vertex   +00118.320313,+00023.786621,+00044.000244
      Vertex   +00118.320313,+00023.786621,-00120.000000
      Vertex   +00118.076172,+00026.269531,-00120.000000
   End Polygon
   Begin Polygon Item=OUTSIDE Texture=DrtySilvMetal_A Flags=1073741856 Link=8
      Origin   +00110.703125,+00019.514160,-00120.000000
      Normal   -00000.995185,-00000.098017,+00000.000000
      TextureU -00000.098017,+00000.995185,+00000.000000
      TextureV +00000.000000,+00000.000000,-00001.000000
      Vertex   +00110.359375,+00023.002441,+00044.000244
      Vertex   +00110.114258,+00025.485352,+00044.000244
      Vertex   +00110.114258,+00025.485352,-00120.000000
      Vertex   +00110.359375,+00023.002441,-00120.000000
   End Polygon
   Begin Polygon Item=OUTSIDE Texture=DrtySilvMetal_A Flags=1073741856 Link=9
      Origin   +00110.114258,+00025.485352,-00120.000000
      Normal   -00000.098017,+00000.995185,+00000.000000
      TextureU +00000.995185,+00000.098017,+00000.000000
      TextureV +00000.000000,+00000.000000,-00001.000000
      Vertex   +00110.114258,+00025.485352,+00044.000244
      Vertex   +00118.076172,+00026.269531,+00044.000244
      Vertex   +00118.076172,+00026.269531,-00120.000000
      Vertex   +00110.114258,+00025.485352,-00120.000000
   End Polygon
   Begin Polygon Item=OUTSIDE Texture=DrtySilvMetal_A Flags=1073741856 Link=10
      Origin   +00110.114258,+00025.485352,+00044.000244
      Normal   +00000.000000,+00000.000000,+00001.000000
      TextureU +00000.995185,+00000.098017,+00000.000000
      TextureV -00000.098017,+00000.995185,+00000.000000
      Vertex   +00118.614258,+00020.801270,+00044.000244
      Vertex   +00118.320313,+00023.786621,+00044.000244
      Vertex   +00118.076172,+00026.269531,+00044.000244
      Vertex   +00110.114258,+00025.485352,+00044.000244
      Vertex   +00110.359375,+00023.002441,+00044.000244
      Vertex   +00110.653320,+00020.017090,+00044.000244
      Vertex   +00110.703125,+00019.514160,+00044.000244
      Vertex   +00118.664063,+00020.298340,+00044.000244
   End Polygon
   Begin Polygon Item=OUTSIDE Texture=DrtySilvMetal_A Flags=1073741856 Link=11
      Origin   +00035.068359,+00012.064941,-00120.000000
      Normal   -00000.995185,-00000.098017,+00000.000000
      TextureU -00000.098017,+00000.995185,+00000.000000
      TextureV +00000.000000,+00000.000000,-00001.000000
      Vertex   +00034.724609,+00015.552734,+00044.000244
      Vertex   +00034.479492,+00018.036133,+00044.000244
      Vertex   +00034.479492,+00018.036133,-00120.000000
      Vertex   +00034.724609,+00015.552734,-00120.000000
   End Polygon
   Begin Polygon Item=OUTSIDE Texture=DrtySilvMetal_A Flags=1073741856 Link=12
      Origin   +00034.479492,+00018.036133,-00120.000000
      Normal   -00000.098017,+00000.995185,+00000.000000
      TextureU +00000.995185,+00000.098017,+00000.000000
      TextureV +00000.000000,+00000.000000,-00001.000000
      Vertex   +00034.479492,+00018.036133,+00044.000244
      Vertex   +00042.441406,+00018.820313,+00044.000244
      Vertex   +00042.441406,+00018.820313,-00120.000000
      Vertex   +00034.479492,+00018.036133,-00120.000000
   End Polygon
   Begin Polygon Item=OUTSIDE Texture=DrtySilvMetal_A Flags=1073741856 Link=13
      Origin   +00034.479492,+00018.036133,+00044.000244
      Normal   +00000.000000,+00000.000000,+00001.000000
      TextureU +00000.995185,+00000.098017,+00000.000000
      TextureV -00000.098017,+00000.995185,+00000.000000
      Vertex   +00042.979492,+00013.351563,+00044.000244
      Vertex   +00042.685547,+00016.336914,+00044.000244
      Vertex   +00042.441406,+00018.820313,+00044.000244
      Vertex   +00034.479492,+00018.036133,+00044.000244
      Vertex   +00034.724609,+00015.552734,+00044.000244
      Vertex   +00035.018555,+00012.567871,+00044.000244
      Vertex   +00035.068359,+00012.064941,+00044.000244
      Vertex   +00043.029297,+00012.849121,+00044.000244
   End Polygon
   Begin Polygon Item=OUTSIDE Texture=DrtySilvMetal_A Flags=1073741856 Link=14
      Origin   -00114.798828,+00003.333496,-00120.000000
      Normal   +00000.995185,+00000.098017,+00000.000000
      TextureU +00000.098017,-00000.995185,+00000.000000
      TextureV +00000.000000,+00000.000000,-00001.000000
      Vertex   -00114.798828,+00003.333496,+00044.000244
      Vertex   -00114.554688,+00000.850098,+00044.000244
      Vertex   -00114.554688,+00000.850098,-00120.000000
      Vertex   -00114.798828,+00003.333496,-00120.000000
   End Polygon
   Begin Polygon Item=OUTSIDE Texture=DrtySilvMetal_A Flags=1073741856 Link=15
      Origin   -00052.507813,+00003.438965,-00120.000000
      Normal   -00000.995185,-00000.098017,+00000.000000
      TextureU -00000.098017,+00000.995185,+00000.000000
      TextureV +00000.000000,+00000.000000,-00001.000000
      Vertex   -00052.851563,+00006.927246,+00044.000244
      Vertex   -00053.096680,+00009.410156,+00044.000244
      Vertex   -00053.096680,+00009.410156,-00120.000000
      Vertex   -00052.851563,+00006.927246,-00120.000000
   End Polygon
   Begin Polygon Item=OUTSIDE Texture=DrtySilvMetal_A Flags=1073741856 Link=16
      Origin   -00053.096680,+00009.410156,-00120.000000
      Normal   -00000.098017,+00000.995185,+00000.000000
      TextureU +00000.995185,+00000.098017,+00000.000000
      TextureV +00000.000000,+00000.000000,-00001.000000
      Vertex   -00053.096680,+00009.410156,+00044.000244
      Vertex   -00045.134766,+00010.194336,+00044.000244
      Vertex   -00045.134766,+00010.194336,-00120.000000
      Vertex   -00053.096680,+00009.410156,-00120.000000
   End Polygon
   Begin Polygon Item=OUTSIDE Texture=DrtySilvMetal_A Flags=1073741856 Link=17
      Origin   -00053.096680,+00009.410156,+00044.000244
      Normal   +00000.000000,+00000.000000,+00001.000000
      TextureU +00000.995185,+00000.098017,+00000.000000
      TextureV -00000.098017,+00000.995185,+00000.000000
      Vertex   -00044.596680,+00004.726074,+00044.000244
      Vertex   -00044.890625,+00007.711426,+00044.000244
      Vertex   -00045.134766,+00010.194336,+00044.000244
      Vertex   -00053.096680,+00009.410156,+00044.000244
      Vertex   -00052.851563,+00006.927246,+00044.000244
      Vertex   -00052.557617,+00003.942383,+00044.000244
      Vertex   -00052.507813,+00003.438965,+00044.000244
      Vertex   -00044.546875,+00004.223145,+00044.000244
   End Polygon
   Begin Polygon Item=OUTSIDE Texture=DrtySilvMetal_A Flags=1073741856 Link=18
      Origin   -00122.171875,-00003.421875,-00120.000000
      Normal   -00000.995185,-00000.098017,+00000.000000
      TextureU -00000.098017,+00000.995185,+00000.000000
      TextureV +00000.000000,+00000.000000,-00001.000000
      Vertex   -00122.515625,+00000.065918,+00044.000244
      Vertex   -00122.760742,+00002.549316,+00044.000244
      Vertex   -00122.760742,+00002.549316,-00120.000000
      Vertex   -00122.515625,+00000.065918,-00120.000000
   End Polygon
   Begin Polygon Item=OUTSIDE Texture=DrtySilvMetal_A Flags=1073741856 Link=19
      Origin   -00122.760742,+00002.549316,-00120.000000
      Normal   -00000.098017,+00000.995185,+00000.000000
      TextureU +00000.995185,+00000.098017,+00000.000000
      TextureV +00000.000000,+00000.000000,-00001.000000
      Vertex   -00122.760742,+00002.549316,+00044.000244
      Vertex   -00114.798828,+00003.333496,+00044.000244
      Vertex   -00114.798828,+00003.333496,-00120.000000
      Vertex   -00122.760742,+00002.549316,-00120.000000
   End Polygon
   Begin Polygon Item=OUTSIDE Texture=DrtySilvMetal_A Flags=1073741856 Link=20
      Origin   -00122.760742,+00002.549316,+00044.000244
      Normal   +00000.000000,+00000.000000,+00001.000000
      TextureU +00000.995185,+00000.098017,+00000.000000
      TextureV -00000.098017,+00000.995185,+00000.000000
      Vertex   -00114.260742,-00002.135254,+00044.000244
      Vertex   -00114.554688,+00000.850098,+00044.000244
      Vertex   -00114.798828,+00003.333496,+00044.000244
      Vertex   -00122.760742,+00002.549316,+00044.000244
      Vertex   -00122.515625,+00000.065918,+00044.000244
      Vertex   -00122.221680,-00002.918945,+00044.000244
      Vertex   -00122.171875,-00003.421875,+00044.000244
      Vertex   -00114.210938,-00002.637695,+00044.000244
   End Polygon
   Begin Polygon Item=OUTSIDE Texture=WarningStripe_A Flags=1073741824 Link=21
      Origin   +00125.188477,+00024.462891,-00041.250000
      Normal   +00000.000000,+00000.000000,-00001.000000
      Pan      U=-51 V=4
      TextureU +00000.995185,+00000.098017,+00000.000000
      TextureV +00000.098017,-00000.995185,+00000.000000
      Vertex   -00130.280273,-00003.712891,-00041.250000
      Vertex   -00130.574219,-00000.727539,-00041.250000
      Vertex   +00125.188477,+00024.462891,-00041.250000
      Vertex   +00125.482422,+00021.477539,-00041.250000
   End Polygon
   Begin Polygon Item=OUTSIDE Texture=WarningStripe_A Flags=1073741824 Link=22
      Origin   +00125.482422,+00021.477539,-00098.250000
      Normal   +00000.098017,-00000.995185,+00000.000000
      Pan      U=-51 V=4
      TextureU +00000.995185,+00000.098017,+00000.000000
      TextureV +00000.000000,+00000.000000,+00001.000000
      Vertex   -00130.280273,-00003.712891,-00077.750000
      Vertex   -00130.280273,-00003.712891,-00098.250000
      Vertex   +00125.482422,+00021.477539,-00098.250000
      Vertex   +00125.482422,+00021.477539,-00077.750000
   End Polygon
   Begin Polygon Item=OUTSIDE Texture=DrtySilvMetal_A Flags=1073741856 Link=5
      Origin   -00045.134766,+00010.194336,-00120.000000
      Normal   +00000.995185,+00000.098017,+00000.000000
      TextureU +00000.098017,-00000.995185,+00000.000000
      TextureV +00000.000000,+00000.000000,-00001.000000
      Vertex   -00044.546875,+00004.223145,-00120.000000
      Vertex   -00044.596680,+00004.726074,-00120.000000
      Vertex   -00044.596680,+00004.726074,+00044.000244
      Vertex   -00044.546875,+00004.223145,+00044.000244
   End Polygon
   Begin Polygon Item=OUTSIDE Texture=DrtySilvMetal_A Flags=1073741856 Link=6
      Origin   +00042.441406,+00018.820313,-00120.000000
      Normal   +00000.995185,+00000.098017,+00000.000000
      TextureU +00000.098017,-00000.995185,+00000.000000
      TextureV +00000.000000,+00000.000000,-00001.000000
      Vertex   +00043.029297,+00012.849121,-00120.000000
      Vertex   +00042.979492,+00013.351563,-00120.000000
      Vertex   +00042.979492,+00013.351563,+00044.000244
      Vertex   +00043.029297,+00012.849121,+00044.000244
   End Polygon
   Begin Polygon Item=OUTSIDE Texture=DrtySilvMetal_A Flags=1073741856 Link=7
      Origin   +00118.076172,+00026.269531,-00120.000000
      Normal   +00000.995185,+00000.098017,+00000.000000
      TextureU +00000.098017,-00000.995185,+00000.000000
      TextureV +00000.000000,+00000.000000,-00001.000000
      Vertex   +00118.664063,+00020.298340,-00120.000000
      Vertex   +00118.614258,+00020.801270,-00120.000000
      Vertex   +00118.614258,+00020.801270,+00044.000244
      Vertex   +00118.664063,+00020.298340,+00044.000244
   End Polygon
   Begin Polygon Item=OUTSIDE Texture=DrtySilvMetal_A Flags=1073741856 Link=8
      Origin   +00110.703125,+00019.514160,-00120.000000
      Normal   -00000.995185,-00000.098017,+00000.000000
      TextureU -00000.098017,+00000.995185,+00000.000000
      TextureV +00000.000000,+00000.000000,-00001.000000
      Vertex   +00110.653320,+00020.017090,-00120.000000
      Vertex   +00110.703125,+00019.514160,-00120.000000
      Vertex   +00110.703125,+00019.514160,+00044.000244
      Vertex   +00110.653320,+00020.017090,+00044.000244
   End Polygon
   Begin Polygon Item=OUTSIDE Texture=DrtySilvMetal_A Flags=1073741856 Link=27
      Origin   +00118.664063,+00020.298340,-00120.000000
      Normal   +00000.098017,-00000.995185,+00000.000000
      TextureU -00000.995185,-00000.098017,+00000.000000
      TextureV +00000.000000,+00000.000000,-00001.000000
      Vertex   +00110.703125,+00019.514160,-00120.000000
      Vertex   +00118.664063,+00020.298340,-00120.000000
      Vertex   +00118.664063,+00020.298340,+00044.000244
      Vertex   +00110.703125,+00019.514160,+00044.000244
   End Polygon
   Begin Polygon Item=OUTSIDE Texture=DrtySilvMetal_A Flags=1073741856 Link=11
      Origin   +00035.068359,+00012.064941,-00120.000000
      Normal   -00000.995185,-00000.098017,+00000.000000
      TextureU -00000.098017,+00000.995185,+00000.000000
      TextureV +00000.000000,+00000.000000,-00001.000000
      Vertex   +00035.018555,+00012.567871,-00120.000000
      Vertex   +00035.068359,+00012.064941,-00120.000000
      Vertex   +00035.068359,+00012.064941,+00044.000244
      Vertex   +00035.018555,+00012.567871,+00044.000244
   End Polygon
   Begin Polygon Item=OUTSIDE Texture=DrtySilvMetal_A Flags=1073741856 Link=29
      Origin   +00043.029297,+00012.849121,-00120.000000
      Normal   +00000.098017,-00000.995185,+00000.000000
      TextureU -00000.995185,-00000.098017,+00000.000000
      TextureV +00000.000000,+00000.000000,-00001.000000
      Vertex   +00035.068359,+00012.064941,-00120.000000
      Vertex   +00043.029297,+00012.849121,-00120.000000
      Vertex   +00043.029297,+00012.849121,+00044.000244
      Vertex   +00035.068359,+00012.064941,+00044.000244
   End Polygon
   Begin Polygon Item=OUTSIDE Texture=DrtySilvMetal_A Flags=1073741856 Link=14
      Origin   -00114.798828,+00003.333496,-00120.000000
      Normal   +00000.995185,+00000.098017,+00000.000000
      TextureU +00000.098017,-00000.995185,+00000.000000
      TextureV +00000.000000,+00000.000000,-00001.000000
      Vertex   -00114.210938,-00002.637695,-00120.000000
      Vertex   -00114.260742,-00002.135254,-00120.000000
      Vertex   -00114.260742,-00002.135254,+00044.000244
      Vertex   -00114.210938,-00002.637695,+00044.000244
   End Polygon
   Begin Polygon Item=OUTSIDE Texture=DrtySilvMetal_A Flags=1073741856 Link=15
      Origin   -00052.507813,+00003.438965,-00120.000000
      Normal   -00000.995185,-00000.098017,+00000.000000
      TextureU -00000.098017,+00000.995185,+00000.000000
      TextureV +00000.000000,+00000.000000,-00001.000000
      Vertex   -00052.557617,+00003.942383,-00120.000000
      Vertex   -00052.507813,+00003.438965,-00120.000000
      Vertex   -00052.507813,+00003.438965,+00044.000244
      Vertex   -00052.557617,+00003.942383,+00044.000244
   End Polygon
   Begin Polygon Item=OUTSIDE Texture=DrtySilvMetal_A Flags=1073741856 Link=32
      Origin   -00044.546875,+00004.223145,-00120.000000
      Normal   +00000.098017,-00000.995185,+00000.000000
      TextureU -00000.995185,-00000.098017,+00000.000000
      TextureV +00000.000000,+00000.000000,-00001.000000
      Vertex   -00052.507813,+00003.438965,-00120.000000
      Vertex   -00044.546875,+00004.223145,-00120.000000
      Vertex   -00044.546875,+00004.223145,+00044.000244
      Vertex   -00052.507813,+00003.438965,+00044.000244
   End Polygon
   Begin Polygon Item=OUTSIDE Texture=DrtySilvMetal_A Flags=1073741856 Link=18
      Origin   -00122.171875,-00003.421875,-00120.000000
      Normal   -00000.995185,-00000.098017,+00000.000000
      TextureU -00000.098017,+00000.995185,+00000.000000
      TextureV +00000.000000,+00000.000000,-00001.000000
      Vertex   -00122.221680,-00002.918945,-00120.000000
      Vertex   -00122.171875,-00003.421875,-00120.000000
      Vertex   -00122.171875,-00003.421875,+00044.000244
      Vertex   -00122.221680,-00002.918945,+00044.000244
   End Polygon
   Begin Polygon Item=OUTSIDE Texture=DrtySilvMetal_A Flags=1073741856 Link=34
      Origin   -00114.210938,-00002.637695,-00120.000000
      Normal   +00000.098017,-00000.995185,+00000.000000
      TextureU -00000.995185,-00000.098017,+00000.000000
      TextureV +00000.000000,+00000.000000,-00001.000000
      Vertex   -00122.171875,-00003.421875,-00120.000000
      Vertex   -00114.210938,-00002.637695,-00120.000000
      Vertex   -00114.210938,-00002.637695,+00044.000244
      Vertex   -00122.171875,-00003.421875,+00044.000244
   End Polygon
   Begin Polygon Item=OUTSIDE Texture=WarningStripe_A Flags=1073741824 Link=35
      Origin   +00125.188477,+00024.462891,-00098.250000
      Normal   +00000.000000,+00000.000000,-00001.000000
      Pan      U=-51 V=4
      TextureU +00000.995185,+00000.098017,+00000.000000
      TextureV +00000.098017,-00000.995185,+00000.000000
      Vertex   -00130.280273,-00003.712891,-00098.250000
      Vertex   -00130.574219,-00000.727539,-00098.250000
      Vertex   +00125.188477,+00024.462891,-00098.250000
      Vertex   +00125.482422,+00021.477539,-00098.250000
   End Polygon
   Begin Polygon Item=OUTSIDE Texture=DrtySilvMetal_A Flags=1073741856 Link=5
      Origin   -00045.134766,+00010.194336,-00120.000000
      Normal   +00000.995185,+00000.098017,+00000.000000
      TextureU +00000.098017,-00000.995185,+00000.000000
      TextureV +00000.000000,+00000.000000,-00001.000000
      Vertex   -00044.890625,+00007.711426,-00098.250000
      Vertex   -00044.596680,+00004.726074,-00098.250000
      Vertex   -00044.596680,+00004.726074,-00120.000000
      Vertex   -00044.890625,+00007.711426,-00120.000000
   End Polygon
   Begin Polygon Item=OUTSIDE Texture=DrtySilvMetal_A Flags=1073741856 Link=6
      Origin   +00042.441406,+00018.820313,-00120.000000
      Normal   +00000.995185,+00000.098017,+00000.000000
      TextureU +00000.098017,-00000.995185,+00000.000000
      TextureV +00000.000000,+00000.000000,-00001.000000
      Vertex   +00042.685547,+00016.336914,-00098.250000
      Vertex   +00042.979492,+00013.351563,-00098.250000
      Vertex   +00042.979492,+00013.351563,-00120.000000
      Vertex   +00042.685547,+00016.336914,-00120.000000
   End Polygon
   Begin Polygon Item=OUTSIDE Texture=DrtySilvMetal_A Flags=1073741856 Link=7
      Origin   +00118.076172,+00026.269531,-00120.000000
      Normal   +00000.995185,+00000.098017,+00000.000000
      TextureU +00000.098017,-00000.995185,+00000.000000
      TextureV +00000.000000,+00000.000000,-00001.000000
      Vertex   +00118.320313,+00023.786621,-00098.250000
      Vertex   +00118.614258,+00020.801270,-00098.250000
      Vertex   +00118.614258,+00020.801270,-00120.000000
      Vertex   +00118.320313,+00023.786621,-00120.000000
   End Polygon
   Begin Polygon Item=OUTSIDE Texture=DrtySilvMetal_A Flags=1073741856 Link=8
      Origin   +00110.703125,+00019.514160,-00120.000000
      Normal   -00000.995185,-00000.098017,+00000.000000
      TextureU -00000.098017,+00000.995185,+00000.000000
      TextureV +00000.000000,+00000.000000,-00001.000000
      Vertex   +00110.653320,+00020.017090,-00098.250000
      Vertex   +00110.359375,+00023.002441,-00098.250000
      Vertex   +00110.359375,+00023.002441,-00120.000000
      Vertex   +00110.653320,+00020.017090,-00120.000000
   End Polygon
   Begin Polygon Item=OUTSIDE Texture=DrtySilvMetal_A Flags=1073741856 Link=11
      Origin   +00035.068359,+00012.064941,-00120.000000
      Normal   -00000.995185,-00000.098017,+00000.000000
      TextureU -00000.098017,+00000.995185,+00000.000000
      TextureV +00000.000000,+00000.000000,-00001.000000
      Vertex   +00035.018555,+00012.567871,-00098.250000
      Vertex   +00034.724609,+00015.552734,-00098.250000
      Vertex   +00034.724609,+00015.552734,-00120.000000
      Vertex   +00035.018555,+00012.567871,-00120.000000
   End Polygon
   Begin Polygon Item=OUTSIDE Texture=DrtySilvMetal_A Flags=1073741856 Link=14
      Origin   -00114.798828,+00003.333496,-00120.000000
      Normal   +00000.995185,+00000.098017,+00000.000000
      TextureU +00000.098017,-00000.995185,+00000.000000
      TextureV +00000.000000,+00000.000000,-00001.000000
      Vertex   -00114.554688,+00000.850098,-00098.250000
      Vertex   -00114.260742,-00002.135254,-00098.250000
      Vertex   -00114.260742,-00002.135254,-00120.000000
      Vertex   -00114.554688,+00000.850098,-00120.000000
   End Polygon
   Begin Polygon Item=OUTSIDE Texture=DrtySilvMetal_A Flags=1073741856 Link=15
      Origin   -00052.507813,+00003.438965,-00120.000000
      Normal   -00000.995185,-00000.098017,+00000.000000
      TextureU -00000.098017,+00000.995185,+00000.000000
      TextureV +00000.000000,+00000.000000,-00001.000000
      Vertex   -00052.557617,+00003.942383,-00098.250000
      Vertex   -00052.851563,+00006.927246,-00098.250000
      Vertex   -00052.851563,+00006.927246,-00120.000000
      Vertex   -00052.557617,+00003.942383,-00120.000000
   End Polygon
   Begin Polygon Item=OUTSIDE Texture=DrtySilvMetal_A Flags=1073741856 Link=18
      Origin   -00122.171875,-00003.421875,-00120.000000
      Normal   -00000.995185,-00000.098017,+00000.000000
      TextureU -00000.098017,+00000.995185,+00000.000000
      TextureV +00000.000000,+00000.000000,-00001.000000
      Vertex   -00122.221680,-00002.918945,-00098.250000
      Vertex   -00122.515625,+00000.065918,-00098.250000
      Vertex   -00122.515625,+00000.065918,-00120.000000
      Vertex   -00122.221680,-00002.918945,-00120.000000
   End Polygon
   Begin Polygon Item=OUTSIDE Texture=WarningStripe_A Flags=1073741824 Link=44
      Origin   -00130.574219,-00000.727539,-00077.750000
      Normal   +00000.000000,+00000.000000,+00001.000000
      Pan      U=-51 V=4
      TextureU -00000.995185,-00000.098017,+00000.000000
      TextureV +00000.098017,-00000.995185,+00000.000000
      Vertex   -00130.574219,-00000.727539,-00077.750000
      Vertex   -00130.280273,-00003.712891,-00077.750000
      Vertex   +00125.482422,+00021.477539,-00077.750000
      Vertex   +00125.188477,+00024.462891,-00077.750000
   End Polygon
   Begin Polygon Item=OUTSIDE Texture=DrtySilvMetal_A Flags=1073741856 Link=5
      Origin   -00045.134766,+00010.194336,-00120.000000
      Normal   +00000.995185,+00000.098017,+00000.000000
      TextureU +00000.098017,-00000.995185,+00000.000000
      TextureV +00000.000000,+00000.000000,-00001.000000
      Vertex   -00044.596680,+00004.726074,-00077.750000
      Vertex   -00044.890625,+00007.711426,-00077.750000
      Vertex   -00044.890625,+00007.711426,-00041.250000
      Vertex   -00044.596680,+00004.726074,-00041.250000
   End Polygon
   Begin Polygon Item=OUTSIDE Texture=DrtySilvMetal_A Flags=1073741856 Link=6
      Origin   +00042.441406,+00018.820313,-00120.000000
      Normal   +00000.995185,+00000.098017,+00000.000000
      TextureU +00000.098017,-00000.995185,+00000.000000
      TextureV +00000.000000,+00000.000000,-00001.000000
      Vertex   +00042.979492,+00013.351563,-00077.750000
      Vertex   +00042.685547,+00016.336914,-00077.750000
      Vertex   +00042.685547,+00016.336914,-00041.250000
      Vertex   +00042.979492,+00013.351563,-00041.250000
   End Polygon
   Begin Polygon Item=OUTSIDE Texture=DrtySilvMetal_A Flags=1073741856 Link=7
      Origin   +00118.076172,+00026.269531,-00120.000000
      Normal   +00000.995185,+00000.098017,+00000.000000
      TextureU +00000.098017,-00000.995185,+00000.000000
      TextureV +00000.000000,+00000.000000,-00001.000000
      Vertex   +00118.614258,+00020.801270,-00077.750000
      Vertex   +00118.320313,+00023.786621,-00077.750000
      Vertex   +00118.320313,+00023.786621,-00041.250000
      Vertex   +00118.614258,+00020.801270,-00041.250000
   End Polygon
   Begin Polygon Item=OUTSIDE Texture=DrtySilvMetal_A Flags=1073741856 Link=8
      Origin   +00110.703125,+00019.514160,-00120.000000
      Normal   -00000.995185,-00000.098017,+00000.000000
      TextureU -00000.098017,+00000.995185,+00000.000000
      TextureV +00000.000000,+00000.000000,-00001.000000
      Vertex   +00110.653320,+00020.017090,-00077.750000
      Vertex   +00110.653320,+00020.017090,-00041.250000
      Vertex   +00110.359375,+00023.002441,-00041.250000
      Vertex   +00110.359375,+00023.002441,-00077.750000
   End Polygon
   Begin Polygon Item=OUTSIDE Texture=DrtySilvMetal_A Flags=1073741856 Link=11
      Origin   +00035.068359,+00012.064941,-00120.000000
      Normal   -00000.995185,-00000.098017,+00000.000000
      TextureU -00000.098017,+00000.995185,+00000.000000
      TextureV +00000.000000,+00000.000000,-00001.000000
      Vertex   +00035.018555,+00012.567871,-00077.750000
      Vertex   +00035.018555,+00012.567871,-00041.250000
      Vertex   +00034.724609,+00015.552734,-00041.250000
      Vertex   +00034.724609,+00015.552734,-00077.750000
   End Polygon
   Begin Polygon Item=OUTSIDE Texture=DrtySilvMetal_A Flags=1073741856 Link=14
      Origin   -00114.798828,+00003.333496,-00120.000000
      Normal   +00000.995185,+00000.098017,+00000.000000
      TextureU +00000.098017,-00000.995185,+00000.000000
      TextureV +00000.000000,+00000.000000,-00001.000000
      Vertex   -00114.260742,-00002.135254,-00077.750000
      Vertex   -00114.554688,+00000.850098,-00077.750000
      Vertex   -00114.554688,+00000.850098,-00041.250000
      Vertex   -00114.260742,-00002.135254,-00041.250000
   End Polygon
   Begin Polygon Item=OUTSIDE Texture=DrtySilvMetal_A Flags=1073741856 Link=15
      Origin   -00052.507813,+00003.438965,-00120.000000
      Normal   -00000.995185,-00000.098017,+00000.000000
      TextureU -00000.098017,+00000.995185,+00000.000000
      TextureV +00000.000000,+00000.000000,-00001.000000
      Vertex   -00052.557617,+00003.942383,-00077.750000
      Vertex   -00052.557617,+00003.942383,-00041.250000
      Vertex   -00052.851563,+00006.927246,-00041.250000
      Vertex   -00052.851563,+00006.927246,-00077.750000
   End Polygon
   Begin Polygon Item=OUTSIDE Texture=DrtySilvMetal_A Flags=1073741856 Link=18
      Origin   -00122.171875,-00003.421875,-00120.000000
      Normal   -00000.995185,-00000.098017,+00000.000000
      TextureU -00000.098017,+00000.995185,+00000.000000
      TextureV +00000.000000,+00000.000000,-00001.000000
      Vertex   -00122.221680,-00002.918945,-00077.750000
      Vertex   -00122.221680,-00002.918945,-00041.250000
      Vertex   -00122.515625,+00000.065918,-00041.250000
      Vertex   -00122.515625,+00000.065918,-00077.750000
   End Polygon
   Begin Polygon Item=OUTSIDE Texture=WarningStripe_A Flags=1073741824 Link=53
      Origin   +00125.482422,+00021.477539,-00041.250000
      Normal   +00000.098017,-00000.995185,+00000.000000
      Pan      U=-51 V=4
      TextureU +00000.995185,+00000.098017,+00000.000000
      TextureV +00000.000000,+00000.000000,+00001.000000
      Vertex   -00130.280273,-00003.712891,-00020.750000
      Vertex   -00130.280273,-00003.712891,-00041.250000
      Vertex   +00125.482422,+00021.477539,-00041.250000
      Vertex   +00125.482422,+00021.477539,-00020.750000
   End Polygon
   Begin Polygon Item=OUTSIDE Texture=WarningStripe_A Flags=1073741824 Link=54
      Origin   -00130.574219,-00000.727539,+00028.250000
      Normal   +00000.000000,+00000.000000,+00001.000000
      Pan      U=-51 V=4
      TextureU -00000.995185,-00000.098017,+00000.000000
      TextureV +00000.098017,-00000.995185,+00000.000000
      Vertex   +00124.705078,+00024.415039,+00028.250000
      Vertex   -00130.574219,-00000.727539,+00028.250000
      Vertex   -00130.280273,-00003.712891,+00028.250000
      Vertex   +00125.482422,+00021.477539,+00028.250000
      Vertex   +00125.188477,+00024.462891,+00028.250000
   End Polygon
   Begin Polygon Item=OUTSIDE Texture=DrtySilvMetal_A Flags=1073741856 Link=5
      Origin   -00045.134766,+00010.194336,-00120.000000
      Normal   +00000.995185,+00000.098017,+00000.000000
      TextureU +00000.098017,-00000.995185,+00000.000000
      TextureV +00000.000000,+00000.000000,-00001.000000
      Vertex   -00044.596680,+00004.726074,+00028.250000
      Vertex   -00044.890625,+00007.711426,+00028.250000
      Vertex   -00044.890625,+00007.711426,+00044.000244
      Vertex   -00044.596680,+00004.726074,+00044.000244
   End Polygon
   Begin Polygon Item=OUTSIDE Texture=DrtySilvMetal_A Flags=1073741856 Link=6
      Origin   +00042.441406,+00018.820313,-00120.000000
      Normal   +00000.995185,+00000.098017,+00000.000000
      TextureU +00000.098017,-00000.995185,+00000.000000
      TextureV +00000.000000,+00000.000000,-00001.000000
      Vertex   +00042.979492,+00013.351563,+00028.250000
      Vertex   +00042.685547,+00016.336914,+00028.250000
      Vertex   +00042.685547,+00016.336914,+00044.000244
      Vertex   +00042.979492,+00013.351563,+00044.000244
   End Polygon
   Begin Polygon Item=OUTSIDE Texture=DrtySilvMetal_A Flags=1073741856 Link=7
      Origin   +00118.076172,+00026.269531,-00120.000000
      Normal   +00000.995185,+00000.098017,+00000.000000
      TextureU +00000.098017,-00000.995185,+00000.000000
      TextureV +00000.000000,+00000.000000,-00001.000000
      Vertex   +00118.614258,+00020.801270,+00028.250000
      Vertex   +00118.320313,+00023.786621,+00028.250000
      Vertex   +00118.320313,+00023.786621,+00044.000244
      Vertex   +00118.614258,+00020.801270,+00044.000244
   End Polygon
   Begin Polygon Item=OUTSIDE Texture=DrtySilvMetal_A Flags=1073741856 Link=8
      Origin   +00110.703125,+00019.514160,-00120.000000
      Normal   -00000.995185,-00000.098017,+00000.000000
      TextureU -00000.098017,+00000.995185,+00000.000000
      TextureV +00000.000000,+00000.000000,-00001.000000
      Vertex   +00110.359375,+00023.002441,+00028.250000
      Vertex   +00110.653320,+00020.017090,+00028.250000
      Vertex   +00110.653320,+00020.017090,+00044.000244
      Vertex   +00110.359375,+00023.002441,+00044.000244
   End Polygon
   Begin Polygon Item=OUTSIDE Texture=DrtySilvMetal_A Flags=1073741856 Link=11
      Origin   +00035.068359,+00012.064941,-00120.000000
      Normal   -00000.995185,-00000.098017,+00000.000000
      TextureU -00000.098017,+00000.995185,+00000.000000
      TextureV +00000.000000,+00000.000000,-00001.000000
      Vertex   +00034.724609,+00015.552734,+00028.250000
      Vertex   +00035.018555,+00012.567871,+00028.250000
      Vertex   +00035.018555,+00012.567871,+00044.000244
      Vertex   +00034.724609,+00015.552734,+00044.000244
   End Polygon
   Begin Polygon Item=OUTSIDE Texture=DrtySilvMetal_A Flags=1073741856 Link=14
      Origin   -00114.798828,+00003.333496,-00120.000000
      Normal   +00000.995185,+00000.098017,+00000.000000
      TextureU +00000.098017,-00000.995185,+00000.000000
      TextureV +00000.000000,+00000.000000,-00001.000000
      Vertex   -00114.260742,-00002.135254,+00028.250000
      Vertex   -00114.554688,+00000.850098,+00028.250000
      Vertex   -00114.554688,+00000.850098,+00044.000244
      Vertex   -00114.260742,-00002.135254,+00044.000244
   End Polygon
   Begin Polygon Item=OUTSIDE Texture=DrtySilvMetal_A Flags=1073741856 Link=15
      Origin   -00052.507813,+00003.438965,-00120.000000
      Normal   -00000.995185,-00000.098017,+00000.000000
      TextureU -00000.098017,+00000.995185,+00000.000000
      TextureV +00000.000000,+00000.000000,-00001.000000
      Vertex   -00052.851563,+00006.927246,+00028.250000
      Vertex   -00052.557617,+00003.942383,+00028.250000
      Vertex   -00052.557617,+00003.942383,+00044.000244
      Vertex   -00052.851563,+00006.927246,+00044.000244
   End Polygon
   Begin Polygon Item=OUTSIDE Texture=DrtySilvMetal_A Flags=1073741856 Link=18
      Origin   -00122.171875,-00003.421875,-00120.000000
      Normal   -00000.995185,-00000.098017,+00000.000000
      TextureU -00000.098017,+00000.995185,+00000.000000
      TextureV +00000.000000,+00000.000000,-00001.000000
      Vertex   -00122.515625,+00000.065918,+00028.250000
      Vertex   -00122.221680,-00002.918945,+00028.250000
      Vertex   -00122.221680,-00002.918945,+00044.000244
      Vertex   -00122.515625,+00000.065918,+00044.000244
   End Polygon
   Begin Polygon Item=OUTSIDE Texture=WarningStripe_A Flags=1073741824 Link=63
      Origin   +00125.188477,+00024.462891,+00007.750000
      Normal   +00000.000000,+00000.000000,-00001.000000
      Pan      U=-51 V=4
      TextureU +00000.995185,+00000.098017,+00000.000000
      TextureV +00000.098017,-00000.995185,+00000.000000
      Vertex   -00130.280273,-00003.712891,+00007.750000
      Vertex   -00130.574219,-00000.727539,+00007.750000
      Vertex   +00125.188477,+00024.462891,+00007.750000
      Vertex   +00125.482422,+00021.477539,+00007.750000
   End Polygon
   Begin Polygon Item=OUTSIDE Texture=WarningStripe_A Flags=1073741824 Link=64
      Origin   -00130.574219,-00000.727539,-00020.750000
      Normal   +00000.000000,+00000.000000,+00001.000000
      Pan      U=-51 V=4
      TextureU -00000.995185,-00000.098017,+00000.000000
      TextureV +00000.098017,-00000.995185,+00000.000000
      Vertex   -00130.574219,-00000.727539,-00020.750000
      Vertex   -00130.280273,-00003.712891,-00020.750000
      Vertex   +00125.482422,+00021.477539,-00020.750000
      Vertex   +00125.188477,+00024.462891,-00020.750000
   End Polygon
   Begin Polygon Item=OUTSIDE Texture=DrtySilvMetal_A Flags=1073741856 Link=5
      Origin   -00045.134766,+00010.194336,-00120.000000
      Normal   +00000.995185,+00000.098017,+00000.000000
      TextureU +00000.098017,-00000.995185,+00000.000000
      TextureV +00000.000000,+00000.000000,-00001.000000
      Vertex   -00044.596680,+00004.726074,-00020.750000
      Vertex   -00044.890625,+00007.711426,-00020.750000
      Vertex   -00044.890625,+00007.711426,+00007.750000
      Vertex   -00044.596680,+00004.726074,+00007.750000
   End Polygon
   Begin Polygon Item=OUTSIDE Texture=DrtySilvMetal_A Flags=1073741856 Link=6
      Origin   +00042.441406,+00018.820313,-00120.000000
      Normal   +00000.995185,+00000.098017,+00000.000000
      TextureU +00000.098017,-00000.995185,+00000.000000
      TextureV +00000.000000,+00000.000000,-00001.000000
      Vertex   +00042.979492,+00013.351563,-00020.750000
      Vertex   +00042.685547,+00016.336914,-00020.750000
      Vertex   +00042.685547,+00016.336914,+00007.750000
      Vertex   +00042.979492,+00013.351563,+00007.750000
   End Polygon
   Begin Polygon Item=OUTSIDE Texture=DrtySilvMetal_A Flags=1073741856 Link=7
      Origin   +00118.076172,+00026.269531,-00120.000000
      Normal   +00000.995185,+00000.098017,+00000.000000
      TextureU +00000.098017,-00000.995185,+00000.000000
      TextureV +00000.000000,+00000.000000,-00001.000000
      Vertex   +00118.614258,+00020.801270,-00020.750000
      Vertex   +00118.320313,+00023.786621,-00020.750000
      Vertex   +00118.320313,+00023.786621,+00007.750000
      Vertex   +00118.614258,+00020.801270,+00007.750000
   End Polygon
   Begin Polygon Item=OUTSIDE Texture=DrtySilvMetal_A Flags=1073741856 Link=8
      Origin   +00110.703125,+00019.514160,-00120.000000
      Normal   -00000.995185,-00000.098017,+00000.000000
      TextureU -00000.098017,+00000.995185,+00000.000000
      TextureV +00000.000000,+00000.000000,-00001.000000
      Vertex   +00110.653320,+00020.017090,-00020.750000
      Vertex   +00110.653320,+00020.017090,+00007.750000
      Vertex   +00110.359375,+00023.002441,+00007.750000
      Vertex   +00110.359375,+00023.002441,-00020.750000
   End Polygon
   Begin Polygon Item=OUTSIDE Texture=DrtySilvMetal_A Flags=1073741856 Link=11
      Origin   +00035.068359,+00012.064941,-00120.000000
      Normal   -00000.995185,-00000.098017,+00000.000000
      TextureU -00000.098017,+00000.995185,+00000.000000
      TextureV +00000.000000,+00000.000000,-00001.000000
      Vertex   +00035.018555,+00012.567871,-00020.750000
      Vertex   +00035.018555,+00012.567871,+00007.750000
      Vertex   +00034.724609,+00015.552734,+00007.750000
      Vertex   +00034.724609,+00015.552734,-00020.750000
   End Polygon
   Begin Polygon Item=OUTSIDE Texture=DrtySilvMetal_A Flags=1073741856 Link=14
      Origin   -00114.798828,+00003.333496,-00120.000000
      Normal   +00000.995185,+00000.098017,+00000.000000
      TextureU +00000.098017,-00000.995185,+00000.000000
