Begin PolyList
   Begin Polygon Item=OUTSIDE Flags=-1073741824 Link=0
      Origin   -00040.000000,+00090.000000,-00064.000000
      Normal   +00000.000000,+00000.000000,-00001.000000
      TextureU +00000.000000,-00001.000000,+00000.000000
      TextureV -00001.000000,+00000.000000,+00000.000000
      Vertex   +00036.000000,-00036.000000,-00064.000000
      Vertex   -00036.000000,-00036.000000,-00064.000000
      Vertex   -00036.000000,+00036.000000,-00064.000000
      Vertex   +00036.000000,+00036.000000,-00064.000000
   End Polygon
   Begin Polygon Item=OUTSIDE Texture=Ctcomb_3 Flags=1082130432 Link=1
      Origin   -00024.000000,-00004.000000,-00224.000000
      Normal   +00000.000000,-00001.000000,+00000.000000
      TextureU +00001.000000,+00000.000000,+00000.000000
      TextureV +00000.000000,+00000.000000,-00001.000000
      Vertex   -00020.000000,-00004.000000,+00040.000000
      Vertex   -00024.000000,-00004.000000,+00040.000000
      Vertex   -00024.000000,-00004.000000,-00024.000000
      Vertex   -00020.000000,-00004.000000,-00024.000000
   End Polygon
   Begin Polygon Item=2DLoftSIDE Texture=Heli_LiftMetl_A Flags=1082130432 Link=2
      Origin   -00020.000000,-00012.000000,-00224.000000
      Normal   -00000.707106,-00000.707107,+00000.000000
      TextureU +00000.707107,-00000.707107,+00000.000000
      TextureV +00000.000000,+00000.000000,-00001.000000
      Vertex   -00028.000000,-00004.000000,+00040.000000
      Vertex   -00004.000000,-00028.000000,+00040.000000
      Vertex   -00004.000000,-00028.000000,+00047.999985
      Vertex   -00028.000000,-00004.000000,+00047.999985
   End Polygon
   Begin Polygon Item=OUTSIDE Texture=Ctcomb_3 Flags=1082130464 Link=3
      Origin   -00516.000000,+02408.000000,-00060.000000
      Normal   +00000.000000,+00000.000000,+00001.000000
      TextureU -00001.000000,-00000.000000,+00000.000000
      TextureV +00000.000000,-00001.000000,+00000.000000
      Vertex   -00036.000000,-00036.000000,-00060.000000
      Vertex   +00036.000000,-00036.000000,-00060.000000
      Vertex   +00036.000000,+00036.000000,-00060.000000
      Vertex   -00036.000000,+00036.000000,-00060.000000
   End Polygon
   Begin Polygon Item=OUTSIDE Texture=Ctcomb_3 Flags=1082130464 Link=4
      Origin   -00200.000000,+02408.000000,-00224.000000
      Normal   -00000.707107,-00000.000000,+00000.707107
      TextureU +00000.000000,-00001.000000,+00000.000000
      TextureV -00000.707107,-00000.000000,-00000.707107
      Vertex   -00036.000000,-00036.000000,-00060.000000
      Vertex   -00032.000000,-00032.000000,-00056.000000
      Vertex   -00032.000000,+00032.000000,-00056.000000
      Vertex   -00036.000000,+00036.000000,-00060.000000
   End Polygon
   Begin Polygon Item=OUTSIDE Texture=Ctcomb_3 Flags=1082130464 Link=5
      Origin   -00516.000000,+02408.000000,-00056.000000
      Normal   +00000.000000,+00000.000000,+00001.000000
      TextureU -00001.000000,-00000.000000,+00000.000000
      TextureV +00000.000000,-00001.000000,+00000.000000
      Vertex   -00032.000000,-00032.000000,-00056.000000
      Vertex   +00032.000000,-00032.000000,-00056.000000
      Vertex   +00032.000000,+00032.000000,-00056.000000
      Vertex   -00032.000000,+00032.000000,-00056.000000
   End Polygon
   Begin Polygon Item=OUTSIDE Texture=Ctcomb_3 Flags=1082130464 Link=6
      Origin   -00516.000000,-00200.000000,-00224.000000
      Normal   -00000.000000,-00000.707107,+00000.707107
      TextureU +00001.000000,+00000.000000,+00000.000000
      TextureV +00000.000000,-00000.707107,-00000.707107
      Vertex   -00032.000000,-00032.000000,-00056.000000
      Vertex   -00036.000000,-00036.000000,-00060.000000
      Vertex   +00036.000000,-00036.000000,-00060.000000
      Vertex   +00032.000000,-00032.000000,-00056.000000
   End Polygon
   Begin Polygon Item=OUTSIDE Texture=Ctcomb_3 Flags=1082130464 Link=7
      Origin   -00036.000000,-00044.000000,-00224.000000
      Normal   -00001.000000,-00000.000000,+00000.000000
      TextureU +00000.000000,-00001.000000,+00000.000000
      TextureV +00000.000000,+00000.000000,-00001.000000
      Vertex   -00036.000000,-00036.000000,-00064.000000
      Vertex   -00036.000000,-00036.000000,-00060.000000
      Vertex   -00036.000000,+00036.000000,-00060.000000
      Vertex   -00036.000000,+00036.000000,-00064.000000
   End Polygon
   Begin Polygon Item=OUTSIDE Texture=Ctcomb_3 Flags=1082130464 Link=8
      Origin   +00036.000000,-00036.000000,-00224.000000
      Normal   +00000.000000,-00001.000000,+00000.000000
      TextureU +00001.000000,+00000.000000,+00000.000000
      TextureV +00000.000000,+00000.000000,-00001.000000
      Vertex   -00036.000000,-00036.000000,-00060.000000
      Vertex   -00036.000000,-00036.000000,-00064.000000
      Vertex   +00036.000000,-00036.000000,-00064.000000
      Vertex   +00036.000000,-00036.000000,-00060.000000
   End Polygon
   Begin Polygon Item=2DLoftEND Texture=pa_sqrlight Flags=1086324736 Link=9
      Origin   -00516.000000,+02392.000000,-00024.000000
      Normal   +00000.000000,+00000.000000,+00001.000000
      Pan      U=16 V=306
      TextureU -00002.668327,+00002.668327,+00000.000000
      TextureV -00002.668327,-00002.668327,+00000.000000
      Vertex   -00020.000000,-00004.000000,-00024.000000
      Vertex   -00004.000000,-00020.000000,-00024.000000
      Vertex   +00004.000000,-00020.000000,-00024.000000
      Vertex   +00020.000000,-00004.000000,-00024.000000
      Vertex   +00020.000000,+00004.000000,-00024.000000
      Vertex   +00004.000000,+00020.000000,-00024.000000
      Vertex   -00004.000000,+00020.000000,-00024.000000
      Vertex   -00020.000000,+00004.000000,-00024.000000
   End Polygon
   Begin Polygon Item=2DLoftEND Texture=Heli_LiftMetl_A Flags=1082130432 Link=10
      Origin   -00516.000000,+02392.000000,+00040.000000
      Normal   +00000.000000,+00000.000000,-00001.000000
      TextureU -00001.000000,-00000.000000,+00000.000000
      TextureV +00000.000000,-00001.000000,+00000.000000
      Vertex   +00028.000000,-00004.000000,+00040.000000
      Vertex   +00004.000000,-00028.000000,+00040.000000
      Vertex   +00000.000000,-00028.000000,+00040.000000
      Vertex   +00024.000000,-00004.000000,+00040.000000
   End Polygon
   Begin Polygon Item=2DLoftSIDE Texture=Ctcomb_3 Flags=1082130432 Link=11
      Origin   -00004.000000,-00020.000000,-00224.000000
      Normal   -00000.000000,+00001.000000,+00000.000000
      TextureU -00001.000000,-00000.000000,+00000.000000
      TextureV +00000.000000,+00000.000000,-00001.000000
      Vertex   -00004.000000,-00020.000000,+00040.000000
      Vertex   +00004.000000,-00020.000000,+00040.000000
      Vertex   +00004.000000,-00020.000000,-00024.000000
      Vertex   -00004.000000,-00020.000000,-00024.000000
   End Polygon
   Begin Polygon Item=OUTSIDE Texture=Ctcomb_3 Flags=1082130464 Link=12
      Origin   +00021.000061,-00005.000000,-00224.000000
      Normal   -00000.707106,-00000.707107,+00000.000000
      TextureU +00000.707107,-00000.707107,+00000.000000
      TextureV +00000.000000,+00000.000000,-00001.000000
      Vertex   +00021.000061,-00005.000000,+00040.000000
      Vertex   +00020.000000,-00004.000000,+00040.000000
      Vertex   +00020.000000,-00004.000000,-00024.000000
      Vertex   +00021.000061,-00005.000000,-00024.000000
   End Polygon
   Begin Polygon Item=OUTSIDE Texture=Ctcomb_3 Flags=1082130464 Link=13
      Origin   -00021.999939,-00005.000000,-00224.000000
      Normal   -00000.707106,-00000.707107,+00000.000000
      TextureU +00000.707107,-00000.707107,+00000.000000
      TextureV +00000.000000,+00000.000000,-00001.000000
      Vertex   -00021.999939,-00005.000000,+00040.000000
      Vertex   -00022.999939,-00004.000000,+00040.000000
      Vertex   -00022.999939,-00004.000000,-00024.000000
      Vertex   -00021.999939,-00005.000000,-00024.000000
   End Polygon
   Begin Polygon Item=OUTSIDE Texture=Ctcomb_3 Flags=1082130464 Link=14
      Origin   -00020.499939,-00004.500000,-00224.000000
      Normal   +00000.707107,-00000.707107,+00000.000000
      TextureU +00000.707107,+00000.707107,+00000.000000
      TextureV +00000.000000,+00000.000000,-00001.000000
      Vertex   -00020.000000,-00004.000000,+00040.000000
      Vertex   -00020.999939,-00005.000000,+00040.000000
      Vertex   -00020.999939,-00005.000000,-00024.000000
      Vertex   -00020.000000,-00004.000000,-00024.000000
   End Polygon
   Begin Polygon Item=OUTSIDE Texture=Ctcomb_3 Flags=1082130464 Link=15
      Origin   -00020.999939,-00005.000000,-00224.000000
      Normal   +00000.000000,-00001.000000,+00000.000000
      TextureU +00001.000000,+00000.000000,+00000.000000
      TextureV +00000.000000,+00000.000000,-00001.000000
      Vertex   -00020.999939,-00005.000000,+00040.000000
      Vertex   -00021.999939,-00005.000000,+00040.000000
      Vertex   -00021.999939,-00005.000000,-00024.000000
      Vertex   -00020.999939,-00005.000000,-00024.000000
   End Polygon
   Begin Polygon Item=OUTSIDE Texture=Ctcomb_3 Flags=1082130464 Link=16
      Origin   +00022.500061,-00004.500000,-00224.000000
      Normal   +00000.707107,-00000.707107,+00000.000000
      TextureU +00000.707107,+00000.707107,+00000.000000
      TextureV +00000.000000,+00000.000000,-00001.000000
      Vertex   +00023.000061,-00004.000000,+00040.000000
      Vertex   +00022.000061,-00005.000000,+00040.000000
      Vertex   +00022.000061,-00005.000000,-00024.000000
      Vertex   +00023.000061,-00004.000000,-00024.000000
   End Polygon
   Begin Polygon Item=OUTSIDE Texture=Ctcomb_3 Flags=1082130464 Link=17
      Origin   +00022.000061,-00005.000000,-00224.000000
      Normal   +00000.000000,-00001.000000,+00000.000000
      TextureU +00001.000000,+00000.000000,+00000.000000
      TextureV +00000.000000,+00000.000000,-00001.000000
      Vertex   +00022.000061,-00005.000000,+00040.000000
      Vertex   +00021.000061,-00005.000000,+00040.000000
      Vertex   +00021.000061,-00005.000000,-00024.000000
      Vertex   +00022.000061,-00005.000000,-00024.000000
   End Polygon
   Begin Polygon Item=OUTSIDE Texture=Ctcomb_3 Flags=1082130432 Link=18
      Origin   -00003.999878,-00036.000000,-00224.000000
      Normal   -00001.000000,-00000.000000,+00000.000000
      TextureU +00000.000000,-00001.000000,+00000.000000
      TextureV +00000.000000,+00000.000000,-00001.000000
      Vertex   -00004.000000,-00024.000000,+00040.000000
      Vertex   -00004.000000,-00020.000000,+00040.000000
      Vertex   -00004.000000,-00020.000000,-00024.000000
      Vertex   -00004.000000,-00024.000000,-00024.000000
   End Polygon
   Begin Polygon Item=OUTSIDE Texture=Ctcomb_3 Flags=1082130464 Link=19
      Origin   -00005.000000,-00021.000000,-00224.000000
      Normal   -00000.707107,+00000.707107,+00000.000000
      TextureU -00000.707106,-00000.707107,+00000.000000
      TextureV +00000.000000,+00000.000000,-00001.000000
      Vertex   -00005.000000,-00021.000000,-00024.000000
      Vertex   -00005.000000,-00021.000000,+00040.000000
      Vertex   -00004.000000,-00020.000000,+00040.000000
      Vertex   -00004.000000,-00020.000000,-00024.000000
   End Polygon
   Begin Polygon Item=OUTSIDE Texture=Ctcomb_3 Flags=1082130464 Link=20
      Origin   -00004.500000,-00022.500000,-00224.000000
      Normal   -00000.707106,-00000.707107,+00000.000000
      TextureU +00000.707107,-00000.707107,+00000.000000
      TextureV +00000.000000,+00000.000000,-00001.000000
      Vertex   -00004.000000,-00023.000000,-00024.000000
      Vertex   -00004.000000,-00023.000000,+00040.000000
      Vertex   -00005.000000,-00022.000000,+00040.000000
      Vertex   -00005.000000,-00022.000000,-00024.000000
   End Polygon
   Begin Polygon Item=OUTSIDE Texture=Ctcomb_3 Flags=1082130464 Link=21
      Origin   -00005.000000,-00022.000000,-00224.000000
      Normal   -00001.000000,-00000.000000,+00000.000000
      TextureU +00000.000000,-00001.000000,+00000.000000
      TextureV +00000.000000,+00000.000000,-00001.000000
      Vertex   -00005.000000,-00022.000000,-00024.000000
      Vertex   -00005.000000,-00022.000000,+00040.000000
      Vertex   -00005.000000,-00021.000000,+00040.000000
      Vertex   -00005.000000,-00021.000000,-00024.000000
   End Polygon
   Begin Polygon Item=OUTSIDE Texture=Ctcomb_3 Flags=1082130432 Link=22
      Origin   +00004.000122,-00024.000000,-00224.000000
      Normal   +00001.000000,+00000.000000,+00000.000000
      TextureU -00000.000000,+00001.000000,+00000.000000
      TextureV +00000.000000,+00000.000000,-00001.000000
      Vertex   +00004.000000,-00020.000000,+00040.000000
      Vertex   +00004.000000,-00024.000000,+00040.000000
      Vertex   +00004.000000,-00024.000000,-00024.000000
      Vertex   +00004.000000,-00020.000000,-00024.000000
   End Polygon
   Begin Polygon Item=OUTSIDE Texture=Ctcomb_3 Flags=1082130464 Link=23
      Origin   +00005.000000,-00022.000000,-00224.000000
      Normal   +00000.707107,-00000.707107,+00000.000000
      TextureU +00000.707107,+00000.707107,+00000.000000
      TextureV +00000.000000,+00000.000000,-00001.000000
      Vertex   +00005.000000,-00022.000000,+00040.000000
      Vertex   +00004.000000,-00023.000000,+00040.000000
      Vertex   +00004.000000,-00023.000000,-00024.000000
      Vertex   +00005.000000,-00022.000000,-00024.000000
   End Polygon
   Begin Polygon Item=OUTSIDE Texture=Ctcomb_3 Flags=1082130464 Link=24
      Origin   +00004.500000,-00020.500000,-00224.000000
      Normal   +00000.707107,+00000.707107,+00000.000000
      TextureU -00000.707107,+00000.707107,+00000.000000
      TextureV +00000.000000,+00000.000000,-00001.000000
      Vertex   +00004.000000,-00020.000000,+00040.000000
      Vertex   +00005.000000,-00021.000000,+00040.000000
      Vertex   +00005.000000,-00021.000000,-00024.000000
      Vertex   +00004.000000,-00020.000000,-00024.000000
   End Polygon
   Begin Polygon Item=OUTSIDE Texture=Ctcomb_3 Flags=1082130464 Link=25
      Origin   +00005.000000,-00021.000000,-00224.000000
      Normal   +00001.000000,+00000.000000,+00000.000000
      TextureU -00000.000000,+00001.000000,+00000.000000
      TextureV +00000.000000,+00000.000000,-00001.000000
      Vertex   +00005.000000,-00021.000000,+00040.000000
      Vertex   +00005.000000,-00022.000000,+00040.000000
      Vertex   +00005.000000,-00022.000000,-00024.000000
      Vertex   +00005.000000,-00021.000000,-00024.000000
   End Polygon
   Begin Polygon Item=2DLoftSIDE Texture=Heli_LiftMetl_A Flags=1082130432 Link=26
      Origin   -00004.000000,-00024.000000,-00224.000000
      Normal   +00000.000000,-00001.000000,+00000.000000
      TextureU +00001.000000,+00000.000000,+00000.000000
      TextureV +00000.000000,+00000.000000,-00001.000000
      Vertex   +00004.000000,-00024.000000,+00040.000000
      Vertex   -00004.000000,-00024.000000,+00040.000000
      Vertex   -00004.000000,-00024.000000,-00024.000000
      Vertex   +00004.000000,-00024.000000,-00024.000000
   End Polygon
   Begin Polygon Item=2DLoftTOP Texture=Heli_LiftMetl_A Flags=1082130432 Link=27
      Origin   -00516.000000,+02392.000000,+00048.000000
      Normal   +00000.000000,+00000.000000,+00001.000000
      TextureU -00001.000000,-00000.000000,+00000.000000
      TextureV +00000.000000,-00001.000000,+00000.000000
      Vertex   -00028.000000,-00004.000000,+00047.999985
      Vertex   -00004.000000,-00028.000000,+00047.999985
      Vertex   +00004.000000,-00028.000000,+00047.999985
      Vertex   +00028.000000,-00004.000000,+00047.999985
      Vertex   +00028.000000,+00004.000000,+00047.999985
      Vertex   +00004.000000,+00028.000000,+00047.999985
      Vertex   -00004.000000,+00028.000000,+00047.999985
      Vertex   -00028.000000,+00004.000000,+00047.999985
   End Polygon
   Begin Polygon Item=2DLoftSIDE Texture=Heli_LiftMetl_A Flags=1082130432 Link=28
      Origin   +00012.000000,-00020.000000,-00224.000000
      Normal   +00000.707107,-00000.707107,+00000.000000
      TextureU +00000.707107,+00000.707107,+00000.000000
      TextureV +00000.000000,+00000.000000,-00001.000000
      Vertex   +00004.000000,-00028.000000,+00040.000000
      Vertex   +00028.000000,-00004.000000,+00040.000000
      Vertex   +00028.000000,-00004.000000,+00047.999985
      Vertex   +00004.000000,-00028.000000,+00047.999985
   End Polygon
   Begin Polygon Item=2DLoftSIDE Texture=Heli_LiftMetl_A Flags=1082130432 Link=29
      Origin   -00004.000000,-00028.000000,-00224.000000
      Normal   +00000.000000,-00001.000000,+00000.000000
      TextureU +00001.000000,+00000.000000,+00000.000000
      TextureV +00000.000000,+00000.000000,-00001.000000
      Vertex   -00004.000000,-00028.000000,+00040.000000
      Vertex   +00004.000000,-00028.000000,+00040.000000
      Vertex   +00004.000000,-00028.000000,+00047.999985
      Vertex   -00004.000000,-00028.000000,+00047.999985
   End Polygon
   Begin Polygon Item=2DLoftEND Texture=Heli_LiftMetl_A Flags=1082130432 Link=10
      Origin   -00516.000000,+02392.000000,+00040.000000
      Normal   +00000.000000,+00000.000000,-00001.000000
      TextureU -00001.000000,-00000.000000,+00000.000000
      TextureV +00000.000000,-00001.000000,+00000.000000
      Vertex   +00004.000000,-00024.000000,+00040.000000
      Vertex   +00000.000000,-00028.000000,+00040.000000
      Vertex   -00004.000000,-00028.000000,+00040.000000
      Vertex   -00008.000000,-00024.000000,+00040.000000
   End Polygon
   Begin Polygon Item=2DLoftEND Texture=Heli_LiftMetl_A Flags=1082130432 Link=10
      Origin   -00516.000000,+02392.000000,+00040.000000
      Normal   +00000.000000,+00000.000000,-00001.000000
      TextureU -00001.000000,-00000.000000,+00000.000000
      TextureV +00000.000000,-00001.000000,+00000.000000
      Vertex   -00004.000000,-00024.000000,+00040.000000
      Vertex   -00008.000000,-00024.000000,+00040.000000
      Vertex   -00028.000000,-00004.000000,+00040.000000
      Vertex   -00028.000000,-00000.000000,+00040.000000
   End Polygon
   Begin Polygon Item=2DLoftTOP Texture=pa_sqrlight Flags=1086324736 Link=32
      Origin   -00260.000000,+01496.000000,+00040.000000
      Normal   +00000.000000,+00000.000000,-00001.000000
      Pan      U=14 V=-34
      TextureU -00002.668327,+00002.668327,+00000.000000
      TextureV -00002.668327,-00002.668327,+00000.000000
      Vertex   +00020.000000,-00004.000000,+00040.000000
      Vertex   +00004.000000,-00020.000000,+00040.000000
      Vertex   -00004.000000,-00020.000000,+00040.000000
      Vertex   -00020.000000,-00004.000000,+00040.000000
      Vertex   -00020.000000,+00004.000000,+00040.000000
      Vertex   -00004.000000,+00020.000000,+00040.000000
      Vertex   +00004.000000,+00020.000000,+00040.000000
      Vertex   +00020.000000,+00004.000000,+00040.000000
   End Polygon
   Begin Polygon Item=OUTSIDE Texture=Ctcomb_3 Flags=1082130432 Link=33
      Origin   -00516.000000,+02408.000000,+00040.000000
      Normal   +00000.000000,+00000.000000,-00001.000000
      TextureU -00001.000000,-00000.000000,+00000.000000
      TextureV +00000.000000,-00001.000000,+00000.000000
      Vertex   +00004.000000,-00024.000000,+00040.000000
      Vertex   +00004.000000,-00020.000000,+00040.000000
      Vertex   +00020.000000,-00004.000000,+00040.000000
      Vertex   +00024.000000,-00004.000000,+00040.000000
   End Polygon
   Begin Polygon Item=OUTSIDE Texture=Ctcomb_3 Flags=1082130432 Link=34
      Origin   -00516.000000,+02408.000000,+00040.000000
      Normal   +00000.000000,+00000.000000,-00001.000000
      TextureU -00001.000000,-00000.000000,+00000.000000
      TextureV +00000.000000,-00001.000000,+00000.000000
      Vertex   -00024.000000,-00004.000000,+00040.000000
      Vertex   -00020.000000,-00004.000000,+00040.000000
      Vertex   -00004.000000,-00020.000000,+00040.000000
      Vertex   -00004.000000,-00024.000000,+00040.000000
   End Polygon
   Begin Polygon Item=2DLoftEND Texture=Heli_LiftMetl_A Flags=1082130432 Link=35
      Origin   -00516.000000,+02392.000000,-00032.000000
      Normal   +00000.000000,+00000.000000,-00001.000000
      TextureU -00001.000000,-00000.000000,+00000.000000
      TextureV +00000.000000,-00001.000000,+00000.000000
      Vertex   +00028.000000,-00004.000000,-00032.000000
      Vertex   +00004.000000,-00028.000000,-00032.000000
      Vertex   -00004.000000,-00028.000000,-00032.000000
      Vertex   -00028.000000,-00004.000000,-00032.000000
      Vertex   -00028.000000,+00004.000000,-00032.000000
      Vertex   -00004.000000,+00028.000000,-00032.000000
      Vertex   +00004.000000,+00028.000000,-00032.000000
      Vertex   +00028.000000,+00004.000000,-00032.000000
   End Polygon
   Begin Polygon Item=OUTSIDE Texture=Ctcomb_3 Flags=1082130464 Link=36
      Origin   +00200.000000,+02408.000000,-00224.000000
      Normal   +00000.707107,+00000.000000,+00000.707107
      TextureU -00000.000000,+00001.000000,+00000.000000
      TextureV +00000.707107,+00000.000000,-00000.707107
      Vertex   +00032.000000,-00032.000000,-00056.000000
      Vertex   +00036.000000,-00036.000000,-00060.000000
      Vertex   +00036.000000,+00036.000000,-00060.000000
      Vertex   +00032.000000,+00032.000000,-00056.000000
   End Polygon
   Begin Polygon Item=OUTSIDE Texture=Ctcomb_3 Flags=1082130464 Link=37
      Origin   +00036.000000,+00036.000000,-00224.000000
      Normal   +00001.000000,+00000.000000,+00000.000000
      TextureU -00000.000000,+00001.000000,+00000.000000
      TextureV +00000.000000,+00000.000000,-00001.000000
      Vertex   +00036.000000,-00036.000000,-00060.000000
      Vertex   +00036.000000,-00036.000000,-00064.000000
      Vertex   +00036.000000,+00036.000000,-00064.000000
      Vertex   +00036.000000,+00036.000000,-00060.000000
   End Polygon
   Begin Polygon Item=2DLoftSIDE Texture=Heli_LiftMetl_A Flags=1082130432 Link=38
      Origin   +00012.000000,-00020.000000,-00224.000000
      Normal   +00000.707107,-00000.707107,+00000.000000
      TextureU +00000.707107,+00000.707107,+00000.000000
      TextureV +00000.000000,+00000.000000,-00001.000000
      Vertex   +00004.000000,-00028.000000,-00032.000000
      Vertex   +00028.000000,-00004.000000,-00032.000000
      Vertex   +00028.000000,-00004.000000,-00024.000015
      Vertex   +00004.000000,-00028.000000,-00024.000015
   End Polygon
   Begin Polygon Item=2DLoftSIDE Texture=Heli_LiftMetl_A Flags=1082130432 Link=39
      Origin   -00004.000000,-00028.000000,-00224.000000
      Normal   +00000.000000,-00001.000000,+00000.000000
      TextureU +00001.000000,+00000.000000,+00000.000000
      TextureV +00000.000000,+00000.000000,-00001.000000
      Vertex   -00004.000000,-00028.000000,-00032.000000
      Vertex   +00004.000000,-00028.000000,-00032.000000
      Vertex   +00004.000000,-00028.000000,-00024.000015
      Vertex   -00004.000000,-00028.000000,-00024.000015
   End Polygon
   Begin Polygon Item=2DLoftTOP Texture=Heli_LiftMetl_A Flags=1082130432 Link=40
      Origin   -00516.000000,+02392.000000,-00024.000000
      Normal   +00000.000000,+00000.000000,+00001.000000
      TextureU -00001.000000,-00000.000000,+00000.000000
      TextureV +00000.000000,-00001.000000,+00000.000000
      Vertex   +00000.000000,-00028.000000,-00024.000015
      Vertex   +00004.000000,-00028.000000,-00024.000015
      Vertex   +00028.000000,-00004.000000,-00024.000015
      Vertex   +00024.000000,-00004.000000,-00024.000000
   End Polygon
   Begin Polygon Item=2DLoftTOP Texture=Heli_LiftMetl_A Flags=1082130432 Link=40
      Origin   -00516.000000,+02392.000000,-00024.000000
      Normal   +00000.000000,+00000.000000,+00001.000000
      TextureU -00001.000000,-00000.000000,+00000.000000
      TextureV +00000.000000,-00001.000000,+00000.000000
      Vertex   -00004.000000,-00028.000000,-00024.000015
      Vertex   +00000.000000,-00028.000000,-00024.000015
      Vertex   +00004.000000,-00024.000000,-00024.000000
      Vertex   -00008.000000,-00024.000000,-00024.000015
   End Polygon
   Begin Polygon Item=2DLoftTOP Texture=Heli_LiftMetl_A Flags=1082130432 Link=40
      Origin   -00516.000000,+02392.000000,-00024.000000
      Normal   +00000.000000,+00000.000000,+00001.000000
      TextureU -00001.000000,-00000.000000,+00000.000000
      TextureV +00000.000000,-00001.000000,+00000.000000
      Vertex   -00028.000000,-00004.000000,-00024.000015
      Vertex   -00008.000000,-00024.000000,-00024.000015
      Vertex   -00004.000000,-00024.000000,-00024.000000
      Vertex   -00028.000000,-00000.000000,-00024.000015
   End Polygon
   Begin Polygon Item=OUTSIDE Texture=Ctcomb_3 Flags=1082130432 Link=43
      Origin   -00516.000000,+02408.000000,-00024.000000
      Normal   +00000.000000,+00000.000000,+00001.000000
      TextureU -00001.000000,-00000.000000,+00000.000000
      TextureV +00000.000000,-00001.000000,+00000.000000
      Vertex   +00020.000000,-00004.000000,-00024.000000
      Vertex   +00004.000000,-00020.000000,-00024.000000
      Vertex   +00004.000000,-00024.000000,-00024.000000
      Vertex   +00024.000000,-00004.000000,-00024.000000
   End Polygon
   Begin Polygon Item=OUTSIDE Texture=Ctcomb_3 Flags=1082130432 Link=44
      Origin   -00516.000000,+02408.000000,-00024.000000
      Normal   +00000.000000,+00000.000000,+00001.000000
      TextureU -00001.000000,-00000.000000,+00000.000000
      TextureV +00000.000000,-00001.000000,+00000.000000
      Vertex   -00004.000000,-00020.000000,-00024.000000
      Vertex   -00020.000000,-00004.000000,-00024.000000
      Vertex   -00024.000000,-00004.000000,-00024.000000
      Vertex   -00004.000000,-00024.000000,-00024.000000
   End Polygon
   Begin Polygon Item=2DLoftSIDE Texture=Heli_LiftMetl_A Flags=1082130432 Link=45
      Origin   -00020.000000,-00012.000000,-00224.000000
      Normal   -00000.707106,-00000.707107,+00000.000000
      TextureU +00000.707107,-00000.707107,+00000.000000
      TextureV +00000.000000,+00000.000000,-00001.000000
      Vertex   -00028.000000,-00004.000000,-00032.000000
      Vertex   -00004.000000,-00028.000000,-00032.000000
      Vertex   -00004.000000,-00028.000000,-00024.000015
      Vertex   -00028.000000,-00004.000000,-00024.000015
   End Polygon
   Begin Polygon Item=2DLoftEND Texture=Heli_LiftMetl_A Flags=1082130432 Link=10
      Origin   -00516.000000,+02392.000000,+00040.000000
      Normal   +00000.000000,+00000.000000,-00001.000000
      TextureU -00001.000000,-00000.000000,+00000.000000
      TextureV +00000.000000,-00001.000000,+00000.000000
      Vertex   -00028.000000,+00004.000000,+00040.000000
      Vertex   -00004.000000,+00028.000000,+00040.000000
      Vertex   -00000.000000,+00028.000000,+00040.000000
      Vertex   -00024.000000,+00004.000000,+00040.000000
   End Polygon
   Begin Polygon Item=OUTSIDE Texture=Ctcomb_3 Flags=1082130432 Link=47
      Origin   -00004.000000,+00024.000000,-00224.000000
      Normal   -00001.000000,-00000.000000,+00000.000000
      TextureU +00000.000000,-00001.000000,+00000.000000
      TextureV +00000.000000,+00000.000000,-00001.000000
      Vertex   -00004.000000,+00020.000000,+00040.000000
      Vertex   -00004.000000,+00024.000000,+00040.000000
      Vertex   -00004.000000,+00024.000000,-00024.000000
      Vertex   -00004.000000,+00020.000000,-00024.000000
   End Polygon
   Begin Polygon Item=2DLoftSIDE Texture=Ctcomb_3 Flags=1082130432 Link=48
      Origin   -00020.000000,+00004.000000,-00224.000000
      Normal   +00001.000000,+00000.000000,+00000.000000
      TextureU -00000.000000,+00001.000000,+00000.000000
      TextureV +00000.000000,+00000.000000,-00001.000000
      Vertex   -00020.000000,+00004.000000,+00040.000000
      Vertex   -00020.000000,-00004.000000,+00040.000000
      Vertex   -00020.000000,-00004.000000,-00024.000000
      Vertex   -00020.000000,+00004.000000,-00024.000000
   End Polygon
   Begin Polygon Item=OUTSIDE Texture=Ctcomb_3 Flags=1082130464 Link=49
      Origin   -00005.000000,+00022.000000,-00224.000000
      Normal   -00000.707107,+00000.707107,+00000.000000
      TextureU -00000.707106,-00000.707107,+00000.000000
      TextureV +00000.000000,+00000.000000,-00001.000000
      Vertex   -00005.000000,+00022.000000,-00024.000000
      Vertex   -00005.000000,+00022.000000,+00040.000000
      Vertex   -00004.000000,+00023.000000,+00040.000000
      Vertex   -00004.000000,+00023.000000,-00024.000000
   End Polygon
   Begin Polygon Item=OUTSIDE Texture=Ctcomb_3 Flags=1082130464 Link=50
      Origin   -00004.500000,+00020.500000,-00224.000000
      Normal   -00000.707106,-00000.707107,+00000.000000
      TextureU +00000.707107,-00000.707107,+00000.000000
      TextureV +00000.000000,+00000.000000,-00001.000000
      Vertex   -00004.000000,+00020.000000,-00024.000000
      Vertex   -00004.000000,+00020.000000,+00040.000000
      Vertex   -00005.000000,+00021.000000,+00040.000000
      Vertex   -00005.000000,+00021.000000,-00024.000000
   End Polygon
   Begin Polygon Item=OUTSIDE Texture=Ctcomb_3 Flags=1082130464 Link=51
      Origin   -00005.000000,+00021.000000,-00224.000000
      Normal   -00001.000000,-00000.000000,+00000.000000
      TextureU +00000.000000,-00001.000000,+00000.000000
      TextureV +00000.000000,+00000.000000,-00001.000000
      Vertex   -00005.000000,+00021.000000,-00024.000000
      Vertex   -00005.000000,+00021.000000,+00040.000000
      Vertex   -00005.000000,+00022.000000,+00040.000000
      Vertex   -00005.000000,+00022.000000,-00024.000000
   End Polygon
   Begin Polygon Item=2DLoftSIDE Texture=Heli_LiftMetl_A Flags=1082130432 Link=52
      Origin   -00024.000000,+00004.000000,-00224.000000
      Normal   -00001.000000,-00000.000000,+00000.000000
      TextureU +00000.000000,-00001.000000,+00000.000000
      TextureV +00000.000000,+00000.000000,-00001.000000
      Vertex   -00024.000000,-00004.000000,+00040.000000
      Vertex   -00024.000000,+00004.000000,+00040.000000
      Vertex   -00024.000000,+00004.000000,-00024.000000
      Vertex   -00024.000000,-00004.000000,-00024.000000
   End Polygon
   Begin Polygon Item=OUTSIDE Texture=Ctcomb_3 Flags=1082130432 Link=53
      Origin   -00036.000000,+00004.000000,-00224.000000
      Normal   -00000.000000,+00001.000000,+00000.000000
      TextureU -00001.000000,-00000.000000,+00000.000000
      TextureV +00000.000000,+00000.000000,-00001.000000
      Vertex   -00024.000000,+00004.000000,+00040.000000
      Vertex   -00020.000000,+00004.000000,+00040.000000
      Vertex   -00020.000000,+00004.000000,-00024.000000
      Vertex   -00024.000000,+00004.000000,-00024.000000
   End Polygon
   Begin Polygon Item=OUTSIDE Texture=Ctcomb_3 Flags=1082130464 Link=54
      Origin   -00021.000000,+00005.000000,-00224.000000
      Normal   +00000.707107,+00000.707107,+00000.000000
      TextureU -00000.707107,+00000.707107,+00000.000000
      TextureV +00000.000000,+00000.000000,-00001.000000
      Vertex   -00021.000000,+00005.000000,+00040.000000
      Vertex   -00020.000000,+00004.000000,+00040.000000
      Vertex   -00020.000000,+00004.000000,-00024.000000
      Vertex   -00021.000000,+00005.000000,-00024.000000
   End Polygon
   Begin Polygon Item=OUTSIDE Texture=Ctcomb_3 Flags=1082130464 Link=55
      Origin   -00022.500000,+00004.500000,-00224.000000
      Normal   -00000.707107,+00000.707107,+00000.000000
      TextureU -00000.707106,-00000.707107,+00000.000000
      TextureV +00000.000000,+00000.000000,-00001.000000
      Vertex   -00023.000000,+00004.000000,+00040.000000
      Vertex   -00022.000000,+00005.000000,+00040.000000
      Vertex   -00022.000000,+00005.000000,-00024.000000
      Vertex   -00023.000000,+00004.000000,-00024.000000
   End Polygon
   Begin Polygon Item=OUTSIDE Texture=Ctcomb_3 Flags=1082130464 Link=56
      Origin   -00022.000000,+00005.000000,-00224.000000
      Normal   -00000.000000,+00001.000000,+00000.000000
      TextureU -00001.000000,-00000.000000,+00000.000000
      TextureV +00000.000000,+00000.000000,-00001.000000
      Vertex   -00022.000000,+00005.000000,+00040.000000
      Vertex   -00021.000000,+00005.000000,+00040.000000
      Vertex   -00021.000000,+00005.000000,-00024.000000
      Vertex   -00022.000000,+00005.000000,-00024.000000
   End Polygon
   Begin Polygon Item=2DLoftSIDE Texture=Ctcomb_3 Flags=1082130432 Link=57
      Origin   +00004.000000,+00020.000000,-00224.000000
      Normal   +00000.000000,-00001.000000,+00000.000000
      TextureU +00001.000000,+00000.000000,+00000.000000
      TextureV +00000.000000,+00000.000000,-00001.000000
      Vertex   +00004.000000,+00020.000000,+00040.000000
      Vertex   -00004.000000,+00020.000000,+00040.000000
      Vertex   -00004.000000,+00020.000000,-00024.000000
      Vertex   +00004.000000,+00020.000000,-00024.000000
   End Polygon
   Begin Polygon Item=OUTSIDE Texture=Ctcomb_3 Flags=1082130432 Link=58
      Origin   +00024.000000,+00004.000000,-00224.000000
      Normal   -00000.000000,+00001.000000,+00000.000000
      TextureU -00001.000000,-00000.000000,+00000.000000
      TextureV +00000.000000,+00000.000000,-00001.000000
      Vertex   +00020.000000,+00004.000000,+00040.000000
      Vertex   +00024.000000,+00004.000000,+00040.000000
      Vertex   +00024.000000,+00004.000000,-00024.000000
      Vertex   +00020.000000,+00004.000000,-00024.000000
   End Polygon
   Begin Polygon Item=OUTSIDE Texture=Ctcomb_3 Flags=1082130464 Link=59
      Origin   +00022.000000,+00005.000000,-00224.000000
      Normal   +00000.707107,+00000.707107,+00000.000000
      TextureU -00000.707107,+00000.707107,+00000.000000
      TextureV +00000.000000,+00000.000000,-00001.000000
      Vertex   +00022.000000,+00005.000000,+00040.000000
      Vertex   +00023.000000,+00004.000000,+00040.000000
      Vertex   +00023.000000,+00004.000000,-00024.000000
      Vertex   +00022.000000,+00005.000000,-00024.000000
   End Polygon
   Begin Polygon Item=OUTSIDE Texture=Ctcomb_3 Flags=1082130464 Link=60
      Origin   +00020.500000,+00004.500000,-00224.000000
      Normal   -00000.707107,+00000.707107,+00000.000000
      TextureU -00000.707106,-00000.707107,+00000.000000
      TextureV +00000.000000,+00000.000000,-00001.000000
      Vertex   +00020.000000,+00004.000000,+00040.000000
      Vertex   +00021.000000,+00005.000000,+00040.000000
      Vertex   +00021.000000,+00005.000000,-00024.000000
      Vertex   +00020.000000,+00004.000000,-00024.000000
   End Polygon
   Begin Polygon Item=OUTSIDE Texture=Ctcomb_3 Flags=1082130464 Link=61
      Origin   +00021.000000,+00005.000000,-00224.000000
      Normal   -00000.000000,+00001.000000,+00000.000000
      TextureU -00001.000000,-00000.000000,+00000.000000
      TextureV +00000.000000,+00000.000000,-00001.000000
      Vertex   +00021.000000,+00005.000000,+00040.000000
      Vertex   +00022.000000,+00005.000000,+00040.000000
      Vertex   +00022.000000,+00005.000000,-00024.000000
      Vertex   +00021.000000,+00005.000000,-00024.000000
   End Polygon
   Begin Polygon Item=2DLoftSIDE Texture=Ctcomb_3 Flags=1082130432 Link=62
      Origin   +00020.000000,-00004.000000,-00224.000000
      Normal   -00001.000000,-00000.000000,+00000.000000
      TextureU +00000.000000,-00001.000000,+00000.000000
      TextureV +00000.000000,+00000.000000,-00001.000000
      Vertex   +00020.000000,-00004.000000,+00040.000000
      Vertex   +00020.000000,+00004.000000,+00040.000000
      Vertex   +00020.000000,+00004.000000,-00024.000000
      Vertex   +00020.000000,-00004.000000,-00024.000000
   End Polygon
   Begin Polygon Item=2DLoftSIDE Texture=Heli_LiftMetl_A Flags=1082130432 Link=63
      Origin   +00024.000000,-00004.000000,-00224.000000
      Normal   +00001.000000,+00000.000000,+00000.000000
      TextureU -00000.000000,+00001.000000,+00000.000000
      TextureV +00000.000000,+00000.000000,-00001.000000
      Vertex   +00024.000000,+00004.000000,+00040.000000
      Vertex   +00024.000000,-00004.000000,+00040.000000
      Vertex   +00024.000000,-00004.000000,-00024.000000
      Vertex   +00024.000000,+00004.000000,-00024.000000
   End Polygon
   Begin Polygon Item=OUTSIDE Texture=Ctcomb_3 Flags=1082130432 Link=64
      Origin   +00004.000000,+00036.000000,-00224.000000
      Normal   +00001.000000,+00000.000000,+00000.000000
      TextureU -00000.000000,+00001.000000,+00000.000000
      TextureV +00000.000000,+00000.000000,-00001.000000
      Vertex   +00004.000000,+00024.000000,+00040.000000
      Vertex   +00004.000000,+00020.000000,+00040.000000
      Vertex   +00004.000000,+00020.000000,-00024.000000
      Vertex   +00004.000000,+00024.000000,-00024.000000
   End Polygon
   Begin Polygon Item=OUTSIDE Texture=Ctcomb_3 Flags=1082130464 Link=65
      Origin   +00005.000000,+00021.000000,-00224.000000
      Normal   +00000.707107,-00000.707107,+00000.000000
      TextureU +00000.707107,+00000.707107,+00000.000000
      TextureV +00000.000000,+00000.000000,-00001.000000
      Vertex   +00005.000000,+00021.000000,+00040.000000
      Vertex   +00004.000000,+00020.000000,+00040.000000
      Vertex   +00004.000000,+00020.000000,-00024.000000
      Vertex   +00005.000000,+00021.000000,-00024.000000
   End Polygon
   Begin Polygon Item=OUTSIDE Texture=Ctcomb_3 Flags=1082130464 Link=66
      Origin   +00004.500000,+00022.500000,-00224.000000
      Normal   +00000.707107,+00000.707107,+00000.000000
      TextureU -00000.707107,+00000.707107,+00000.000000
      TextureV +00000.000000,+00000.000000,-00001.000000
      Vertex   +00004.000000,+00023.000000,+00040.000000
      Vertex   +00005.000000,+00022.000000,+00040.000000
      Vertex   +00005.000000,+00022.000000,-00024.000000
      Vertex   +00004.000000,+00023.000000,-00024.000000
   End Polygon
   Begin Polygon Item=OUTSIDE Texture=Ctcomb_3 Flags=1082130464 Link=67
      Origin   +00005.000000,+00022.000000,-00224.000000
      Normal   +00001.000000,+00000.000000,+00000.000000
      TextureU -00000.000000,+00001.000000,+00000.000000
      TextureV +00000.000000,+00000.000000,-00001.000000
      Vertex   +00005.000000,+00022.000000,+00040.000000
      Vertex   +00005.000000,+00021.000000,+00040.000000
      Vertex   +00005.000000,+00021.000000,-00024.000000
      Vertex   +00005.000000,+00022.000000,-00024.000000
   End Polygon
   Begin Polygon Item=2DLoftSIDE Texture=Heli_LiftMetl_A Flags=1082130432 Link=68
      Origin   +00004.000000,+00024.000000,-00224.000000
      Normal   -00000.000000,+00001.000000,+00000.000000
      TextureU -00001.000000,-00000.000000,+00000.000000
      TextureV +00000.000000,+00000.000000,-00001.000000
      Vertex   -00004.000000,+00024.000000,+00040.000000
      Vertex   +00004.000000,+00024.000000,+00040.000000
      Vertex   +00004.000000,+00024.000000,-00024.000000
      Vertex   -00004.000000,+00024.000000,-00024.000000
   End Polygon
   Begin Polygon Item=OUTSIDE Texture=Heli_LiftMetl_A Flags=1082130464 Link=69
      Origin   -00004.000000,+00004.000000,-00224.000000
      Normal   -00000.000000,+00001.000000,+00000.000000
      TextureU -00001.000000,-00000.000000,+00000.000000
      TextureV +00000.000000,+00000.000000,-00001.000000
      Vertex   -00004.000000,+00004.000000,-00056.000000
      Vertex   -00004.000000,+00004.000000,-00032.000000
      Vertex   +00004.000000,+00004.000000,-00032.000000
      Vertex   +00004.000000,+00004.000000,-00056.000000
   End Polygon
   Begin Polygon Item=OUTSIDE Texture=Heli_LiftMetl_A Flags=1082130464 Link=70
      Origin   -00004.000000,-00004.000000,-00224.000000
      Normal   -00001.000000,-00000.000000,+00000.000000
      TextureU +00000.000000,-00001.000000,+00000.000000
      TextureV +00000.000000,+00000.000000,-00001.000000
      Vertex   -00004.000000,-00004.000000,-00056.000000
      Vertex   -00004.000000,-00004.000000,-00032.000000
      Vertex   -00004.000000,+00004.000000,-00032.000000
      Vertex   -00004.000000,+00004.000000,-00056.000000
   End Polygon
   Begin Polygon Item=OUTSIDE Texture=Heli_LiftMetl_A Flags=1082130464 Link=71
      Origin   +00004.000000,+00004.000000,-00224.000000
      Normal   +00001.000000,+00000.000000,+00000.000000
      TextureU -00000.000000,+00001.000000,+00000.000000
