Begin PolyList
   Begin Polygon Item=OUTSIDE Flags=-1073741824 Link=0
      Origin   -00128.000000,+00064.000000,-00064.000000
      Normal   +00000.000000,+00000.000000,-00001.000000
      TextureU +00000.000000,-00001.000000,+00000.000000
      TextureV -00001.000000,+00000.000000,+00000.000000
      Vertex   -00060.000000,-00021.000000,-00064.000000
      Vertex   -00060.000000,+00011.000427,-00064.000000
      Vertex   +00068.000000,+00011.000427,-00064.000000
      Vertex   +00068.000000,-00021.000000,-00064.000000
   End Polygon
   Begin Polygon Item=OUTSIDE Texture=pa_chteutble_a Flags=1082130432 Link=1
      Origin   +00100.000000,-00940.999939,-00024.000000
      Normal   +00000.000000,+00000.000000,-00001.000000
      TextureU +00000.000000,-00001.000000,+00000.000000
      TextureV +00001.000000,+00000.000000,+00000.000000
      Vertex   +00084.000000,+00027.000000,-00024.000000
      Vertex   +00084.000000,-00037.000000,-00024.000000
      Vertex   -00076.000000,-00037.000000,-00024.000000
      Vertex   -00076.000000,+00027.000000,-00024.000000
   End Polygon
   Begin Polygon Item=OUTSIDE Texture=pa_chteutble_a Flags=1082130464 Link=2
      Origin   +00100.000000,-00941.000244,+00016.000000
      Normal   +00000.928477,+00000.000000,-00000.371391
      TextureU -00000.000000,+00001.000000,+00000.000000
      TextureV -00000.371391,-00000.000000,-00000.928477
      Vertex   +00084.000000,+00027.000000,-00024.000000
      Vertex   +00084.000000,-00037.000000,-00024.000000
      Vertex   +00068.000000,-00021.000000,-00064.000000
      Vertex   +00068.000000,+00011.000000,-00064.000000
   End Polygon
   Begin Polygon Item=OUTSIDE Texture=pa_chteutble_a Flags=1082130464 Link=3
      Origin   -00092.000000,-00941.000000,+00016.000000
      Normal   -00000.928477,-00000.000000,-00000.371391
      TextureU +00000.000000,-00001.000000,+00000.000000
      TextureV +00000.371391,+00000.000000,-00000.928477
      Vertex   -00076.000000,-00037.000000,-00024.000000
      Vertex   -00076.000000,+00027.000000,-00024.000000
      Vertex   -00060.000000,+00011.000000,-00064.000000
      Vertex   -00060.000000,-00021.000000,-00064.000000
   End Polygon
   Begin Polygon Item=OUTSIDE Texture=pa_chteutble_a Flags=1082130464 Link=4
      Origin   +00100.000000,-00053.000000,+00016.000000
      Normal   +00000.000000,-00000.928477,-00000.371391
      TextureU +00001.000000,+00000.000000,+00000.000000
      TextureV -00000.000000,+00000.371391,-00000.928477
      Vertex   +00084.000000,-00037.000000,-00024.000000
      Vertex   -00076.000000,-00037.000000,-00024.000000
      Vertex   -00060.000000,-00021.000000,-00064.000000
      Vertex   +00068.000000,-00021.000000,-00064.000000
   End Polygon
   Begin Polygon Item=OUTSIDE Texture=pa_chteutble_a Flags=1082130464 Link=5
      Origin   +00100.000000,+00043.000244,+00015.999573
      Normal   -00000.000000,+00000.928477,-00000.371391
      TextureU -00001.000000,-00000.000000,+00000.000000
      TextureV +00000.000000,-00000.371391,-00000.928477
      Vertex   -00076.000000,+00027.000000,-00024.000000
      Vertex   +00084.000000,+00027.000000,-00024.000000
      Vertex   +00068.000000,+00011.000000,-00064.000000
      Vertex   -00060.000000,+00011.000000,-00064.000000
   End Polygon
   Begin Polygon Item=OUTSIDE Texture=pa_chteuktchn_b Flags=1082130432 Link=6
      Origin   +00084.000000,-00037.000000,-00022.000000
      Normal   +00000.000000,-00000.707107,+00000.707107
      Pan      U=0 V=-4
      TextureU -00000.816497,-00000.408248,-00000.408248
      TextureV +00000.577350,-00000.577350,-00000.577350
      Vertex   +00084.000000,-00037.000000,-00022.000000
      Vertex   +00082.000000,-00035.000000,-00020.000000
      Vertex   -00074.000000,-00035.000000,-00020.000000
      Vertex   -00076.000000,-00037.000000,-00022.000000
   End Polygon
   Begin Polygon Item=OUTSIDE Texture=pa_chteuktchn_b Flags=1082130432 Link=7
      Origin   -00076.000000,+00027.000000,-00020.000000
      Normal   +00000.000000,+00000.000000,+00001.000000
      TextureU +00001.000000,+00000.000000,+00000.000000
      TextureV -00000.000000,+00001.000000,+00000.000000
      Vertex   -00074.000000,+00025.000000,-00020.000000
      Vertex   -00074.000000,-00035.000000,-00020.000000
      Vertex   +00082.000000,-00035.000000,-00020.000000
      Vertex   +00082.000000,+00025.000000,-00020.000000
   End Polygon
   Begin Polygon Item=OUTSIDE Texture=pa_chteuktchn_b Flags=1082130432 Link=8
      Origin   +00084.000000,+00027.000000,-00022.000000
      Normal   +00000.707107,+00000.000000,+00000.707107
      Pan      U=0 V=8
      TextureU +00000.408248,-00000.816497,-00000.408248
      TextureV +00000.577350,+00000.577350,-00000.577350
      Vertex   +00084.000000,+00027.000000,-00022.000000
      Vertex   +00082.000000,+00025.000000,-00020.000000
      Vertex   +00082.000000,-00035.000000,-00020.000000
      Vertex   +00084.000000,-00037.000000,-00022.000000
   End Polygon
   Begin Polygon Item=OUTSIDE Texture=pa_chteuktchn_b Flags=1082130432 Link=9
      Origin   -00076.000000,-00037.000000,-00022.000000
      Normal   -00000.707107,-00000.000000,+00000.707107
      Pan      U=0 V=8
      TextureU -00000.408248,+00000.816497,-00000.408248
      TextureV -00000.577350,-00000.577350,-00000.577350
      Vertex   -00076.000000,-00037.000000,-00022.000000
      Vertex   -00074.000000,-00035.000000,-00020.000000
      Vertex   -00074.000000,+00025.000000,-00020.000000
      Vertex   -00076.000000,+00027.000000,-00022.000000
   End Polygon
   Begin Polygon Item=OUTSIDE Texture=pa_chteuktchn_b Flags=1082130432 Link=10
      Origin   -00076.000000,+00027.000000,-00022.000000
      Normal   -00000.000000,+00000.707107,+00000.707107
      TextureU +00000.816497,+00000.408248,-00000.408248
      TextureV -00000.577350,+00000.577350,-00000.577350
      Vertex   -00076.000000,+00027.000000,-00022.000000
      Vertex   -00074.000000,+00025.000000,-00020.000000
      Vertex   +00082.000000,+00025.000000,-00020.000000
      Vertex   +00084.000000,+00027.000000,-00022.000000
   End Polygon
   Begin Polygon Item=OUTSIDE Texture=pa_chteuktchn_b Flags=1082130432 Link=11
      Origin   +00084.000000,+00027.000000,-00024.000000
      Normal   +00001.000000,+00000.000000,+00000.000000
      TextureU +00000.000000,-00001.000000,+00000.000000
      TextureV +00000.000000,+00000.000000,-00001.000000
      Vertex   +00084.000000,+00027.000000,-00024.000000
      Vertex   +00084.000000,+00027.000000,-00022.000000
      Vertex   +00084.000000,-00037.000000,-00022.000000
      Vertex   +00084.000000,-00037.000000,-00024.000000
   End Polygon
   Begin Polygon Item=OUTSIDE Texture=pa_chteuktchn_b Flags=1082130432 Link=12
      Origin   -00076.000000,-00037.000000,-00024.000000
      Normal   -00001.000000,-00000.000000,+00000.000000
      TextureU -00000.000000,+00001.000000,+00000.000000
      TextureV +00000.000000,+00000.000000,-00001.000000
      Vertex   -00076.000000,-00037.000000,-00024.000000
      Vertex   -00076.000000,-00037.000000,-00022.000000
      Vertex   -00076.000000,+00027.000000,-00022.000000
      Vertex   -00076.000000,+00027.000000,-00024.000000
   End Polygon
   Begin Polygon Item=OUTSIDE Texture=pa_chteuktchn_b Flags=1082130432 Link=13
      Origin   +00084.000000,-00037.000000,-00024.000000
      Normal   +00000.000000,-00001.000000,+00000.000000
      TextureU -00001.000000,-00000.000000,+00000.000000
      TextureV +00000.000000,+00000.000000,-00001.000000
      Vertex   +00084.000000,-00037.000000,-00024.000000
      Vertex   +00084.000000,-00037.000000,-00022.000000
      Vertex   -00076.000000,-00037.000000,-00022.000000
      Vertex   -00076.000000,-00037.000000,-00024.000000
   End Polygon
   Begin Polygon Item=OUTSIDE Texture=pa_chteuktchn_b Flags=1082130432 Link=14
      Origin   -00076.000000,+00027.000000,-00024.000000
      Normal   -00000.000000,+00001.000000,+00000.000000
      TextureU +00001.000000,+00000.000000,+00000.000000
      TextureV +00000.000000,+00000.000000,-00001.000000
      Vertex   -00076.000000,+00027.000000,-00024.000000
      Vertex   -00076.000000,+00027.000000,-00022.000000
      Vertex   +00084.000000,+00027.000000,-00022.000000
      Vertex   +00084.000000,+00027.000000,-00024.000000
   End Polygon
End PolyList
