Begin PolyList
   Begin Polygon Item=OUTSIDE Flags=-1073741824 Link=0
      Origin   -00032.000000,+00032.000000,-00064.000000
      Normal   +00000.000000,+00000.000000,-00001.000000
      TextureU +00000.000000,-00001.000000,+00000.000000
      TextureV -00001.000000,+00000.000000,+00000.000000
      Vertex   +00016.000000,-00023.000000,-00064.000000
      Vertex   +00016.000000,-00019.000000,-00064.000000
      Vertex   +00020.000000,-00019.000000,-00064.000000
      Vertex   +00020.000000,-00023.000000,-00064.000000
   End Polygon
   Begin Polygon Item=OUTSIDE Flags=-1073741824 Link=0
      Origin   -00032.000000,+00032.000000,-00064.000000
      Normal   +00000.000000,+00000.000000,-00001.000000
      TextureU +00000.000000,-00001.000000,+00000.000000
      TextureV -00001.000000,+00000.000000,+00000.000000
      Vertex   -00020.000000,-00023.000000,-00064.000000
      Vertex   -00020.000000,-00019.000000,-00064.000000
      Vertex   -00016.000000,-00019.000000,-00064.000000
      Vertex   -00016.000000,-00023.000000,-00064.000000
   End Polygon
   Begin Polygon Item=OUTSIDE Flags=-1073741824 Link=0
      Origin   -00032.000000,+00032.000000,-00064.000000
      Normal   +00000.000000,+00000.000000,-00001.000000
      TextureU +00000.000000,-00001.000000,+00000.000000
      TextureV -00001.000000,+00000.000000,+00000.000000
      Vertex   -00016.000000,+00016.999969,-00064.000000
      Vertex   -00016.000000,+00013.000000,-00064.000000
      Vertex   -00020.000000,+00013.000000,-00064.000000
      Vertex   -00020.000000,+00016.999969,-00064.000000
   End Polygon
   Begin Polygon Item=OUTSIDE Flags=-1073741824 Link=0
      Origin   -00032.000000,+00032.000000,-00064.000000
      Normal   +00000.000000,+00000.000000,-00001.000000
      TextureU +00000.000000,-00001.000000,+00000.000000
      TextureV -00001.000000,+00000.000000,+00000.000000
      Vertex   +00020.000000,+00013.000000,-00064.000000
      Vertex   +00016.000000,+00013.000000,-00064.000000
      Vertex   +00016.000000,+00016.999969,-00064.000000
      Vertex   +00020.000000,+00016.999969,-00064.000000
   End Polygon
   Begin Polygon Item=OUTSIDE Texture=Ctcomb_6 Flags=1082130464 Link=4
      Origin   -03744.000000,+00204.999878,-00032.000000
      Normal   +00000.000000,+00000.000000,-00001.000000
      TextureU +00001.000000,+00000.000000,+00000.000000
      TextureV +00000.000000,+00001.000000,+00000.000000
      Vertex   -00016.000000,-00015.000000,-00032.000000
      Vertex   -00012.000000,-00015.000000,-00032.000000
      Vertex   -00012.000000,-00019.000000,-00032.000000
      Vertex   -00016.000000,-00019.000000,-00032.000000
   End Polygon
   Begin Polygon Item=OUTSIDE Texture=pa_woodfloor_a Flags=1082130464 Link=5
      Origin   -03744.000000,-00043.000000,+00384.000000
      Normal   +00000.000000,-00000.992278,-00000.124035
      TextureU +00001.000000,+00000.000000,+00000.000000
      TextureV +00000.000000,+00000.124035,-00000.992278
      Vertex   +00016.000000,+00009.000000,-00032.000000
      Vertex   +00012.000000,+00009.000000,-00032.000000
      Vertex   +00016.000000,+00013.000000,-00064.000000
      Vertex   +00020.000000,+00013.000000,-00064.000000
   End Polygon
   Begin Polygon Item=OUTSIDE Texture=pa_woodfloor_a Flags=1082130464 Link=6
      Origin   +00040.000000,+00205.000000,+00384.000977
      Normal   +00000.992278,+00000.000000,-00000.124035
      TextureU +00000.000000,+00001.000000,+00000.000000
      TextureV -00000.124035,+00000.000000,-00000.992278
      Vertex   -00012.000000,-00015.000000,-00032.000000
      Vertex   -00012.000000,-00019.000000,-00032.000000
      Vertex   -00016.000000,-00023.000000,-00064.000000
      Vertex   -00016.000000,-00019.000000,-00064.000000
   End Polygon
   Begin Polygon Item=OUTSIDE Texture=pa_woodfloor_a Flags=1082130464 Link=7
      Origin   -00036.000000,+00205.000000,+00383.999054
      Normal   +00000.992278,+00000.000000,+00000.124035
      TextureU +00000.000000,+00001.000000,+00000.000000
      TextureV +00000.124035,+00000.000000,-00000.992278
      Vertex   +00016.000000,-00015.000000,-00032.000000
      Vertex   +00016.000000,-00019.000000,-00032.000000
      Vertex   +00020.000000,-00023.000000,-00064.000000
      Vertex   +00020.000000,-00019.000000,-00064.000000
   End Polygon
   Begin Polygon Item=OUTSIDE Texture=pa_woodfloor_a Flags=1082130464 Link=8
      Origin   -00040.000000,+00205.000000,+00383.999054
      Normal   -00000.992278,+00000.000000,-00000.124035
      TextureU +00000.000000,-00001.000000,+00000.000000
      TextureV +00000.124035,+00000.000000,-00000.992278
      Vertex   +00012.000000,-00019.000000,-00032.000000
      Vertex   +00012.000000,-00015.000000,-00032.000000
      Vertex   +00016.000000,-00019.000000,-00064.000000
      Vertex   +00016.000000,-00023.000000,-00064.000000
   End Polygon
   Begin Polygon Item=OUTSIDE Texture=pa_woodfloor_a Flags=1082130464 Link=9
      Origin   -03744.000000,+00037.000000,+00384.000000
      Normal   +00000.000000,+00000.992278,-00000.124035
      TextureU -00001.000000,+00000.000000,+00000.000000
      TextureV +00000.000000,-00000.124035,-00000.992278
      Vertex   +00012.000000,-00015.000000,-00032.000000
      Vertex   +00016.000000,-00015.000000,-00032.000000
      Vertex   +00020.000000,-00019.000000,-00064.000000
      Vertex   +00016.000000,-00019.000000,-00064.000000
   End Polygon
   Begin Polygon Item=OUTSIDE Texture=pa_woodfloor_a Flags=1082130464 Link=10
      Origin   -03744.000000,+00033.000000,+00384.000000
      Normal   +00000.000000,-00000.992278,+00000.124035
      TextureU +00001.000000,+00000.000000,+00000.000000
      TextureV +00000.000000,-00000.124035,-00000.992278
      Vertex   +00016.000000,-00019.000000,-00032.000000
      Vertex   +00012.000000,-00019.000000,-00032.000000
      Vertex   +00016.000000,-00023.000000,-00064.000000
      Vertex   +00020.000000,-00023.000000,-00064.000000
   End Polygon
   Begin Polygon Item=OUTSIDE Texture=pa_woodfloor_a Flags=1082130464 Link=11
      Origin   -03744.000000,+00037.000000,+00384.000000
      Normal   +00000.000000,+00000.992278,-00000.124035
      TextureU -00001.000000,+00000.000000,+00000.000000
      TextureV +00000.000000,-00000.124035,-00000.992278
      Vertex   -00016.000000,-00015.000000,-00032.000000
      Vertex   -00012.000000,-00015.000000,-00032.000000
      Vertex   -00016.000000,-00019.000000,-00064.000000
      Vertex   -00020.000000,-00019.000000,-00064.000000
   End Polygon
   Begin Polygon Item=OUTSIDE Texture=pa_woodfloor_a Flags=1082130464 Link=12
      Origin   +00036.000000,+00205.000000,+00384.000977
      Normal   -00000.992278,+00000.000000,+00000.124035
      TextureU +00000.000000,-00001.000000,+00000.000000
      TextureV -00000.124035,+00000.000000,-00000.992278
      Vertex   -00016.000000,-00019.000000,-00032.000000
      Vertex   -00016.000000,-00015.000000,-00032.000000
      Vertex   -00020.000000,-00019.000000,-00064.000000
      Vertex   -00020.000000,-00023.000000,-00064.000000
   End Polygon
   Begin Polygon Item=OUTSIDE Texture=pa_woodfloor_a Flags=1082130464 Link=13
      Origin   -03744.000000,+00033.000000,+00384.000000
      Normal   +00000.000000,-00000.992278,+00000.124035
      TextureU +00001.000000,+00000.000000,+00000.000000
      TextureV +00000.000000,-00000.124035,-00000.992278
      Vertex   -00012.000000,-00019.000000,-00032.000000
      Vertex   -00016.000000,-00019.000000,-00032.000000
      Vertex   -00020.000000,-00023.000000,-00064.000000
      Vertex   -00016.000000,-00023.000000,-00064.000000
   End Polygon
   Begin Polygon Item=OUTSIDE Texture=pa_woodfloor_a Flags=1082130464 Link=14
      Origin   -00040.000000,+00205.000000,+00383.999054
      Normal   -00000.992278,+00000.000000,-00000.124035
      TextureU +00000.000000,-00001.000000,+00000.000000
      TextureV +00000.124035,+00000.000000,-00000.992278
      Vertex   +00012.000000,+00009.000000,-00032.000000
      Vertex   +00012.000000,+00013.000000,-00032.000000
      Vertex   +00016.000000,+00017.000000,-00064.000000
      Vertex   +00016.000000,+00013.000000,-00064.000000
   End Polygon
   Begin Polygon Item=OUTSIDE Texture=pa_woodfloor_a Flags=1082130464 Link=15
      Origin   +00040.000000,+00205.000000,+00384.000977
      Normal   +00000.992278,+00000.000000,-00000.124035
      TextureU +00000.000000,+00001.000000,+00000.000000
      TextureV -00000.124035,+00000.000000,-00000.992278
      Vertex   -00012.000000,+00013.000000,-00032.000000
      Vertex   -00012.000000,+00009.000000,-00032.000000
      Vertex   -00016.000000,+00013.000000,-00064.000000
      Vertex   -00016.000000,+00017.000000,-00064.000000
   End Polygon
   Begin Polygon Item=OUTSIDE Texture=pa_woodfloor_a Flags=1082130464 Link=16
      Origin   +00036.000000,+00205.000000,+00384.000977
      Normal   -00000.992278,+00000.000000,+00000.124035
      TextureU +00000.000000,-00001.000000,+00000.000000
      TextureV -00000.124035,+00000.000000,-00000.992278
      Vertex   -00016.000000,+00009.000000,-00032.000000
      Vertex   -00016.000000,+00013.000000,-00032.000000
      Vertex   -00020.000000,+00017.000000,-00064.000000
      Vertex   -00020.000000,+00013.000000,-00064.000000
   End Polygon
   Begin Polygon Item=OUTSIDE Texture=pa_woodfloor_a Flags=1082130464 Link=17
      Origin   -03744.000000,-00039.000031,+00384.000000
      Normal   +00000.000000,+00000.992278,+00000.124035
      TextureU -00001.000000,+00000.000000,+00000.000000
      TextureV +00000.000000,+00000.124035,-00000.992278
      Vertex   -00016.000000,+00013.000000,-00032.000000
      Vertex   -00012.000000,+00013.000000,-00032.000000
      Vertex   -00016.000000,+00017.000000,-00064.000000
      Vertex   -00020.000000,+00017.000000,-00064.000000
   End Polygon
   Begin Polygon Item=OUTSIDE Texture=pa_woodfloor_a Flags=1082130464 Link=18
      Origin   -03744.000000,-00039.000031,+00384.000000
      Normal   +00000.000000,+00000.992278,+00000.124035
      TextureU -00001.000000,+00000.000000,+00000.000000
      TextureV +00000.000000,+00000.124035,-00000.992278
      Vertex   +00012.000000,+00013.000000,-00032.000000
      Vertex   +00016.000000,+00013.000000,-00032.000000
      Vertex   +00020.000000,+00017.000000,-00064.000000
      Vertex   +00016.000000,+00017.000000,-00064.000000
   End Polygon
   Begin Polygon Item=OUTSIDE Texture=pa_woodfloor_a Flags=1082130464 Link=19
      Origin   -00036.000000,+00205.000000,+00383.999054
      Normal   +00000.992278,+00000.000000,+00000.124035
      TextureU +00000.000000,+00001.000000,+00000.000000
      TextureV +00000.124035,+00000.000000,-00000.992278
      Vertex   +00016.000000,+00013.000000,-00032.000000
      Vertex   +00016.000000,+00009.000000,-00032.000000
      Vertex   +00020.000000,+00013.000000,-00064.000000
      Vertex   +00020.000000,+00017.000000,-00064.000000
   End Polygon
   Begin Polygon Item=OUTSIDE Texture=pa_woodfloor_a Flags=1082130464 Link=20
      Origin   -03744.000000,-00043.000000,+00384.000000
      Normal   +00000.000000,-00000.992278,-00000.124035
      TextureU +00001.000000,+00000.000000,+00000.000000
      TextureV +00000.000000,+00000.124035,-00000.992278
      Vertex   -00012.000000,+00009.000000,-00032.000000
      Vertex   -00016.000000,+00009.000000,-00032.000000
      Vertex   -00020.000000,+00013.000000,-00064.000000
      Vertex   -00016.000000,+00013.000000,-00064.000000
   End Polygon
   Begin Polygon Item=OUTSIDE Texture=pa_woodfloor_a Flags=1082130464 Link=21
      Origin   -00016.000000,-00015.000000,+00384.000000
      Normal   +00000.000000,+00001.000000,+00000.000000
      TextureU -00001.000000,+00000.000000,+00000.000000
      TextureV +00000.000000,+00000.000000,-00001.000000
      Vertex   -00016.000000,-00015.000000,-00032.000000
      Vertex   -00016.000000,-00015.000000,-00024.000000
      Vertex   -00012.000000,-00015.000000,-00024.000000
      Vertex   -00012.000000,-00015.000000,-00032.000000
   End Polygon
   Begin Polygon Item=OUTSIDE Texture=Ctcomb_6 Flags=1082130464 Link=22
      Origin   -03744.000000,+00205.000000,-00024.000000
      Normal   +00000.000000,+00000.000000,+00001.000000
      TextureU +00001.000000,+00000.000000,+00000.000000
      TextureV +00000.000000,+00001.000000,+00000.000000
      Vertex   -00016.000000,+00009.000000,-00024.000000
      Vertex   -00012.000000,+00009.000000,-00024.000000
      Vertex   -00012.000000,+00013.000000,-00024.000000
      Vertex   -00016.000000,+00013.000000,-00024.000000
   End Polygon
   Begin Polygon Item=OUTSIDE Texture=pa_woodfloor_a Flags=1082130464 Link=23
      Origin   -03744.000000,+00205.000000,-00020.000000
      Normal   +00000.000000,+00000.000000,+00001.000000
      TextureU +00001.000000,+00000.000000,+00000.000000
      TextureV +00000.000000,+00001.000000,+00000.000000
      Vertex   +00032.000000,+00021.000000,-00020.000000
      Vertex   -00032.000000,+00021.000000,-00020.000000
      Vertex   -00032.000000,-00027.000000,-00020.000000
      Vertex   +00032.000000,-00027.000000,-00020.000000
   End Polygon
   Begin Polygon Item=OUTSIDE Texture=pa_woodfloor_a Flags=1082130464 Link=24
      Origin   -00032.000000,+00021.000000,+00384.000000
      Normal   +00000.000000,+00001.000000,+00000.000000
      TextureU -00001.000000,+00000.000000,+00000.000000
      TextureV +00000.000000,+00000.000000,-00001.000000
      Vertex   -00032.000000,+00021.000000,-00024.000000
      Vertex   -00032.000000,+00021.000000,-00020.000000
      Vertex   +00032.000000,+00021.000000,-00020.000000
      Vertex   +00032.000000,+00021.000000,-00024.000000
   End Polygon
   Begin Polygon Item=OUTSIDE Texture=pa_woodfloor_a Flags=1082130464 Link=25
      Origin   +00032.000000,+00021.000000,+00384.000000
      Normal   +00001.000000,+00000.000000,+00000.000000
      TextureU +00000.000000,+00001.000000,+00000.000000
      TextureV +00000.000000,+00000.000000,-00001.000000
      Vertex   +00032.000000,+00021.000000,-00024.000000
      Vertex   +00032.000000,+00021.000000,-00020.000000
      Vertex   +00032.000000,-00027.000000,-00020.000000
      Vertex   +00032.000000,-00027.000000,-00024.000000
   End Polygon
   Begin Polygon Item=OUTSIDE Texture=pa_woodfloor_a Flags=1082130464 Link=26
      Origin   -00032.000000,-00027.000000,+00384.000000
      Normal   -00001.000000,+00000.000000,+00000.000000
      TextureU +00000.000000,-00001.000000,+00000.000000
      TextureV +00000.000000,+00000.000000,-00001.000000
      Vertex   -00032.000000,+00021.000000,-00020.000000
      Vertex   -00032.000000,+00021.000000,-00024.000000
      Vertex   -00032.000000,-00027.000000,-00024.000000
      Vertex   -00032.000000,-00027.000000,-00020.000000
   End Polygon
   Begin Polygon Item=OUTSIDE Texture=pa_woodfloor_a Flags=1082130464 Link=27
      Origin   -00012.000000,+00013.000000,+00384.000000
      Normal   +00001.000000,+00000.000000,+00000.000000
      TextureU +00000.000000,+00001.000000,+00000.000000
      TextureV +00000.000000,+00000.000000,-00001.000000
      Vertex   -00012.000000,+00013.000000,-00032.000000
      Vertex   -00012.000000,+00013.000000,-00024.000000
      Vertex   -00012.000000,+00009.000000,-00024.000000
      Vertex   -00012.000000,+00009.000000,-00032.000000
   End Polygon
   Begin Polygon Item=OUTSIDE Texture=pa_woodfloor_a Flags=1082130464 Link=28
      Origin   +00016.000000,+00013.000000,+00384.000000
      Normal   +00001.000000,+00000.000000,+00000.000000
      TextureU +00000.000000,+00001.000000,+00000.000000
      TextureV +00000.000000,+00000.000000,-00001.000000
      Vertex   +00016.000000,+00013.000000,-00032.000000
      Vertex   +00016.000000,+00013.000000,-00024.000000
      Vertex   +00016.000000,+00009.000000,-00024.000000
      Vertex   +00016.000000,+00009.000000,-00032.000000
   End Polygon
   Begin Polygon Item=OUTSIDE Texture=pa_woodfloor_a Flags=1082130464 Link=29
      Origin   +00012.000000,+00009.000000,+00384.000000
      Normal   -00001.000000,+00000.000000,+00000.000000
      TextureU +00000.000000,-00001.000000,+00000.000000
      TextureV +00000.000000,+00000.000000,-00001.000000
      Vertex   +00012.000000,+00009.000000,-00032.000000
      Vertex   +00012.000000,+00009.000000,-00024.000000
      Vertex   +00012.000000,+00013.000000,-00024.000000
      Vertex   +00012.000000,+00013.000000,-00032.000000
   End Polygon
   Begin Polygon Item=OUTSIDE Texture=pa_woodfloor_a Flags=1082130464 Link=30
      Origin   +00016.000000,+00009.000000,+00384.000000
      Normal   +00000.000000,-00001.000000,+00000.000000
      TextureU +00001.000000,+00000.000000,+00000.000000
      TextureV +00000.000000,+00000.000000,-00001.000000
      Vertex   +00016.000000,+00009.000000,-00032.000000
      Vertex   +00016.000000,+00009.000000,-00024.000000
      Vertex   +00012.000000,+00009.000000,-00024.000000
      Vertex   +00012.000000,+00009.000000,-00032.000000
   End Polygon
   Begin Polygon Item=OUTSIDE Texture=pa_woodfloor_a Flags=1082130464 Link=31
      Origin   +00012.000000,+00013.000000,+00384.000000
      Normal   +00000.000000,+00001.000000,+00000.000000
      TextureU -00001.000000,+00000.000000,+00000.000000
      TextureV +00000.000000,+00000.000000,-00001.000000
      Vertex   +00012.000000,+00013.000000,-00032.000000
      Vertex   +00012.000000,+00013.000000,-00024.000000
      Vertex   +00016.000000,+00013.000000,-00024.000000
      Vertex   +00016.000000,+00013.000000,-00032.000000
   End Polygon
   Begin Polygon Item=OUTSIDE Texture=pa_woodfloor_a Flags=1082130464 Link=32
      Origin   -00016.000000,+00013.000000,+00384.000000
      Normal   +00000.000000,+00001.000000,+00000.000000
      TextureU -00001.000000,+00000.000000,+00000.000000
      TextureV +00000.000000,+00000.000000,-00001.000000
      Vertex   -00016.000000,+00013.000000,-00032.000000
      Vertex   -00016.000000,+00013.000000,-00024.000000
      Vertex   -00012.000000,+00013.000000,-00024.000000
      Vertex   -00012.000000,+00013.000000,-00032.000000
   End Polygon
   Begin Polygon Item=OUTSIDE Texture=pa_woodfloor_a Flags=1082130464 Link=33
      Origin   -00012.000000,+00009.000000,+00384.000000
      Normal   +00000.000000,-00001.000000,+00000.000000
      TextureU +00001.000000,+00000.000000,+00000.000000
      TextureV +00000.000000,+00000.000000,-00001.000000
      Vertex   -00012.000000,+00009.000000,-00032.000000
      Vertex   -00012.000000,+00009.000000,-00024.000000
      Vertex   -00016.000000,+00009.000000,-00024.000000
      Vertex   -00016.000000,+00009.000000,-00032.000000
   End Polygon
   Begin Polygon Item=OUTSIDE Texture=pa_woodfloor_a Flags=1082130464 Link=34
      Origin   -00016.000000,+00009.000000,+00384.000000
      Normal   -00001.000000,+00000.000000,+00000.000000
      TextureU +00000.000000,-00001.000000,+00000.000000
      TextureV +00000.000000,+00000.000000,-00001.000000
      Vertex   -00016.000000,+00009.000000,-00032.000000
      Vertex   -00016.000000,+00009.000000,-00024.000000
      Vertex   -00016.000000,+00013.000000,-00024.000000
      Vertex   -00016.000000,+00013.000000,-00032.000000
   End Polygon
   Begin Polygon Item=OUTSIDE Texture=Ctcomb_6 Flags=1082130464 Link=35
      Origin   -03744.000000,+00205.000000,-00024.000000
      Normal   +00000.000000,+00000.000000,+00001.000000
      TextureU +00001.000000,+00000.000000,+00000.000000
      TextureV +00000.000000,+00001.000000,+00000.000000
      Vertex   +00012.000000,+00009.000000,-00024.000000
      Vertex   +00016.000000,+00009.000000,-00024.000000
      Vertex   +00016.000000,+00013.000000,-00024.000000
      Vertex   +00012.000000,+00013.000000,-00024.000000
   End Polygon
   Begin Polygon Item=OUTSIDE Texture=pa_woodfloor_a Flags=1082130464 Link=36
      Origin   -03744.000000,+00205.000000,-00024.000000
      Normal   +00000.000000,+00000.000000,-00001.000000
      TextureU +00001.000000,+00000.000000,+00000.000000
      TextureV +00000.000000,+00001.000000,+00000.000000
      Vertex   -00032.000000,+00013.000000,-00024.000000
      Vertex   -00032.000000,+00021.000000,-00024.000000
      Vertex   +00032.000000,+00021.000000,-00024.000000
      Vertex   +00032.000000,+00013.000000,-00024.000000
   End Polygon
   Begin Polygon Item=OUTSIDE Texture=pa_woodfloor_a Flags=1082130464 Link=36
      Origin   -03744.000000,+00205.000000,-00024.000000
      Normal   +00000.000000,+00000.000000,-00001.000000
      TextureU +00001.000000,+00000.000000,+00000.000000
      TextureV +00000.000000,+00001.000000,+00000.000000
      Vertex   -00032.000000,-00015.000000,-00024.000000
      Vertex   -00032.000000,+00009.000000,-00024.000000
      Vertex   +00032.000000,+00009.000000,-00024.000000
      Vertex   +00032.000000,-00015.000000,-00024.000000
   End Polygon
   Begin Polygon Item=OUTSIDE Texture=pa_woodfloor_a Flags=1082130464 Link=36
      Origin   -03744.000000,+00205.000000,-00024.000000
      Normal   +00000.000000,+00000.000000,-00001.000000
      TextureU +00001.000000,+00000.000000,+00000.000000
      TextureV +00000.000000,+00001.000000,+00000.000000
      Vertex   +00016.000000,+00009.000000,-00024.000000
      Vertex   +00016.000000,+00013.000000,-00024.000000
      Vertex   +00032.000000,+00013.000000,-00024.000000
      Vertex   +00032.000000,+00009.000000,-00024.000000
   End Polygon
   Begin Polygon Item=OUTSIDE Texture=pa_woodfloor_a Flags=1082130464 Link=36
      Origin   -03744.000000,+00205.000000,-00024.000000
      Normal   +00000.000000,+00000.000000,-00001.000000
      TextureU +00001.000000,+00000.000000,+00000.000000
      TextureV +00000.000000,+00001.000000,+00000.000000
      Vertex   +00012.000000,+00009.000000,-00024.000000
      Vertex   -00012.000000,+00009.000000,-00024.000000
      Vertex   -00012.000000,+00013.000000,-00024.000000
      Vertex   +00012.000000,+00013.000000,-00024.000000
   End Polygon
   Begin Polygon Item=OUTSIDE Texture=pa_woodfloor_a Flags=1082130464 Link=36
      Origin   -03744.000000,+00205.000000,-00024.000000
      Normal   +00000.000000,+00000.000000,-00001.000000
      TextureU +00001.000000,+00000.000000,+00000.000000
      TextureV +00000.000000,+00001.000000,+00000.000000
      Vertex   -00016.000000,+00009.000000,-00024.000000
      Vertex   -00032.000000,+00009.000000,-00024.000000
      Vertex   -00032.000000,+00013.000000,-00024.000000
      Vertex   -00016.000000,+00013.000000,-00024.000000
   End Polygon
   Begin Polygon Item=OUTSIDE Texture=Ctcomb_6 Flags=1082130464 Link=41
      Origin   -03744.000000,+00205.000000,-00024.000000
      Normal   +00000.000000,+00000.000000,+00001.000000
      TextureU +00001.000000,+00000.000000,+00000.000000
      TextureV +00000.000000,+00001.000000,+00000.000000
      Vertex   -00016.000000,-00019.000000,-00024.000000
      Vertex   -00012.000000,-00019.000000,-00024.000000
      Vertex   -00012.000000,-00015.000000,-00024.000000
      Vertex   -00016.000000,-00015.000000,-00024.000000
   End Polygon
   Begin Polygon Item=OUTSIDE Texture=pa_woodfloor_a Flags=1082130464 Link=42
      Origin   +00032.000000,-00027.000000,+00384.000000
      Normal   +00000.000000,-00001.000000,+00000.000000
      TextureU +00001.000000,+00000.000000,+00000.000000
      TextureV +00000.000000,+00000.000000,-00001.000000
      Vertex   +00032.000000,-00027.000000,-00024.000000
      Vertex   +00032.000000,-00027.000000,-00020.000000
      Vertex   -00032.000000,-00027.000000,-00020.000000
      Vertex   -00032.000000,-00027.000000,-00024.000000
   End Polygon
   Begin Polygon Item=OUTSIDE Texture=pa_woodfloor_a Flags=1082130464 Link=43
      Origin   -00012.000000,-00015.000000,+00384.000000
      Normal   +00001.000000,+00000.000000,+00000.000000
      TextureU +00000.000000,+00001.000000,+00000.000000
      TextureV +00000.000000,+00000.000000,-00001.000000
      Vertex   -00012.000000,-00015.000000,-00032.000000
      Vertex   -00012.000000,-00015.000000,-00024.000000
      Vertex   -00012.000000,-00019.000000,-00024.000000
      Vertex   -00012.000000,-00019.000000,-00032.000000
   End Polygon
   Begin Polygon Item=OUTSIDE Texture=pa_woodfloor_a Flags=1082130464 Link=44
      Origin   +00016.000000,-00015.000000,+00384.000000
      Normal   +00001.000000,+00000.000000,+00000.000000
      TextureU +00000.000000,+00001.000000,+00000.000000
      TextureV +00000.000000,+00000.000000,-00001.000000
      Vertex   +00016.000000,-00015.000000,-00032.000000
      Vertex   +00016.000000,-00015.000000,-00024.000000
      Vertex   +00016.000000,-00019.000000,-00024.000000
      Vertex   +00016.000000,-00019.000000,-00032.000000
   End Polygon
   Begin Polygon Item=OUTSIDE Texture=pa_woodfloor_a Flags=1082130464 Link=45
      Origin   +00012.000000,-00019.000000,+00384.000000
      Normal   -00001.000000,+00000.000000,+00000.000000
      TextureU +00000.000000,-00001.000000,+00000.000000
      TextureV +00000.000000,+00000.000000,-00001.000000
      Vertex   +00012.000000,-00019.000000,-00032.000000
      Vertex   +00012.000000,-00019.000000,-00024.000000
      Vertex   +00012.000000,-00015.000000,-00024.000000
      Vertex   +00012.000000,-00015.000000,-00032.000000
   End Polygon
   Begin Polygon Item=OUTSIDE Texture=pa_woodfloor_a Flags=1082130464 Link=46
      Origin   +00016.000000,-00019.000000,+00384.000000
      Normal   +00000.000000,-00001.000000,+00000.000000
      TextureU +00001.000000,+00000.000000,+00000.000000
      TextureV +00000.000000,+00000.000000,-00001.000000
      Vertex   +00016.000000,-00019.000000,-00032.000000
      Vertex   +00016.000000,-00019.000000,-00024.000000
      Vertex   +00012.000000,-00019.000000,-00024.000000
      Vertex   +00012.000000,-00019.000000,-00032.000000
   End Polygon
   Begin Polygon Item=OUTSIDE Texture=pa_woodfloor_a Flags=1082130464 Link=47
      Origin   -00016.000000,-00019.000000,+00384.000000
      Normal   -00001.000000,+00000.000000,+00000.000000
      TextureU +00000.000000,-00001.000000,+00000.000000
      TextureV +00000.000000,+00000.000000,-00001.000000
      Vertex   -00016.000000,-00019.000000,-00032.000000
      Vertex   -00016.000000,-00019.000000,-00024.000000
      Vertex   -00016.000000,-00015.000000,-00024.000000
      Vertex   -00016.000000,-00015.000000,-00032.000000
   End Polygon
   Begin Polygon Item=OUTSIDE Texture=pa_woodfloor_a Flags=1082130464 Link=48
      Origin   -00012.000000,-00019.000000,+00384.000000
      Normal   +00000.000000,-00001.000000,+00000.000000
      TextureU +00001.000000,+00000.000000,+00000.000000
      TextureV +00000.000000,+00000.000000,-00001.000000
      Vertex   -00012.000000,-00019.000000,-00032.000000
      Vertex   -00012.000000,-00019.000000,-00024.000000
      Vertex   -00016.000000,-00019.000000,-00024.000000
      Vertex   -00016.000000,-00019.000000,-00032.000000
   End Polygon
   Begin Polygon Item=OUTSIDE Texture=pa_woodfloor_a Flags=1082130464 Link=36
      Origin   -03744.000000,+00205.000000,-00024.000000
      Normal   +00000.000000,+00000.000000,-00001.000000
      TextureU +00001.000000,+00000.000000,+00000.000000
      TextureV +00000.000000,+00001.000000,+00000.000000
      Vertex   -00012.000000,-00019.000000,-00024.000000
      Vertex   -00012.000000,-00015.000000,-00024.000000
      Vertex   +00032.000000,-00015.000000,-00024.000000
      Vertex   +00032.000000,-00019.000000,-00024.000000
   End Polygon
   Begin Polygon Item=OUTSIDE Texture=pa_woodfloor_a Flags=1082130464 Link=36
      Origin   -03744.000000,+00205.000000,-00024.000000
      Normal   +00000.000000,+00000.000000,-00001.000000
      TextureU +00001.000000,+00000.000000,+00000.000000
      TextureV +00000.000000,+00001.000000,+00000.000000
      Vertex   -00016.000000,-00019.000000,-00024.000000
      Vertex   -00032.000000,-00019.000000,-00024.000000
      Vertex   -00032.000000,-00015.000000,-00024.000000
      Vertex   -00016.000000,-00015.000000,-00024.000000
   End Polygon
   Begin Polygon Item=OUTSIDE Texture=pa_woodfloor_a Flags=1082130464 Link=36
      Origin   -03744.000000,+00205.000000,-00024.000000
      Normal   +00000.000000,+00000.000000,-00001.000000
      TextureU +00001.000000,+00000.000000,+00000.000000
      TextureV +00000.000000,+00001.000000,+00000.000000
      Vertex   +00032.000000,-00027.000000,-00024.000000
      Vertex   -00032.000000,-00027.000000,-00024.000000
      Vertex   -00032.000000,-00019.000000,-00024.000000
      Vertex   +00032.000000,-00019.000000,-00024.000000
   End Polygon
   Begin Polygon Item=OUTSIDE Texture=pa_woodfloor_a Flags=1082130464 Link=52
      Origin   +00012.000000,-00015.000000,+00384.000000
      Normal   +00000.000000,+00001.000000,+00000.000000
      TextureU -00001.000000,+00000.000000,+00000.000000
      TextureV +00000.000000,+00000.000000,-00001.000000
      Vertex   +00012.000000,-00015.000000,-00032.000000
      Vertex   +00012.000000,-00015.000000,-00024.000000
      Vertex   +00016.000000,-00015.000000,-00024.000000
      Vertex   +00016.000000,-00015.000000,-00032.000000
   End Polygon
   Begin Polygon Item=OUTSIDE Texture=Ctcomb_6 Flags=1082130464 Link=53
      Origin   -03744.000000,+00204.999878,-00032.000000
      Normal   +00000.000000,+00000.000000,-00001.000000
      TextureU +00001.000000,+00000.000000,+00000.000000
      TextureV +00000.000000,+00001.000000,+00000.000000
      Vertex   -00016.000000,+00013.000000,-00032.000000
      Vertex   -00012.000000,+00013.000000,-00032.000000
      Vertex   -00012.000000,+00009.000000,-00032.000000
      Vertex   -00016.000000,+00009.000000,-00032.000000
   End Polygon
   Begin Polygon Item=OUTSIDE Texture=Ctcomb_6 Flags=1082130464 Link=54
      Origin   -03744.000000,+00204.999878,-00032.000000
      Normal   +00000.000000,+00000.000000,-00001.000000
      TextureU +00001.000000,+00000.000000,+00000.000000
      TextureV +00000.000000,+00001.000000,+00000.000000
      Vertex   +00012.000000,+00013.000000,-00032.000000
      Vertex   +00016.000000,+00013.000000,-00032.000000
      Vertex   +00016.000000,+00009.000000,-00032.000000
      Vertex   +00012.000000,+00009.000000,-00032.000000
   End Polygon
   Begin Polygon Item=OUTSIDE Texture=pa_interior_h_f Flags=1082130464 Link=55
      Origin   -03744.000000,+00204.999878,-00032.000000
      Normal   +00000.000000,+00000.000000,+00001.000000
      TextureU +00001.000000,+00000.000000,+00000.000000
      TextureV +00000.000000,+00001.000000,+00000.000000
      Vertex   +00012.000000,-00019.000000,-00032.000000
      Vertex   +00016.000000,-00019.000000,-00032.000000
      Vertex   +00016.000000,-00015.000000,-00032.000000
      Vertex   +00012.000000,-00015.000000,-00032.000000
   End Polygon
End PolyList
