Begin PolyList
   Begin Polygon Item=OUTSIDE Flags=-1073741824 Link=0
      Origin   -00090.000000,+00128.000000,-00064.000000
      Normal   +00000.000000,+00000.000000,-00001.000000
      TextureU +00000.000000,-00001.000000,+00000.000000
      TextureV -00001.000000,+00000.000000,+00000.000000
      Vertex   +00005.000000,-00007.999756,-00064.000000
      Vertex   -00011.000000,-00007.999756,-00064.000000
      Vertex   -00011.000000,+00008.000244,-00064.000000
      Vertex   +00005.000000,+00008.000244,-00064.000000
   End Polygon
   Begin Polygon Item=2DLoftSIDE Texture=pa_chteutble_a Flags=1082130464 Link=1
      Origin   -00088.667358,+00083.184021,-00064.000290
      Normal   +00000.541528,+00000.709488,-00000.450970
      TextureU -00000.794910,+00000.606727,+00000.000000
      TextureV -00000.273616,-00000.358481,-00000.892539
      Vertex   +00029.201416,+00023.729187,-00016.000015
      Vertex   +00027.506592,+00022.480286,-00019.999985
      Vertex   -00002.616333,+00045.472107,-00019.999985
      Vertex   -00002.595032,+00047.998291,-00016.000015
   End Polygon
   Begin Polygon Item=2DLoftSIDE Texture=pa_chteutble_a Flags=1082130464 Link=2
      Origin   +00604.999878,+00992.000305,-00023.999985
      Normal   +00000.000000,+00000.000000,-00001.000000
      TextureU +00001.000000,+00000.000000,+00000.000000
      TextureV +00000.000000,+00001.000000,+00000.000000
      Vertex   -00002.722900,+00032.840942,-00023.999954
      Vertex   +00019.032532,+00016.235779,-00023.999954
      Vertex   +00018.755432,-00016.605164,-00023.999954
      Vertex   -00003.277100,-00032.840942,-00023.999954
      Vertex   -00025.032532,-00016.235718,-00023.999954
      Vertex   -00024.755432,+00016.605225,-00023.999954
   End Polygon
   Begin Polygon Item=OUTSIDE Texture=pa_chteutble_a Flags=1082130464 Link=3
      Origin   +00605.000000,+00008.000244,-00064.000000
      Normal   +00000.000000,+00000.980581,-00000.196116
      TextureU -00001.000000,+00000.000000,+00000.000000
      TextureV +00000.000000,-00000.196116,-00000.980581
      Vertex   -00011.000000,+00008.000244,-00064.000000
      Vertex   -00019.000000,+00016.000244,-00024.000000
      Vertex   +00013.000000,+00016.000244,-00024.000000
      Vertex   +00005.000000,+00008.000244,-00064.000000
   End Polygon
   Begin Polygon Item=OUTSIDE Texture=pa_chteutble_a Flags=1082130464 Link=4
      Origin   +00605.000000,-00007.999756,-00064.000000
      Normal   +00000.000000,-00000.980581,-00000.196116
      TextureU +00001.000000,+00000.000000,+00000.000000
      TextureV +00000.000000,+00000.196116,-00000.980581
      Vertex   +00005.000000,-00007.999756,-00064.000000
      Vertex   +00013.000000,-00015.999756,-00024.000000
      Vertex   -00019.000000,-00015.999756,-00024.000000
      Vertex   -00011.000000,-00007.999756,-00064.000000
   End Polygon
   Begin Polygon Item=OUTSIDE Texture=pa_chteutble_a Flags=1082130464 Link=5
      Origin   +00005.000000,+00992.000244,-00064.000000
      Normal   +00000.980581,+00000.000000,-00000.196116
      TextureU +00000.000000,+00001.000000,+00000.000000
      TextureV -00000.196116,+00000.000000,-00000.980581
      Vertex   +00005.000000,+00008.000244,-00064.000000
      Vertex   +00013.000000,+00016.000244,-00024.000000
      Vertex   +00013.000000,-00015.999756,-00024.000000
      Vertex   +00005.000000,-00007.999756,-00064.000000
   End Polygon
   Begin Polygon Item=OUTSIDE Texture=pa_chteutble_a Flags=1082130464 Link=6
      Origin   -00011.000000,+00992.000244,-00064.000000
      Normal   -00000.980581,+00000.000000,-00000.196116
      TextureU +00000.000000,-00001.000000,+00000.000000
      TextureV +00000.196116,+00000.000000,-00000.980581
      Vertex   -00011.000000,-00007.999756,-00064.000000
      Vertex   -00019.000000,-00015.999756,-00024.000000
      Vertex   -00019.000000,+00016.000244,-00024.000000
      Vertex   -00011.000000,+00008.000244,-00064.000000
   End Polygon
   Begin Polygon Item=2DLoftSIDE Texture=pa_chteutble_a Flags=1082130464 Link=7
      Origin   -00006.376709,+00997.158447,-00063.999901
      Normal   -00000.921601,+00000.007776,-00000.388060
      TextureU -00000.008437,-00000.999964,+00000.000000
      TextureV +00000.388046,-00000.003274,-00000.921634
      Vertex   -00034.796448,+00024.269165,-00016.000015
      Vertex   -00033.122925,+00022.991821,-00019.999985
      Vertex   -00033.506592,-00022.480225,-00019.999985
      Vertex   -00035.201416,-00023.729126,-00016.000015
   End Polygon
   Begin Polygon Item=2DLoftSIDE Texture=pa_chteutble_a Flags=1082130464 Link=8
      Origin   +00856.388733,+00650.855774,-00064.000069
      Normal   -00000.529480,+00000.718524,-00000.450970
      TextureU -00000.805035,-00000.593228,+00000.000000
      TextureV +00000.267529,-00000.363047,-00000.892539
      Vertex   -00033.122925,+00022.991821,-00019.999985
      Vertex   -00034.796448,+00024.269165,-00016.000015
      Vertex   -00002.595032,+00047.998291,-00016.000015
      Vertex   -00002.616333,+00045.472107,-00019.999985
   End Polygon
   Begin Polygon Item=2DLoftSIDE Texture=pa_chteutble_a Flags=1082130464 Link=9
      Origin   +00017.201172,+00996.959534,-00064.000130
      Normal   +00000.921601,-00000.007776,-00000.388060
      TextureU +00000.008437,+00000.999964,+00000.000000
      TextureV -00000.388046,+00000.003274,-00000.921634
      Vertex   +00027.506592,+00022.480286,-00019.999985
      Vertex   +00029.201416,+00023.729187,-00016.000015
      Vertex   +00028.796448,-00024.269104,-00016.000015
      Vertex   +00027.122925,-00022.991760,-00019.999985
   End Polygon
   Begin Polygon Item=2DLoftSIDE Texture=pa_chteutble_a Flags=1082130464 Link=10
      Origin   +00605.000000,+00992.000244,-00016.000000
      Normal   +00000.000000,+00000.000000,+00001.000000
      TextureU +00001.000000,+00000.000000,+00000.000000
      TextureV +00000.000000,+00001.000000,+00000.000000
      Vertex   +00029.201416,+00023.729187,-00016.000015
      Vertex   -00002.595032,+00047.998291,-00016.000015
      Vertex   -00034.796448,+00024.269165,-00016.000015
      Vertex   -00035.201416,-00023.729126,-00016.000015
      Vertex   -00003.404968,-00047.998291,-00016.000015
      Vertex   +00028.796448,-00024.269104,-00016.000015
   End Polygon
   Begin Polygon Item=2DLoftSIDE Texture=pa_chteutble_a Flags=1082130464 Link=11
      Origin   +00067.726929,+00996.533264,-00064.000000
      Normal   -00000.429038,+00000.003620,-00000.903279
      TextureU -00000.008437,-00000.999964,+00000.000000
      TextureV +00000.903247,-00000.007621,-00000.429053
      Vertex   -00033.122925,+00022.991821,-00019.999985
      Vertex   -00024.755432,+00016.605225,-00023.999954
      Vertex   -00025.032532,-00016.235718,-00023.999954
      Vertex   -00033.506592,-00022.480225,-00019.999985
   End Polygon
   Begin Polygon Item=2DLoftSIDE Texture=pa_chteutble_a Flags=1082130464 Link=12
      Origin   +00909.142578,+00579.266724,-00063.999897
      Normal   -00000.218335,+00000.296289,-00000.929808
      TextureU -00000.805035,-00000.593228,+00000.000000
      TextureV +00000.551588,-00000.748527,-00000.368046
      Vertex   -00033.122925,+00022.991821,-00019.999985
      Vertex   -00002.616333,+00045.472107,-00019.999985
      Vertex   -00002.722900,+00032.840942,-00023.999954
      Vertex   -00024.755432,+00016.605225,-00023.999954
   End Polygon
   Begin Polygon Item=2DLoftSIDE Texture=pa_chteutble_a Flags=1082130464 Link=13
      Origin   -00142.621582,+00012.495789,-00063.999706
      Normal   +00000.223303,+00000.292563,-00000.929808
      TextureU -00000.794910,+00000.606727,+00000.000000
      TextureV -00000.564140,-00000.739114,-00000.368046
      Vertex   -00002.722900,+00032.840942,-00023.999954
      Vertex   -00002.616333,+00045.472107,-00019.999985
      Vertex   +00027.506592,+00022.480286,-00019.999985
      Vertex   +00019.032532,+00016.235779,-00023.999954
   End Polygon
   Begin Polygon Item=2DLoftSIDE Texture=pa_chteutble_a Flags=1082130464 Link=14
      Origin   -00056.902039,+00997.584839,-00063.999878
      Normal   +00000.429038,-00000.003620,-00000.903279
      TextureU +00000.008437,+00000.999964,+00000.000000
      TextureV -00000.903247,+00000.007621,-00000.429053
      Vertex   +00027.506592,+00022.480286,-00019.999985
      Vertex   +00027.122925,-00022.991760,-00019.999985
      Vertex   +00018.755432,-00016.605164,-00023.999954
      Vertex   +00019.032532,+00016.235779,-00023.999954
   End Polygon
   Begin Polygon Item=2DLoftSIDE Texture=pa_chteutble_a Flags=1082130464 Link=15
      Origin   -00105.834167,+00060.692810,-00064.000320
      Normal   -00000.541528,-00000.709488,-00000.450971
      TextureU +00000.794910,-00000.606727,+00000.000000
      TextureV +00000.273616,+00000.358481,-00000.892539
      Vertex   -00035.201416,-00023.729126,-00016.000015
      Vertex   -00033.506592,-00022.480225,-00019.999985
      Vertex   -00003.383667,-00045.472046,-00019.999985
      Vertex   -00003.404968,-00047.998291,-00016.000015
   End Polygon
   Begin Polygon Item=2DLoftSIDE Texture=pa_chteutble_a Flags=1082130464 Link=16
      Origin   +00873.000000,+00628.000122,-00064.000000
      Normal   +00000.529479,-00000.718524,-00000.450971
      TextureU +00000.805034,+00000.593228,+00000.000000
      TextureV -00000.267529,+00000.363047,-00000.892539
      Vertex   -00003.404968,-00047.998291,-00016.000015
      Vertex   -00003.383667,-00045.472046,-00019.999985
      Vertex   +00027.122925,-00022.991760,-00019.999985
      Vertex   +00028.796448,-00024.269104,-00016.000015
   End Polygon
   Begin Polygon Item=2DLoftSIDE Texture=pa_chteutble_a Flags=1082130464 Link=17
      Origin   -00051.879517,+00131.382507,-00064.000290
      Normal   -00000.223303,-00000.292563,-00000.929808
      TextureU +00000.794910,-00000.606727,+00000.000000
      TextureV +00000.564140,+00000.739114,-00000.368046
      Vertex   -00033.506592,-00022.480225,-00019.999985
      Vertex   -00025.032532,-00016.235718,-00023.999954
      Vertex   -00003.277100,-00032.840942,-00023.999954
      Vertex   -00003.383667,-00045.472046,-00019.999985
   End Polygon
   Begin Polygon Item=2DLoftSIDE Texture=pa_chteutble_a Flags=1082130464 Link=18
      Origin   +00820.419434,+00699.667603,-00064.000122
      Normal   +00000.218335,-00000.296289,-00000.929808
      TextureU +00000.805034,+00000.593228,+00000.000000
      TextureV -00000.551588,+00000.748527,-00000.368046
      Vertex   -00003.383667,-00045.472046,-00019.999985
      Vertex   -00003.277100,-00032.840942,-00023.999954
      Vertex   +00018.755432,-00016.605164,-00023.999954
      Vertex   +00027.122925,-00022.991760,-00019.999985
   End Polygon
End PolyList
