Begin PolyList
   Begin Polygon Item=Outer Texture=ClenClub_Wall_A Flags=1073741824 Link=0
      Origin   -00032.000000,+00006.365234,+00129.000092
      Normal   -00000.923880,+00000.382683,+00000.000000
      TextureU -00000.382683,-00000.923880,+00000.000000
      TextureV +00000.000000,+00000.000000,-00001.000000
      Vertex   -00032.000000,+00006.365234,+00001.000000
      Vertex   -00032.000000,+00006.365234,+00009.000000
      Vertex   -00027.128174,+00018.126587,+00009.000000
      Vertex   -00027.128174,+00018.126587,+00001.000000
   End Polygon
   Begin Polygon Item=Base Texture=ClenClub_Wall_A Flags=1073741824 Link=1
      Origin   +00000.000000,+00000.000000,+00001.000000
      Normal   +00000.000000,+00000.000000,-00001.000000
      TextureU +00008.889120,-00013.303520,+00000.000000
      TextureV -00013.303520,-00008.889120,+00000.000000
      Vertex   +00004.000000,+00032.000000,+00001.000000
      Vertex   +00006.365234,+00032.000000,+00001.000000
      Vertex   +00018.126465,+00027.128296,+00001.000000
      Vertex   +00027.128174,+00018.126587,+00001.000000
      Vertex   +00032.000000,+00006.365234,+00001.000000
      Vertex   +00032.000000,-00006.365173,+00001.000000
      Vertex   +00027.128174,-00018.126526,+00001.000000
      Vertex   +00018.126465,-00027.128296,+00001.000000
      Vertex   +00006.365234,-00032.000000,+00001.000000
      Vertex   +00004.000000,-00032.000000,+00001.000000
   End Polygon
   Begin Polygon Item=OUTSIDE Texture=ShipGrayMetal_A Flags=1073741824 Link=2
      Origin   -00016.000000,+00016.000000,-00027.000000
      Normal   +00000.000000,+00000.000000,+00001.000000
      TextureU +00001.000000,+00000.000000,+00000.000000
      TextureV -00000.000000,+00001.000000,+00000.000000
      Vertex   +00004.000000,+00008.000000,-00027.000000
      Vertex   +00004.000000,-00008.000000,-00027.000000
      Vertex   +00008.000000,-00008.000000,-00027.000000
      Vertex   +00008.000000,+00008.000000,-00027.000000
   End Polygon
   Begin Polygon Item=OUTSIDE Texture=ShipGrayMetal_A Flags=1073741824 Link=3
      Origin   +00004.000000,-00004.000061,-00027.000000
      Normal   +00000.000000,-00001.000000,+00000.000000
      TextureU -00001.000000,-00000.000000,+00000.000000
      TextureV +00000.000000,+00000.000000,-00001.000000
      Vertex   +00004.000000,-00004.000061,+00001.000002
      Vertex   -00004.000000,-00004.000061,+00001.000002
      Vertex   -00004.000000,-00004.000061,-00027.000000
      Vertex   +00004.000000,-00004.000061,-00027.000000
   End Polygon
   Begin Polygon Item=OUTSIDE Texture=ShipGrayMetal_A Flags=1073741824 Link=4
      Origin   +00004.000000,+00004.000000,-00027.000000
      Normal   +00001.000000,+00000.000000,+00000.000000
      TextureU +00000.000000,-00001.000000,+00000.000000
      TextureV +00000.000000,+00000.000000,-00001.000000
      Vertex   +00004.000000,+00004.000000,+00001.000002
      Vertex   +00004.000000,-00004.000061,+00001.000002
      Vertex   +00004.000000,-00004.000061,-00027.000000
      Vertex   +00004.000000,+00004.000000,-00027.000000
   End Polygon
   Begin Polygon Item=OUTSIDE Texture=ShipGrayMetal_A Flags=1073741824 Link=5
      Origin   -00004.000000,-00004.000061,-00027.000000
      Normal   -00001.000000,-00000.000000,+00000.000000
      TextureU -00000.000000,+00001.000000,+00000.000000
      TextureV +00000.000000,+00000.000000,-00001.000000
      Vertex   -00004.000000,-00004.000061,+00001.000002
      Vertex   -00004.000000,+00004.000000,+00001.000002
      Vertex   -00004.000000,+00004.000000,-00027.000000
      Vertex   -00004.000000,-00004.000061,-00027.000000
   End Polygon
   Begin Polygon Item=OUTSIDE Texture=ShipGrayMetal_A Flags=1073741824 Link=6
      Origin   -00004.000000,+00004.000000,-00027.000000
      Normal   -00000.000000,+00001.000000,+00000.000000
      TextureU +00001.000000,+00000.000000,+00000.000000
      TextureV +00000.000000,+00000.000000,-00001.000000
      Vertex   -00004.000000,+00004.000000,+00001.000002
      Vertex   +00004.000000,+00004.000000,+00001.000002
      Vertex   +00004.000000,+00004.000000,-00027.000000
      Vertex   -00004.000000,+00004.000000,-00027.000000
   End Polygon
   Begin Polygon Item=OUTSIDE Texture=ShipGrayMetal_A Flags=1073741824 Link=7
      Origin   +00016.000000,+00016.000000,-00031.000000
      Normal   +00000.000000,+00000.000000,-00001.000000
      TextureU -00001.000000,-00000.000000,+00000.000000
      TextureV -00000.000000,+00001.000000,+00000.000000
      Vertex   +00016.000000,+00016.000000,-00031.000000
      Vertex   +00016.000000,-00016.000000,-00031.000000
      Vertex   -00016.000000,-00016.000000,-00031.000000
      Vertex   -00016.000000,+00016.000000,-00031.000000
   End Polygon
   Begin Polygon Item=OUTSIDE Texture=ShipGrayMetal_A Flags=1073741824 Link=8
      Origin   +00016.000000,+00016.000000,-00031.000000
      Normal   +00000.447213,+00000.000000,+00000.894427
      TextureU +00000.596285,-00000.745356,-00000.298142
      TextureV +00000.666667,+00000.666667,-00000.333333
      Vertex   +00016.000000,+00016.000000,-00031.000000
      Vertex   +00008.000000,+00008.000000,-00027.000000
      Vertex   +00008.000000,-00008.000000,-00027.000000
      Vertex   +00016.000000,-00016.000000,-00031.000000
   End Polygon
   Begin Polygon Item=OUTSIDE Texture=ShipGrayMetal_A Flags=1073741824 Link=9
      Origin   -00016.000000,-00016.000000,-00031.000000
      Normal   -00000.447213,-00000.000000,+00000.894427
      TextureU -00000.596285,+00000.745356,-00000.298142
      TextureV -00000.666667,-00000.666667,-00000.333333
      Vertex   -00016.000000,-00016.000000,-00031.000000
      Vertex   -00008.000000,-00008.000000,-00027.000000
      Vertex   -00008.000000,+00008.000000,-00027.000000
      Vertex   -00016.000000,+00016.000000,-00031.000000
   End Polygon
   Begin Polygon Item=OUTSIDE Texture=ShipGrayMetal_A Flags=1073741824 Link=10
      Origin   +00016.000000,-00016.000000,-00031.000000
      Normal   +00000.000000,-00000.447213,+00000.894427
      TextureU -00000.745356,-00000.596285,-00000.298142
      TextureV +00000.666667,-00000.666667,-00000.333333
      Vertex   +00016.000000,-00016.000000,-00031.000000
      Vertex   +00008.000000,-00008.000000,-00027.000000
      Vertex   -00008.000000,-00008.000000,-00027.000000
      Vertex   -00016.000000,-00016.000000,-00031.000000
   End Polygon
   Begin Polygon Item=OUTSIDE Texture=ShipGrayMetal_A Flags=1073741824 Link=11
      Origin   -00016.000000,+00016.000000,-00031.000000
      Normal   -00000.000000,+00000.447213,+00000.894427
      TextureU +00000.745356,+00000.596285,-00000.298142
      TextureV -00000.666667,+00000.666667,-00000.333333
      Vertex   -00016.000000,+00016.000000,-00031.000000
      Vertex   -00008.000000,+00008.000000,-00027.000000
      Vertex   +00008.000000,+00008.000000,-00027.000000
      Vertex   +00016.000000,+00016.000000,-00031.000000
   End Polygon
   Begin Polygon Item=OUTSIDE Texture=ShipGrayMetal_A Flags=1073741824 Link=2
      Origin   -00016.000000,+00016.000000,-00027.000000
      Normal   +00000.000000,+00000.000000,+00001.000000
      TextureU +00001.000000,+00000.000000,+00000.000000
      TextureV -00000.000000,+00001.000000,+00000.000000
      Vertex   -00004.000000,+00008.000000,-00027.000000
      Vertex   -00008.000000,+00008.000000,-00027.000000
      Vertex   -00008.000000,-00008.000000,-00027.000000
      Vertex   -00004.000000,-00008.000000,-00027.000000
   End Polygon
   Begin Polygon Item=OUTSIDE Texture=ShipGrayMetal_A Flags=1073741824 Link=2
      Origin   -00016.000000,+00016.000000,-00027.000000
      Normal   +00000.000000,+00000.000000,+00001.000000
      TextureU +00001.000000,+00000.000000,+00000.000000
      TextureV -00000.000000,+00001.000000,+00000.000000
      Vertex   +00004.000000,-00004.000061,-00027.000000
      Vertex   -00004.000000,-00004.000061,-00027.000000
      Vertex   -00004.000000,-00008.000000,-00027.000000
      Vertex   +00004.000000,-00008.000000,-00027.000000
   End Polygon
   Begin Polygon Item=OUTSIDE Texture=ShipGrayMetal_A Flags=1073741824 Link=2
      Origin   -00016.000000,+00016.000000,-00027.000000
      Normal   +00000.000000,+00000.000000,+00001.000000
      TextureU +00001.000000,+00000.000000,+00000.000000
      TextureV -00000.000000,+00001.000000,+00000.000000
      Vertex   +00004.000000,+00004.000000,-00027.000000
      Vertex   +00004.000000,+00008.000000,-00027.000000
      Vertex   -00004.000000,+00008.000000,-00027.000000
      Vertex   -00004.000000,+00004.000000,-00027.000000
   End Polygon
   Begin Polygon Item=Outer Texture=ClenClub_Wall_A Flags=1073741824 Link=15
      Origin   +00018.126465,-00027.128296,+00129.000092
      Normal   +00000.382684,-00000.923879,+00000.000000
      TextureU +00000.923879,+00000.382684,+00000.000000
      TextureV +00000.000000,+00000.000000,-00001.000000
      Vertex   +00018.126465,-00027.128296,+00001.000000
      Vertex   +00018.126465,-00027.128296,+00009.000000
      Vertex   +00006.365234,-00032.000000,+00009.000000
      Vertex   +00006.365234,-00032.000000,+00001.000000
   End Polygon
   Begin Polygon Item=Base Texture=ClenClub_Wall_A Flags=1073741824 Link=16
      Origin   -00128.000000,-00592.000061,+00009.000003
      Normal   +00000.000000,+00000.000000,+00001.000000
      TextureU +00000.000000,-00002.000000,+00000.000000
      TextureV +00002.000000,+00000.000000,+00000.000000
      Vertex   +00006.365234,-00032.000000,+00009.000000
      Vertex   +00018.126465,-00027.128296,+00009.000000
      Vertex   +00027.128174,-00018.126526,+00009.000000
      Vertex   +00032.000000,-00006.365173,+00009.000000
      Vertex   +00032.000000,+00006.365234,+00009.000000
      Vertex   +00027.128174,+00018.126587,+00009.000000
      Vertex   +00000.000000,+00000.000000,+00009.000000
      Vertex   -00006.365234,-00032.000000,+00009.000000
   End Polygon
   Begin Polygon Item=Outer Texture=ClenClub_Wall_A Flags=1073741824 Link=17
      Origin   -00018.126465,+00027.128296,+00129.000092
      Normal   -00000.382683,+00000.923880,+00000.000000
      TextureU -00000.923879,-00000.382684,-00000.000000
      TextureV +00000.000000,+00000.000000,-00001.000000
      Vertex   -00006.365234,+00032.000000,+00009.000000
      Vertex   -00006.365234,+00032.000000,+00001.000000
      Vertex   -00018.126465,+00027.128296,+00001.000000
      Vertex   -00018.126465,+00027.128296,+00009.000000
   End Polygon
   Begin Polygon Item=Outer Texture=ClenClub_Wall_A Flags=1073741824 Link=18
      Origin   +00027.128174,-00018.126526,+00129.000092
      Normal   +00000.707106,-00000.707107,-00000.000000
      TextureU +00000.707107,+00000.707106,-00000.000000
      TextureV +00000.000000,+00000.000000,-00001.000000
      Vertex   +00027.128174,-00018.126526,+00001.000000
      Vertex   +00027.128174,-00018.126526,+00009.000000
      Vertex   +00018.126465,-00027.128296,+00009.000000
      Vertex   +00018.126465,-00027.128296,+00001.000000
   End Polygon
   Begin Polygon Item=Outer Texture=ClenClub_Wall_A Flags=1073741824 Link=19
      Origin   +00032.000000,-00006.365173,+00129.000092
      Normal   +00000.923880,-00000.382683,+00000.000000
      TextureU +00000.382683,+00000.923880,+00000.000000
      TextureV +00000.000000,+00000.000000,-00001.000000
      Vertex   +00032.000000,-00006.365173,+00001.000000
      Vertex   +00032.000000,-00006.365173,+00009.000000
      Vertex   +00027.128174,-00018.126526,+00009.000000
      Vertex   +00027.128174,-00018.126526,+00001.000000
   End Polygon
   Begin Polygon Item=Outer Texture=ClenClub_Wall_A Flags=1073741824 Link=20
      Origin   +00032.000000,+00006.365234,+00129.000092
      Normal   +00001.000000,+00000.000000,+00000.000000
      TextureU -00000.000000,+00001.000000,+00000.000000
      TextureV +00000.000000,+00000.000000,-00001.000000
      Vertex   +00032.000000,+00006.365234,+00001.000000
      Vertex   +00032.000000,+00006.365234,+00009.000000
      Vertex   +00032.000000,-00006.365173,+00009.000000
      Vertex   +00032.000000,-00006.365173,+00001.000000
   End Polygon
   Begin Polygon Item=Outer Texture=ClenClub_Wall_A Flags=1073741824 Link=21
      Origin   +00027.128174,+00018.126587,+00129.000092
      Normal   +00000.923879,+00000.382684,+00000.000000
      TextureU -00000.382683,+00000.923880,+00000.000000
      TextureV +00000.000000,+00000.000000,-00001.000000
      Vertex   +00027.128174,+00018.126587,+00001.000000
      Vertex   +00027.128174,+00018.126587,+00009.000000
      Vertex   +00032.000000,+00006.365234,+00009.000000
      Vertex   +00032.000000,+00006.365234,+00001.000000
   End Polygon
   Begin Polygon Item=Outer Texture=ClenClub_Wall_A Flags=1073741824 Link=22
      Origin   +00018.126465,+00027.128296,+00129.000092
      Normal   +00000.707107,+00000.707106,-00000.000000
      TextureU -00000.707107,+00000.707107,-00000.000000
      TextureV +00000.000000,+00000.000000,-00001.000000
      Vertex   +00018.126465,+00027.128296,+00001.000000
      Vertex   +00018.126465,+00027.128296,+00009.000000
      Vertex   +00027.128174,+00018.126587,+00009.000000
      Vertex   +00027.128174,+00018.126587,+00001.000000
   End Polygon
   Begin Polygon Item=Outer Texture=ClenClub_Wall_A Flags=1073741824 Link=23
      Origin   +00006.365234,+00032.000000,+00129.000092
      Normal   +00000.382683,+00000.923880,+00000.000000
      TextureU -00000.923880,+00000.382683,+00000.000000
      TextureV +00000.000000,+00000.000000,-00001.000000
      Vertex   +00006.365234,+00032.000000,+00001.000000
      Vertex   +00006.365234,+00032.000000,+00009.000000
      Vertex   +00018.126465,+00027.128296,+00009.000000
      Vertex   +00018.126465,+00027.128296,+00001.000000
   End Polygon
   Begin Polygon Item=Outer Texture=ClenClub_Wall_A Flags=1073741824 Link=24
      Origin   -00006.365234,+00032.000000,+00129.000092
      Normal   -00000.000000,+00001.000000,+00000.000000
      TextureU -00001.000000,-00000.000000,+00000.000000
      TextureV +00000.000000,+00000.000000,-00001.000000
      Vertex   -00006.365234,+00032.000000,+00001.000000
      Vertex   -00006.365234,+00032.000000,+00009.000000
      Vertex   +00006.365234,+00032.000000,+00009.000000
      Vertex   +00006.365234,+00032.000000,+00001.000000
   End Polygon
   Begin Polygon Item=Outer Texture=ClenClub_Wall_A Flags=1073741824 Link=25
      Origin   -00006.365234,-00032.000000,+00129.000092
      Normal   -00000.382683,-00000.923880,+00000.000000
      TextureU +00000.923880,-00000.382683,+00000.000000
      TextureV +00000.000000,+00000.000000,-00001.000000
      Vertex   -00006.365234,-00032.000000,+00001.000000
      Vertex   -00006.365234,-00032.000000,+00009.000000
      Vertex   -00018.126465,-00027.128296,+00009.000000
      Vertex   -00018.126465,-00027.128296,+00001.000000
   End Polygon
   Begin Polygon Item=Outer Texture=ClenClub_Wall_A Flags=1073741824 Link=26
      Origin   +00006.365234,-00032.000000,+00129.000092
      Normal   +00000.000000,-00001.000000,+00000.000000
      TextureU +00001.000000,+00000.000000,+00000.000000
      TextureV +00000.000000,+00000.000000,-00001.000000
      Vertex   +00006.365234,-00032.000000,+00001.000000
      Vertex   +00006.365234,-00032.000000,+00009.000000
      Vertex   -00006.365234,-00032.000000,+00009.000000
      Vertex   -00006.365234,-00032.000000,+00001.000000
   End Polygon
   Begin Polygon Item=Outer Texture=ClenClub_Wall_A Flags=1073741824 Link=27
      Origin   -00027.128174,+00018.126587,+00129.000092
      Normal   -00000.707107,+00000.707107,-00000.000000
      TextureU -00000.707107,-00000.707107,+00000.000000
      TextureV +00000.000000,+00000.000000,-00001.000000
      Vertex   -00027.128174,+00018.126587,+00001.000000
      Vertex   -00027.128174,+00018.126587,+00009.000000
      Vertex   -00018.126465,+00027.128296,+00009.000000
      Vertex   -00018.126465,+00027.128296,+00001.000000
   End Polygon
   Begin Polygon Item=Outer Texture=ClenClub_Wall_A Flags=1073741824 Link=28
      Origin   -00032.000000,-00006.365173,+00129.000092
      Normal   -00001.000000,-00000.000000,+00000.000000
      TextureU +00000.000000,-00001.000000,+00000.000000
      TextureV +00000.000000,+00000.000000,-00001.000000
      Vertex   -00032.000000,-00006.365173,+00001.000000
      Vertex   -00032.000000,-00006.365173,+00009.000000
      Vertex   -00032.000000,+00006.365234,+00009.000000
      Vertex   -00032.000000,+00006.365234,+00001.000000
   End Polygon
   Begin Polygon Item=Outer Texture=ClenClub_Wall_A Flags=1073741824 Link=29
      Origin   -00027.128174,-00018.126526,+00129.000092
      Normal   -00000.923879,-00000.382684,-00000.000000
      TextureU +00000.382684,-00000.923879,+00000.000000
      TextureV +00000.000000,+00000.000000,-00001.000000
      Vertex   -00027.128174,-00018.126526,+00001.000000
      Vertex   -00027.128174,-00018.126526,+00009.000000
      Vertex   -00032.000000,-00006.365173,+00009.000000
      Vertex   -00032.000000,-00006.365173,+00001.000000
   End Polygon
   Begin Polygon Item=Outer Texture=ClenClub_Wall_A Flags=1073741824 Link=30
      Origin   -00018.126465,-00027.128296,+00129.000092
      Normal   -00000.707107,-00000.707107,+00000.000000
      TextureU +00000.707106,-00000.707107,-00000.000000
      TextureV +00000.000000,+00000.000000,-00001.000000
      Vertex   -00018.126465,-00027.128296,+00001.000000
      Vertex   -00018.126465,-00027.128296,+00009.000000
      Vertex   -00027.128174,-00018.126526,+00009.000000
      Vertex   -00027.128174,-00018.126526,+00001.000000
   End Polygon
   Begin Polygon Item=Base Texture=ClenClub_Wall_A Flags=1073741824 Link=16
      Origin   -00128.000000,-00592.000061,+00009.000003
      Normal   +00000.000000,+00000.000000,+00001.000000
      TextureU +00000.000000,-00002.000000,+00000.000000
      TextureV +00002.000000,+00000.000000,+00000.000000
      Vertex   +00000.000000,+00000.000000,+00009.000000
      Vertex   +00027.128174,+00018.126587,+00009.000000
      Vertex   +00018.126465,+00027.128296,+00009.000000
      Vertex   +00006.365234,+00032.000000,+00009.000000
      Vertex   -00006.365234,+00032.000000,+00009.000000
      Vertex   -00018.126465,+00027.128296,+00009.000000
      Vertex   -00027.128174,+00018.126587,+00009.000000
   End Polygon
   Begin Polygon Item=Base Texture=ClenClub_Wall_A Flags=1073741824 Link=16
      Origin   -00128.000000,-00592.000061,+00009.000003
      Normal   +00000.000000,+00000.000000,+00001.000000
      TextureU +00000.000000,-00002.000000,+00000.000000
      TextureV +00002.000000,+00000.000000,+00000.000000
      Vertex   -00006.365234,-00032.000000,+00009.000000
      Vertex   +00000.000000,+00000.000000,+00009.000000
      Vertex   -00027.128174,+00018.126587,+00009.000000
      Vertex   -00032.000000,+00006.365234,+00009.000000
      Vertex   -00032.000000,-00006.365173,+00009.000000
      Vertex   -00027.128174,-00018.126526,+00009.000000
      Vertex   -00018.126465,-00027.128296,+00009.000000
   End Polygon
   Begin Polygon Item=Base Texture=ClenClub_Wall_A Flags=1073741824 Link=1
      Origin   +00000.000000,+00000.000000,+00001.000000
      Normal   +00000.000000,+00000.000000,-00001.000000
      TextureU +00008.889120,-00013.303520,+00000.000000
      TextureV -00013.303520,-00008.889120,+00000.000000
      Vertex   +00004.000000,-00004.000061,+00001.000002
      Vertex   +00004.000000,-00032.000000,+00001.000000
      Vertex   -00004.000000,-00032.000000,+00001.000000
      Vertex   -00004.000000,-00004.000061,+00001.000002
   End Polygon
   Begin Polygon Item=Base Texture=ClenClub_Wall_A Flags=1073741824 Link=1
      Origin   +00000.000000,+00000.000000,+00001.000000
      Normal   +00000.000000,+00000.000000,-00001.000000
      TextureU +00008.889120,-00013.303520,+00000.000000
      TextureV -00013.303520,-00008.889120,+00000.000000
      Vertex   -00006.365234,+00032.000000,+00001.000000
      Vertex   -00004.000000,+00032.000000,+00001.000000
      Vertex   -00004.000000,-00032.000000,+00001.000000
      Vertex   -00006.365234,-00032.000000,+00001.000000
      Vertex   -00018.126465,-00027.128296,+00001.000000
      Vertex   -00027.128174,-00018.126526,+00001.000000
      Vertex   -00032.000000,-00006.365173,+00001.000000
      Vertex   -00032.000000,+00006.365234,+00001.000000
      Vertex   -00027.128174,+00018.126587,+00001.000000
      Vertex   -00018.126465,+00027.128296,+00001.000000
   End Polygon
   Begin Polygon Item=Base Texture=ClenClub_Wall_A Flags=1073741824 Link=1
      Origin   +00000.000000,+00000.000000,+00001.000000
      Normal   +00000.000000,+00000.000000,-00001.000000
      TextureU +00008.889120,-00013.303520,+00000.000000
      TextureV -00013.303520,-00008.889120,+00000.000000
      Vertex   +00004.000000,+00004.000000,+00001.000002
      Vertex   -00004.000000,+00004.000000,+00001.000002
      Vertex   -00004.000000,+00032.000000,+00001.000000
      Vertex   +00004.000000,+00032.000000,+00001.000000
   End Polygon
End PolyList
