Begin PolyList
   Begin Polygon Item=OUTSIDE Flags=-1073741824 Link=0
      Origin   -00160.000000,+00128.000000,-00150.000000
      Normal   +00000.000000,+00000.000000,-00001.000000
      TextureU +00000.000000,-00001.000000,+00000.000000
      TextureV -00001.000000,+00000.000000,+00000.000000
      Vertex   -00051.000000,-00096.000000,-00150.000000
      Vertex   +00061.000122,-00096.000000,-00150.000000
      Vertex   +00061.000122,-00128.000000,-00150.000000
      Vertex   -00051.000000,-00128.000000,-00150.000000
   End Polygon
   Begin Polygon Item=OUTSIDE Flags=-1073741824 Link=0
      Origin   -00160.000000,+00128.000000,-00150.000000
      Normal   +00000.000000,+00000.000000,-00001.000000
      TextureU +00000.000000,-00001.000000,+00000.000000
      TextureV -00001.000000,+00000.000000,+00000.000000
      Vertex   -00045.911743,+00058.911621,-00150.000000
      Vertex   +00005.000244,+00080.000000,-00150.000000
      Vertex   +00055.911499,+00058.911865,-00150.000000
      Vertex   +00077.000000,+00008.000000,-00150.000000
      Vertex   +00055.911621,-00042.911621,-00150.000000
      Vertex   +00004.999756,-00064.000000,-00150.000000
      Vertex   -00045.911743,-00042.911621,-00150.000000
      Vertex   -00067.000000,+00008.000000,-00150.000000
   End Polygon
   Begin Polygon Item=OUTSIDE Flags=-1073741824 Link=2
      Origin   +00160.000000,-00128.000000,-00150.000000
      Normal   +00000.000000,-00001.000000,+00000.000000
      TextureU -00001.000000,+00000.000000,+00000.000000
      TextureV +00000.000000,+00000.000000,-00001.000000
      Vertex   -00051.000000,-00128.000000,-00150.000000
      Vertex   +00061.000122,-00128.000000,-00150.000000
      Vertex   +00061.000122,-00128.000000,+00058.000000
      Vertex   -00051.000000,-00128.000000,+00058.000000
   End Polygon
   Begin Polygon Item=OUTSIDE Flags=-1073741824 Link=2
      Origin   +00160.000000,-00128.000000,-00150.000000
      Normal   +00000.000000,-00001.000000,+00000.000000
      TextureU -00001.000000,+00000.000000,+00000.000000
      TextureV +00000.000000,+00000.000000,-00001.000000
      Vertex   +00009.000366,-00128.000000,+00065.997070
      Vertex   +00009.000366,-00128.000000,+00058.000000
      Vertex   +00061.000122,-00128.000000,+00058.000000
      Vertex   +00061.000122,-00128.000000,+00065.997070
   End Polygon
   Begin Polygon Item=2DLoftSIDE Texture=ShipGrayMetal_A Flags=1073741824 Link=4
      Origin   +00134.569336,+00055.999512,-00054.000000
      Normal   +00000.000000,+00000.000000,-00001.000000
      TextureU +00000.524099,-00000.851658,+00000.000002
      TextureV -00000.851658,-00000.524099,+00000.000000
      Vertex   +00135.000000,+00056.000000,-00054.000000
      Vertex   +00117.000000,+00074.000000,-00054.000000
      Vertex   +00125.000000,+00087.000000,-00054.000000
      Vertex   +00148.031372,+00063.888672,-00054.000000
   End Polygon
   Begin Polygon Item=2DLoftSIDE Texture=UC_Panel_03 Flags=1073741824 Link=5
      Origin   -00275.010803,+00620.011475,+03050.000000
      Normal   +00000.372866,-00000.900181,+00000.225044
      Pan      U=-50 V=13
      TextureU +00000.923880,+00000.382682,+00000.000000
      TextureV +00000.086120,-00000.207914,-00000.974349
      Vertex   +00055.911621,-00042.911621,-00150.000000
      Vertex   +00050.254761,-00037.254883,-00118.000000
      Vertex   +00004.999878,-00056.000000,-00118.000000
      Vertex   +00004.999878,-00064.000000,-00150.000000
   End Polygon
   Begin Polygon Item=2DLoftSIDE Texture=UC_Panel_03 Flags=1073741824 Link=6
      Origin   +00093.000122,-00128.000000,-00133.999756
      Normal   +00000.000000,-00001.000000,+00000.000000
      TextureU -00002.000000,+00000.000000,+00000.000000
      TextureV +00000.000000,+00000.000000,-00002.000000
      Vertex   +00093.000122,-00128.000000,-00133.999756
      Vertex   +00093.000122,-00128.000000,-00102.000000
      Vertex   -00085.000122,-00128.000000,-00102.000000
      Vertex   -00085.000122,-00128.000000,-00133.999756
   End Polygon
   Begin Polygon Item=2DLoftSIDE Texture=UC_Panel_03 Flags=1073741824 Link=7
      Origin   +00157.000000,+00031.999756,-00102.000244
      Normal   +00001.000000,+00000.000000,+00000.000000
      Pan      U=-24 V=0
      TextureU +00000.000000,-00001.000000,+00000.000000
      TextureV +00000.000000,+00000.000000,-00001.000000
      Vertex   +00157.000000,-00063.000000,-00102.000244
      Vertex   +00157.000000,-00064.000000,-00102.000000
      Vertex   +00157.000000,-00064.000000,-00133.999756
      Vertex   +00157.000000,-00063.000000,-00134.000000
      Vertex   +00157.000000,+00031.999756,-00134.000000
      Vertex   +00157.000000,+00031.999756,-00102.000244
   End Polygon
   Begin Polygon Item=2DLoftSIDE Texture=ShipGrayMetal_A Flags=1073741824 Link=8
      Origin   +00093.000122,-00112.000000,-00133.999756
      Normal   +00000.000000,+00000.000000,-00001.000000
      TextureU -00001.000000,+00000.000000,+00000.000000
      TextureV +00000.000000,+00001.000000,+00000.000000
      Vertex   +00093.000122,-00112.000000,-00133.999756
      Vertex   +00093.000122,-00128.000000,-00133.999756
      Vertex   -00085.000122,-00128.000000,-00133.999756
      Vertex   -00085.000122,-00112.000000,-00133.999756
   End Polygon
   Begin Polygon Item=2DLoftSIDE Texture=UC_Panel_04 Flags=1073741856 Link=9
      Origin   +00060.999634,-00096.000000,+00066.000000
      Normal   +00000.000000,+00001.000000,+00000.000000
      Pan      U=-1 V=257
      TextureU +00001.111111,+00000.000000,+00000.000000
      TextureV +00000.000000,+00000.000000,-00001.162791
      Vertex   +00061.000122,-00096.000000,-00150.000000
      Vertex   -00051.000000,-00096.000000,-00150.000000
      Vertex   -00051.000000,-00096.000000,+00066.000000
      Vertex   +00060.999634,-00096.000000,+00066.000000
   End Polygon
   Begin Polygon Item=2DLoftEND Texture=ShipGrayMetal_A Flags=1073741856 Link=10
      Origin   -00051.000000,-00160.000000,-00150.000000
      Normal   -00001.000000,+00000.000000,+00000.000000
      TextureU +00000.000000,+00001.000000,+00000.000000
      TextureV +00000.000000,+00000.000000,-00001.000000
      Vertex   -00051.000000,-00096.000000,-00149.555420
      Vertex   -00051.000000,-00096.000000,-00150.000000
      Vertex   -00051.000000,-00128.000000,-00150.000000
      Vertex   -00051.000000,-00128.000000,-00149.555420
   End Polygon
   Begin Polygon Item=2DLoftTOP Texture=ShipGrayMetal_A Flags=1073741856 Link=11
      Origin   +00061.000122,-00096.000000,-00150.000000
      Normal   +00001.000000,+00000.000000,+00000.000000
      TextureU +00000.000000,-00000.958797,-00000.284092
      TextureV +00000.000000,+00000.284092,-00000.958797
      Vertex   +00061.000122,-00128.000000,-00133.999756
      Vertex   +00061.000122,-00128.000000,-00150.000000
      Vertex   +00061.000122,-00096.000000,-00150.000000
      Vertex   +00061.000122,-00096.000000,-00133.999756
   End Polygon
   Begin Polygon Item=2DLoftSIDE Texture=UC_Panel_03 Flags=1073741824 Link=12
      Origin   +00093.000122,-00128.000000,-00133.999756
      Normal   +00000.270749,-00000.962650,+00000.000000
      TextureU -00000.962651,-00000.270746,+00000.000000
      TextureV +00000.000000,+00000.000000,-00001.000000
      Vertex   +00093.000122,-00128.000000,-00102.000000
      Vertex   +00093.000122,-00128.000000,-00133.999756
      Vertex   +00125.000000,-00119.000000,-00134.000000
      Vertex   +00125.000000,-00119.000000,-00102.000000
   End Polygon
   Begin Polygon Item=2DLoftSIDE Texture=UC_Panel_03 Flags=1073741824 Link=13
      Origin   +00124.787109,-00119.212891,-00133.999756
      Normal   +00000.707107,-00000.707107,+00000.000000
      TextureU -00000.707107,-00000.707107,+00000.000000
      TextureV +00000.000000,+00000.000000,-00001.000000
      Vertex   +00125.000000,-00119.000000,-00102.000000
      Vertex   +00125.000000,-00119.000000,-00134.000000
      Vertex   +00148.031250,-00095.888916,-00133.999756
      Vertex   +00148.000000,-00096.000000,-00102.000000
   End Polygon
   Begin Polygon Item=2DLoftSIDE Texture=UC_Panel_06 Flags=1077936128 Link=14
      Origin   +00141.000000,+00031.999756,-00134.000000
      Normal   -00001.000000,+00000.000000,+00000.000000
      TextureU +00000.000000,+00002.000000,+00000.000000
      TextureV +00000.000000,+00000.000000,-00002.000000
      Vertex   +00141.000000,-00063.000000,-00134.000000
      Vertex   +00141.000000,-00064.000000,-00133.999756
      Vertex   +00141.000000,-00064.000000,-00102.000000
      Vertex   +00141.000000,-00063.000000,-00102.000244
      Vertex   +00141.000000,+00031.999756,-00102.000244
      Vertex   +00141.000000,+00031.999756,-00134.000000
   End Polygon
   Begin Polygon Item=2DLoftSIDE Texture=UC_Panel_06 Flags=1077936128 Link=15
      Origin   +00093.000122,-00112.000000,-00102.000000
      Normal   +00000.000000,+00001.000000,+00000.000000
      TextureU -00002.000000,+00000.000000,+00000.000000
      TextureV +00000.000000,+00000.000000,+00002.000000
      Vertex   +00093.000122,-00112.000000,-00102.000000
      Vertex   +00093.000122,-00112.000000,-00133.999756
      Vertex   -00085.000122,-00112.000000,-00133.999756
      Vertex   -00085.000122,-00112.000000,-00102.000000
   End Polygon
   Begin Polygon Item=2DLoftSIDE Texture=UC_Panel_06 Flags=1077936128 Link=16
      Origin   +00134.974731,-00088.101563,+03050.000000
      Normal   -00000.970143,+00000.242535,+00000.000000
      Pan      U=4 V=-33
      TextureU -00000.485070,-00001.940285,+00000.000000
      TextureV +00000.000000,+00000.000000,-00002.000000
      Vertex   +00141.000000,-00064.000000,-00102.000000
      Vertex   +00141.000000,-00064.000000,-00133.999756
      Vertex   +00135.000122,-00088.000000,-00134.000000
      Vertex   +00135.000122,-00088.000000,-00102.000000
   End Polygon
   Begin Polygon Item=2DLoftSIDE Texture=UC_Panel_06 Flags=1077936128 Link=17
      Origin   +00117.215332,-00105.784668,+03050.000000
      Normal   -00000.707107,+00000.707107,+00000.000000
      Pan      U=4 V=-33
      TextureU -00001.414212,-00001.414215,+00000.000000
      TextureV +00000.000000,+00000.000000,-00002.000000
      Vertex   +00135.000122,-00088.000000,-00102.000000
      Vertex   +00135.000122,-00088.000000,-00134.000000
      Vertex   +00117.000000,-00106.000000,-00134.000000
      Vertex   +00117.000000,-00106.000000,-00102.000000
   End Polygon
   Begin Polygon Item=2DLoftSIDE Texture=UC_Panel_06 Flags=1077936128 Link=18
      Origin   +00093.000244,-00112.000000,+03050.000000
      Normal   -00000.242538,+00000.970142,+00000.000000
      Pan      U=4 V=-33
      TextureU -00001.940284,-00000.485076,+00000.000000
      TextureV +00000.000000,+00000.000000,-00002.000000
      Vertex   +00117.000000,-00106.000000,-00102.000000
      Vertex   +00117.000000,-00106.000000,-00134.000000
      Vertex   +00093.000122,-00112.000000,-00133.999756
      Vertex   +00093.000122,-00112.000000,-00102.000000
   End Polygon
   Begin Polygon Item=2DLoftTOP Texture=ShipGrayMetal_A Flags=1073741856 Link=11
      Origin   +00061.000122,-00096.000000,-00150.000000
      Normal   +00001.000000,+00000.000000,+00000.000000
      TextureU +00000.000000,-00000.958797,-00000.284092
      TextureV +00000.000000,+00000.284092,-00000.958797
      Vertex   +00061.000122,-00112.000000,-00102.000000
      Vertex   +00061.000122,-00112.000000,-00133.999756
      Vertex   +00061.000122,-00096.000000,-00133.999756
      Vertex   +00061.000000,-00096.000000,-00102.000000
   End Polygon
   Begin Polygon Item=2DLoftSIDE Texture=UC_Panel_03 Flags=1073741824 Link=20
      Origin   +00148.031250,-00095.888916,-00133.999756
      Normal   +00000.962651,-00000.270746,+00000.000000
      TextureU -00000.270749,-00000.962650,-00000.000000
      TextureV +00000.000000,+00000.000000,-00001.000000
      Vertex   +00157.000000,-00064.000000,-00133.999756
      Vertex   +00157.000000,-00064.000000,-00102.000000
      Vertex   +00148.000000,-00096.000000,-00102.000000
      Vertex   +00148.031250,-00095.888916,-00133.999756
   End Polygon
   Begin Polygon Item=2DLoftSIDE Texture=ShipGrayMetal_A Flags=1073741824 Link=21
      Origin   +00157.000000,+00031.999756,-00134.000000
      Normal   +00000.000000,+00000.000000,-00001.000000
      TextureU +00000.000000,+00001.000000,+00000.000000
      TextureV +00001.000000,+00000.000000,+00000.000000
      Vertex   +00157.000000,-00064.000000,-00133.999756
      Vertex   +00141.000000,-00064.000000,-00133.999756
      Vertex   +00141.000000,+00031.999756,-00134.000000
      Vertex   +00157.000000,+00031.999756,-00134.000000
   End Polygon
   Begin Polygon Item=2DLoftSIDE Texture=ShipGrayMetal_A Flags=1073741824 Link=22
      Origin   +00134.569336,-00088.000000,-00134.000000
      Normal   +00000.000000,+00000.000000,-00001.000000
      TextureU +00000.000000,-00001.000000,+00000.000000
      TextureV -00001.000000,+00000.000000,+00000.000000
      Vertex   +00093.000122,-00128.000000,-00133.999756
      Vertex   +00093.000122,-00112.000000,-00133.999756
      Vertex   +00117.000000,-00106.000000,-00134.000000
      Vertex   +00125.000000,-00119.000000,-00134.000000
   End Polygon
   Begin Polygon Item=2DLoftSIDE Texture=ShipGrayMetal_A Flags=1073741824 Link=22
      Origin   +00134.569336,-00088.000000,-00134.000000
      Normal   +00000.000000,+00000.000000,-00001.000000
      TextureU +00000.000000,-00001.000000,+00000.000000
      TextureV -00001.000000,+00000.000000,+00000.000000
      Vertex   +00125.000000,-00119.000000,-00134.000000
      Vertex   +00117.000000,-00106.000000,-00134.000000
      Vertex   +00135.000122,-00088.000000,-00134.000000
      Vertex   +00148.031250,-00095.888916,-00133.999756
   End Polygon
   Begin Polygon Item=2DLoftSIDE Texture=ShipGrayMetal_A Flags=1073741824 Link=22
      Origin   +00134.569336,-00088.000000,-00134.000000
      Normal   +00000.000000,+00000.000000,-00001.000000
      TextureU +00000.000000,-00001.000000,+00000.000000
      TextureV -00001.000000,+00000.000000,+00000.000000
      Vertex   +00141.000000,-00064.000000,-00133.999756
      Vertex   +00157.000000,-00064.000000,-00133.999756
      Vertex   +00148.031250,-00095.888916,-00133.999756
      Vertex   +00135.000122,-00088.000000,-00134.000000
   End Polygon
   Begin Polygon Item=2DLoftTOP Texture=ShipGrayMetal_A Flags=-1073741792 Link=11
      Origin   +00061.000122,-00096.000000,-00150.000000
      Normal   +00001.000000,+00000.000000,+00000.000000
      TextureU +00000.000000,-00000.958797,-00000.284092
      TextureV +00000.000000,+00000.284092,-00000.958797
      Vertex   +00061.000000,-00128.000000,-00102.000000
      Vertex   +00061.000000,-00096.000000,-00102.000000
      Vertex   +00061.000122,-00096.000000,-00054.000000
      Vertex   +00061.000122,-00128.000000,-00054.000000
   End Polygon
   Begin Polygon Texture=WindOpacStrek_B Flags=1086849292 Link=26
      Origin   +00157.000000,-00064.000000,-00102.000000
      Normal   -00001.000000,+00000.000000,+00000.000000
      TextureU +00000.000000,+00002.000000,+00000.000000
      TextureV +00000.000000,+00000.000000,-00002.000000
      Vertex   +00157.000000,-00063.000000,-00102.000244
      Vertex   +00157.000000,-00064.000000,-00102.000000
      Vertex   +00157.000000,-00064.000000,-00053.999756
      Vertex   +00157.000000,-00063.000000,-00054.000000
      Vertex   +00157.000000,+00031.999756,-00054.000000
      Vertex   +00157.000000,+00031.999756,-00102.000244
   End Polygon
   Begin Polygon Texture=WindOpacStrek_B Flags=1086849292 Link=27
      Origin   +00099.979126,-00126.037109,-00102.000000
      Normal   -00000.270746,+00000.962651,+00000.000000
      TextureU +00000.962650,+00000.270748,+00000.000000
      TextureV +00000.000000,+00000.000000,-00001.000000
      Vertex   +00093.000122,-00128.000000,-00053.999756
      Vertex   +00125.000000,-00119.000000,-00054.000000
      Vertex   +00125.000000,-00119.000000,-00102.000000
      Vertex   +00093.000122,-00128.000000,-00102.000000
   End Polygon
   Begin Polygon Texture=WindOpacStrek_B Flags=1086849292 Link=28
      Origin   +00100.000000,-00144.000000,-00102.000000
      Normal   -00000.707107,+00000.707107,+00000.000000
      TextureU +00000.707107,+00000.707107,+00000.000000
      TextureV +00000.000000,+00000.000000,-00001.000000
      Vertex   +00125.000000,-00119.000000,-00054.000000
      Vertex   +00148.031250,-00095.888916,-00053.999756
      Vertex   +00148.000000,-00096.000000,-00102.000000
      Vertex   +00125.000000,-00119.000000,-00102.000000
   End Polygon
   Begin Polygon Texture=WindOpacStrek_B Flags=1086849292 Link=29
      Origin   +00131.979126,-00152.962891,-00102.000000
      Normal   -00000.962650,+00000.270749,+00000.000000
      TextureU +00000.270747,+00000.962651,+00000.000000
      TextureV +00000.000000,+00000.000000,-00001.000000
      Vertex   +00148.031250,-00095.888916,-00053.999756
      Vertex   +00157.000000,-00064.000000,-00053.999756
      Vertex   +00157.000000,-00064.000000,-00102.000000
      Vertex   +00148.000000,-00096.000000,-00102.000000
   End Polygon
   Begin Polygon Item=2DLoftSIDE Texture=ShipGrayMetal_A Flags=1073741824 Link=30
      Origin   +00093.000122,-00128.000000,-00102.000000
      Normal   +00000.000000,+00000.000000,+00001.000000
      TextureU -00001.000000,+00000.000000,+00000.000000
      TextureV +00000.000000,-00001.000000,+00000.000000
      Vertex   +00093.000122,-00128.000000,-00102.000000
      Vertex   +00093.000122,-00112.000000,-00102.000000
      Vertex   -00085.000122,-00112.000000,-00102.000000
      Vertex   -00085.000122,-00128.000000,-00102.000000
   End Polygon
   Begin Polygon Item=2DLoftSIDE Texture=ShipGrayMetal_A Flags=1073741824 Link=31
      Origin   +00141.000000,+00031.999756,-00102.000244
      Normal   +00000.000000,+00000.000000,+00001.000000
      TextureU +00000.000000,+00001.000000,+00000.000000
      TextureV -00001.000000,+00000.000000,+00000.000000
      Vertex   +00141.000000,-00064.000000,-00102.000000
      Vertex   +00157.000000,-00064.000000,-00102.000000
      Vertex   +00157.000000,+00031.999756,-00102.000244
      Vertex   +00141.000000,+00031.999756,-00102.000244
   End Polygon
   Begin Polygon Item=2DLoftSIDE Texture=ShipGrayMetal_A Flags=1073741824 Link=32
      Origin   +00148.425781,-00096.000000,-00102.000000
      Normal   +00000.000000,+00000.000000,+00001.000000
      TextureU +00000.000000,-00001.000000,+00000.000000
      TextureV +00001.000000,+00000.000000,+00000.000000
      Vertex   +00117.000000,-00106.000000,-00102.000000
      Vertex   +00093.000122,-00112.000000,-00102.000000
      Vertex   +00093.000122,-00128.000000,-00102.000000
      Vertex   +00125.000000,-00119.000000,-00102.000000
   End Polygon
   Begin Polygon Item=2DLoftSIDE Texture=ShipGrayMetal_A Flags=1073741824 Link=32
      Origin   +00148.425781,-00096.000000,-00102.000000
      Normal   +00000.000000,+00000.000000,+00001.000000
      TextureU +00000.000000,-00001.000000,+00000.000000
      TextureV +00001.000000,+00000.000000,+00000.000000
      Vertex   +00135.000122,-00088.000000,-00102.000000
      Vertex   +00117.000000,-00106.000000,-00102.000000
      Vertex   +00125.000000,-00119.000000,-00102.000000
      Vertex   +00148.000000,-00096.000000,-00102.000000
   End Polygon
   Begin Polygon Item=2DLoftSIDE Texture=ShipGrayMetal_A Flags=1073741824 Link=32
      Origin   +00148.425781,-00096.000000,-00102.000000
      Normal   +00000.000000,+00000.000000,+00001.000000
      TextureU +00000.000000,-00001.000000,+00000.000000
      TextureV +00001.000000,+00000.000000,+00000.000000
      Vertex   +00157.000000,-00064.000000,-00102.000000
      Vertex   +00141.000000,-00064.000000,-00102.000000
      Vertex   +00135.000122,-00088.000000,-00102.000000
      Vertex   +00148.000000,-00096.000000,-00102.000000
   End Polygon
   Begin Polygon Item=2DLoftSIDE Texture=UC_Panel_03 Flags=1073741824 Link=35
      Origin   -00607.009827,-00272.014648,+03049.999756
      Normal   +00000.900180,+00000.372868,+00000.225044
      Pan      U=-50 V=13
      TextureU -00000.382685,+00000.923879,+00000.000000
      TextureV +00000.207913,+00000.086121,-00000.974349
      Vertex   +00055.911621,+00058.911621,-00150.000000
      Vertex   +00050.254761,+00053.254883,-00118.000000
      Vertex   +00069.000000,+00008.000000,-00118.000000
      Vertex   +00077.000000,+00008.000000,-00150.000000
   End Polygon
   Begin Polygon Item=2DLoftSIDE Texture=ShipGrayMetal_A Flags=1073741824 Link=36
      Origin   +00134.569336,+00055.999512,-00134.000000
      Normal   +00000.000000,+00000.000000,-00001.000000
      TextureU +00000.524099,-00000.851658,+00000.000002
      TextureV -00000.851658,-00000.524099,+00000.000000
      Vertex   +00117.000000,+00074.000000,-00134.000000
      Vertex   +00093.000122,+00079.999512,-00134.000000
      Vertex   +00093.000122,+00095.999512,-00134.000000
      Vertex   +00125.000000,+00087.000000,-00134.000000
   End Polygon
   Begin Polygon Item=2DLoftSIDE Texture=ShipGrayMetal_A Flags=1073741824 Link=37
      Origin   +00148.425659,+00063.999512,-00102.000000
      Normal   +00000.000000,+00000.000000,+00001.000000
      TextureU +00000.524099,-00000.851658,+00000.000002
      TextureV +00000.851658,+00000.524099,+00000.000000
      Vertex   +00093.000122,+00095.999512,-00102.000244
      Vertex   +00093.000122,+00079.999512,-00102.000244
      Vertex   +00117.000000,+00074.000000,-00102.000000
      Vertex   +00125.000000,+00087.000000,-00102.000000
   End Polygon
   Begin Polygon Texture=WindOpacStrek_B Flags=1086849292 Link=38
      Origin   +00118.020874,+00088.962891,-00102.000000
      Normal   -00000.270749,-00000.962650,-00000.000000
      TextureU -00000.962650,+00000.270749,+00000.000000
      TextureV +00000.000000,+00000.000000,-00001.000000
      Vertex   +00125.000000,+00087.000000,-00054.000000
      Vertex   +00093.000122,+00095.999512,-00054.000000
      Vertex   +00093.000122,+00095.999512,-00102.000244
      Vertex   +00125.000000,+00087.000000,-00102.000000
   End Polygon
   Begin Polygon Texture=WindOpacStrek_B Flags=1086849292 Link=39
      Origin   +00173.000000,+00039.000000,-00102.000000
      Normal   -00000.707107,-00000.707107,+00000.000000
      TextureU -00000.707107,+00000.707107,+00000.000000
      TextureV +00000.000000,+00000.000000,-00001.000000
      Vertex   +00148.031372,+00063.888672,-00054.000000
      Vertex   +00125.000000,+00087.000000,-00054.000000
      Vertex   +00125.000000,+00087.000000,-00102.000000
      Vertex   +00148.000000,+00064.000000,-00102.000000
   End Polygon
   Begin Polygon Texture=WindOpacStrek_B Flags=1086849292 Link=40
      Origin   +00173.020874,-00024.962891,-00102.000000
      Normal   -00000.962651,-00000.270746,+00000.000000
      TextureU -00000.270746,+00000.962651,+00000.000000
      TextureV +00000.000000,+00000.000000,-00001.000000
      Vertex   +00157.000000,+00031.999756,-00054.000000
      Vertex   +00148.031372,+00063.888672,-00054.000000
      Vertex   +00148.000000,+00064.000000,-00102.000000
      Vertex   +00157.000000,+00031.999756,-00102.000244
   End Polygon
   Begin Polygon Item=2DLoftSIDE Texture=UC_Panel_03 Flags=1073741824 Link=41
      Origin   +00148.031372,+00063.888672,-00134.000000
      Normal   +00000.962650,+00000.270748,+00000.000000
      Pan      U=-39 V=0
      TextureU +00000.270749,-00000.962650,+00000.000000
      TextureV +00000.000000,+00000.000000,-00001.000000
      Vertex   +00148.031372,+00063.888672,-00134.000000
      Vertex   +00148.000000,+00064.000000,-00102.000000
      Vertex   +00157.000000,+00031.999756,-00102.000244
      Vertex   +00157.000000,+00031.999756,-00134.000000
   End Polygon
   Begin Polygon Item=2DLoftEND Texture=ShipGrayMetal_A Flags=1073741824 Link=42
      Origin   +00093.000122,+00095.999512,-00102.000244
      Normal   -00001.000000,+00000.000000,+00000.000000
      TextureU +00000.000000,-00000.894427,+00000.447214
      TextureV +00000.000000,+00000.447216,+00000.894426
      Vertex   +00093.000122,+00079.999512,-00134.000000
      Vertex   +00093.000122,+00079.999512,-00102.000244
      Vertex   +00093.000122,+00095.999512,-00102.000244
      Vertex   +00093.000122,+00095.999512,-00134.000000
   End Polygon
   Begin Polygon Item=2DLoftSIDE Texture=UC_Panel_03 Flags=1073741824 Link=43
      Origin   +00093.000122,+00095.999512,-00134.000000
      Normal   +00000.270747,+00000.962651,+00000.000000
      Pan      U=-39 V=0
      TextureU +00000.962651,-00000.270746,+00000.000000
      TextureV +00000.000000,+00000.000000,-00001.000000
      Vertex   +00093.000122,+00095.999512,-00134.000000
      Vertex   +00093.000122,+00095.999512,-00102.000244
      Vertex   +00125.000000,+00087.000000,-00102.000000
      Vertex   +00125.000000,+00087.000000,-00134.000000
   End Polygon
   Begin Polygon Item=2DLoftSIDE Texture=UC_Panel_06 Flags=1077936128 Link=44
      Origin   +00117.215454,+00073.784668,+03050.000000
      Normal   -00000.707107,-00000.707107,+00000.000000
      Pan      U=4 V=-33
      TextureU +00001.414212,-00001.414215,+00000.000000
      TextureV +00000.000000,+00000.000000,-00002.000000
      Vertex   +00117.000000,+00074.000000,-00102.000000
      Vertex   +00117.000000,+00074.000000,-00134.000000
      Vertex   +00135.000000,+00056.000000,-00134.000000
      Vertex   +00135.000000,+00056.000000,-00102.000000
   End Polygon
   Begin Polygon Item=2DLoftSIDE Texture=UC_Panel_06 Flags=1077936128 Link=45
      Origin   +00134.974731,+00056.101074,+03050.000000
      Normal   -00000.970144,-00000.242530,+00000.000000
      Pan      U=4 V=-33
      TextureU +00000.485074,-00001.940284,+00000.000000
      TextureV +00000.000000,+00000.000000,-00002.000000
      Vertex   +00135.000000,+00056.000000,-00102.000000
      Vertex   +00135.000000,+00056.000000,-00134.000000
      Vertex   +00141.000000,+00031.999756,-00134.000000
      Vertex   +00141.000000,+00031.999756,-00102.000244
   End Polygon
   Begin Polygon Item=2DLoftSIDE Texture=UC_Panel_06 Flags=1077936128 Link=46
      Origin   +00093.000122,+00079.999512,+03050.000000
      Normal   -00000.242519,-00000.970147,-00000.000000
      Pan      U=4 V=-33
      TextureU +00001.940285,-00000.485071,+00000.000000
      TextureV +00000.000000,+00000.000000,-00002.000000
      Vertex   +00093.000122,+00079.999512,-00102.000244
      Vertex   +00093.000122,+00079.999512,-00134.000000
      Vertex   +00117.000000,+00074.000000,-00134.000000
      Vertex   +00117.000000,+00074.000000,-00102.000000
   End Polygon
   Begin Polygon Item=2DLoftSIDE Texture=UC_Panel_03 Flags=1073741824 Link=47
      Origin   +00124.787354,+00087.212646,-00134.000000
      Normal   +00000.707107,+00000.707107,+00000.000000
      Pan      U=-39 V=0
      TextureU +00000.707107,-00000.707107,+00000.000000
      TextureV +00000.000000,+00000.000000,-00001.000000
      Vertex   +00125.000000,+00087.000000,-00134.000000
      Vertex   +00125.000000,+00087.000000,-00102.000000
      Vertex   +00148.000000,+00064.000000,-00102.000000
      Vertex   +00148.031372,+00063.888672,-00134.000000
   End Polygon
   Begin Polygon Item=2DLoftSIDE Texture=ShipGrayMetal_A Flags=1073741824 Link=37
      Origin   +00148.425659,+00063.999512,-00102.000000
      Normal   +00000.000000,+00000.000000,+00001.000000
      TextureU +00000.524099,-00000.851658,+00000.000002
      TextureV +00000.851658,+00000.524099,+00000.000000
      Vertex   +00125.000000,+00087.000000,-00102.000000
      Vertex   +00117.000000,+00074.000000,-00102.000000
      Vertex   +00135.000000,+00056.000000,-00102.000000
      Vertex   +00148.000000,+00064.000000,-00102.000000
   End Polygon
   Begin Polygon Item=2DLoftSIDE Texture=ShipGrayMetal_A Flags=1073741824 Link=37
      Origin   +00148.425659,+00063.999512,-00102.000000
      Normal   +00000.000000,+00000.000000,+00001.000000
      TextureU +00000.524099,-00000.851658,+00000.000002
      TextureV +00000.851658,+00000.524099,+00000.000000
      Vertex   +00148.000000,+00064.000000,-00102.000000
      Vertex   +00135.000000,+00056.000000,-00102.000000
      Vertex   +00141.000000,+00031.999756,-00102.000244
      Vertex   +00157.000000,+00031.999756,-00102.000244
   End Polygon
   Begin Polygon Item=2DLoftSIDE Texture=ShipGrayMetal_A Flags=1073741824 Link=36
      Origin   +00134.569336,+00055.999512,-00134.000000
      Normal   +00000.000000,+00000.000000,-00001.000000
      TextureU +00000.524099,-00000.851658,+00000.000002
      TextureV -00000.851658,-00000.524099,+00000.000000
      Vertex   +00135.000000,+00056.000000,-00134.000000
      Vertex   +00117.000000,+00074.000000,-00134.000000
      Vertex   +00125.000000,+00087.000000,-00134.000000
      Vertex   +00148.031372,+00063.888672,-00134.000000
   End Polygon
   Begin Polygon Item=2DLoftSIDE Texture=ShipGrayMetal_A Flags=1073741824 Link=36
      Origin   +00134.569336,+00055.999512,-00134.000000
      Normal   +00000.000000,+00000.000000,-00001.000000
      TextureU +00000.524099,-00000.851658,+00000.000002
      TextureV -00000.851658,-00000.524099,+00000.000000
      Vertex   +00135.000000,+00056.000000,-00134.000000
      Vertex   +00148.031372,+00063.888672,-00134.000000
      Vertex   +00157.000000,+00031.999756,-00134.000000
      Vertex   +00141.000000,+00031.999756,-00134.000000
   End Polygon
   Begin Polygon Item=2DLoftSIDE Texture=UC_Panel_03 Flags=1073741824 Link=52
      Origin   +00239.758545,+00638.755615,+03050.000244
      Normal   -00000.372867,-00000.900181,+00000.225044
      Pan      U=-50 V=13
      TextureU +00000.923880,-00000.382683,+00000.000000
      TextureV -00000.086121,-00000.207914,-00000.974349
      Vertex   -00045.911743,-00042.911621,-00150.000000
      Vertex   +00004.999878,-00064.000000,-00150.000000
      Vertex   +00004.999878,-00056.000000,-00118.000000
      Vertex   -00040.254883,-00037.254883,-00118.000000
   End Polygon
   Begin Polygon Item=2DLoftSIDE Texture=UC_Panel_03 Flags=1073741824 Link=53
      Origin   -00229.759644,-00622.755005,+03049.999756
      Normal   +00000.372868,+00000.900180,+00000.225044
      Pan      U=-50 V=13
      TextureU -00000.923879,+00000.382685,+00000.000000
      TextureV +00000.086121,+00000.207913,-00000.974349
      Vertex   +00050.254761,+00053.254883,-00118.000000
      Vertex   +00055.911621,+00058.911621,-00150.000000
      Vertex   +00005.000000,+00080.000000,-00150.000000
      Vertex   +00005.000000,+00072.000000,-00118.000000
   End Polygon
   Begin Polygon Item=2DLoftSIDE Texture=UC_Panel_03 Flags=1073741824 Link=54
      Origin   +00285.014404,-00604.009888,+03049.999756
      Normal   -00000.372868,+00000.900180,+00000.225044
      Pan      U=-50 V=13
      TextureU -00000.923879,-00000.382684,+00000.000000
      TextureV -00000.086121,+00000.207913,-00000.974349
      Vertex   +00005.000000,+00072.000000,-00118.000000
      Vertex   +00005.000000,+00080.000000,-00150.000000
      Vertex   -00045.911743,+00058.911621,-00150.000000
      Vertex   -00040.254883,+00053.254883,-00118.000000
   End Polygon
   Begin Polygon Item=2DLoftSIDE Texture=UC_Panel_03 Flags=1073741824 Link=55
      Origin   +00635.755615,-00226.758789,+03050.000488
      Normal   -00000.900181,+00000.372867,+00000.225044
      Pan      U=-50 V=13
      TextureU -00000.382683,-00000.923880,+00000.000000
      TextureV -00000.207914,+00000.086121,-00000.974349
      Vertex   -00045.911743,+00058.911621,-00150.000000
      Vertex   -00067.000000,+00008.000000,-00150.000000
      Vertex   -00059.000000,+00008.000000,-00118.000000
      Vertex   -00040.254883,+00053.254883,-00118.000000
   End Polygon
   Begin Polygon Item=2DLoftSIDE Texture=UC_Panel_08 Flags=1073741824 Link=56
      Origin   +00005.000000,+00008.000000,-00118.000000
      Normal   +00000.000000,+00000.000000,+00001.000000
      Pan      U=64 V=63
      TextureU +00000.000000,+00001.000000,+00000.000000
      TextureV -00001.000000,+00000.000000,+00000.000000
      Vertex   +00004.999878,-00056.000000,-00118.000000
      Vertex   +00050.254761,-00037.254883,-00118.000000
      Vertex   +00069.000000,+00008.000000,-00118.000000
      Vertex   +00050.254761,+00053.254883,-00118.000000
      Vertex   +00005.000000,+00072.000000,-00118.000000
      Vertex   -00040.254883,+00053.254883,-00118.000000
      Vertex   -00059.000000,+00008.000000,-00118.000000
      Vertex   -00040.254883,-00037.254883,-00118.000000
   End Polygon
   Begin Polygon Item=2DLoftSIDE Texture=UC_Panel_03 Flags=1073741824 Link=57
      Origin   +00617.011597,+00288.010498,+03050.000000
      Normal   -00000.900181,-00000.372866,+00000.225044
      Pan      U=-50 V=13
      TextureU +00000.382682,-00000.923880,+00000.000000
      TextureV -00000.207914,-00000.086120,-00000.974349
      Vertex   -00045.911743,-00042.911621,-00150.000000
      Vertex   -00040.254883,-00037.254883,-00118.000000
      Vertex   -00059.000000,+00008.000000,-00118.000000
      Vertex   -00067.000000,+00008.000000,-00150.000000
   End Polygon
   Begin Polygon Item=2DLoftSIDE Texture=UC_Panel_03 Flags=1073741824 Link=58
      Origin   -00625.755127,+00242.759766,+03049.999756
      Normal   +00000.900180,-00000.372868,+00000.225044
      Pan      U=-50 V=13
      TextureU +00000.382685,+00000.923879,+00000.000000
      TextureV +00000.207913,-00000.086121,-00000.974349
      Vertex   +00055.911621,-00042.911621,-00150.000000
      Vertex   +00077.000000,+00008.000000,-00150.000000
      Vertex   +00069.000000,+00008.000000,-00118.000000
      Vertex   +00050.254761,-00037.254883,-00118.000000
   End Polygon
   Begin Polygon Item=2DLoftSIDE Texture=ShipGrayMetal_A Flags=1073741824 Link=59
      Origin   +00134.569336,-00088.000000,+00026.000000
      Normal   +00000.000000,+00000.000000,-00001.000000
      TextureU +00000.000000,-00001.000000,+00000.000000
      TextureV -00001.000000,+00000.000000,+00000.000000
      Vertex   +00146.500244,-00064.000000,+00026.000244
      Vertex   +00157.000000,-00064.000000,+00026.000244
      Vertex   +00148.031250,-00095.888916,+00026.000244
      Vertex   +00146.500244,-00097.425293,+00026.000244
   End Polygon
   Begin Polygon Item=2DLoftSIDE Texture=ShipGrayMetal_A Flags=1073741824 Link=60
      Origin   +00093.000122,-00128.000000,-00022.000000
      Normal   +00000.000000,+00000.000000,+00001.000000
      TextureU -00001.000000,+00000.000000,+00000.000000
      TextureV +00000.000000,-00001.000000,+00000.000000
      Vertex   +00093.000122,-00128.000000,-00022.000000
      Vertex   +00093.000122,-00112.000000,-00022.000000
      Vertex   -00085.000122,-00112.000000,-00022.000000
      Vertex   -00085.000122,-00128.000000,-00022.000000
   End Polygon
   Begin Polygon Texture=WindOpacStrek_B Flags=1086849292 Link=61
      Origin   +00099.979126,-00126.037109,-00022.000000
      Normal   -00000.270746,+00000.962651,+00000.000000
      TextureU +00000.962650,+00000.270748,+00000.000000
      TextureV +00000.000000,+00000.000000,-00001.000000
      Vertex   +00125.000000,-00119.000000,-00022.000000
      Vertex   +00093.000122,-00128.000000,-00022.000000
      Vertex   +00093.000122,-00128.000000,+00026.000244
      Vertex   +00125.000000,-00119.000000,+00026.000000
   End Polygon
   Begin Polygon Texture=WindOpacStrek_B Flags=1086849292 Link=62
      Origin   +00157.000000,-00064.000000,-00022.000000
      Normal   -00001.000000,+00000.000000,+00000.000000
      TextureU +00000.000000,+00002.000000,+00000.000000
      TextureV +00000.000000,+00000.000000,-00002.000000
      Vertex   +00157.000000,-00064.000000,+00026.000244
      Vertex   +00157.000000,+00031.999756,+00026.000000
      Vertex   +00157.000000,+00031.999756,-00022.000244
      Vertex   +00157.000000,-00063.000000,-00022.000244
      Vertex   +00157.000000,-00064.000000,-00022.000000
   End Polygon
   Begin Polygon Texture=WindOpacStrek_B Flags=1086849292 Link=63
      Origin   +00100.000000,-00144.000000,-00022.000000
      Normal   -00000.707107,+00000.707107,+00000.000000
      TextureU +00000.707107,+00000.707107,+00000.000000
      TextureV +00000.000000,+00000.000000,-00001.000000
      Vertex   +00148.031250,-00095.888916,+00026.000244
      Vertex   +00148.000000,-00096.000000,+00001.000000
      Vertex   +00148.000000,-00096.000000,-00022.000000
      Vertex   +00125.000000,-00119.000000,-00022.000000
      Vertex   +00125.000000,-00119.000000,+00026.000000
   End Polygon
   Begin Polygon Texture=WindOpacStrek_B Flags=1086849292 Link=64
      Origin   +00131.979126,-00152.962891,-00022.000000
      Normal   -00000.962650,+00000.270749,+00000.000000
      TextureU +00000.270747,+00000.962651,+00000.000000
      TextureV +00000.000000,+00000.000000,-00001.000000
      Vertex   +00148.000000,-00096.000000,+00001.000000
      Vertex   +00148.031250,-00095.888916,+00026.000244
      Vertex   +00157.000000,-00064.000000,+00026.000244
      Vertex   +00157.000000,-00064.000000,-00022.000000
      Vertex   +00148.000000,-00096.000000,-00022.000000
   End Polygon
   Begin Polygon Texture=WindOpacStrek_B Flags=1086849292 Link=65
      Origin   +00118.020874,+00088.962891,-00022.000000
      Normal   -00000.270749,-00000.962650,-00000.000000
      TextureU -00000.962650,+00000.270749,+00000.000000
      TextureV +00000.000000,+00000.000000,-00001.000000
      Vertex   +00093.000122,+00095.999512,-00022.000244
      Vertex   +00125.000000,+00087.000000,-00022.000000
      Vertex   +00125.000000,+00087.000000,+00026.000000
      Vertex   +00093.000122,+00095.999512,+00026.000000
   End Polygon
   Begin Polygon Texture=WindOpacStrek_B Flags=1086849292 Link=66
      Origin   +00173.020874,-00024.962891,-00022.000000
      Normal   -00000.962651,-00000.270746,+00000.000000
      TextureU -00000.270746,+00000.962651,+00000.000000
      TextureV +00000.000000,+00000.000000,-00001.000000
      Vertex   +00157.000000,+00031.999756,+00026.000000
      Vertex   +00148.031372,+00063.888672,+00026.000000
      Vertex   +00148.000000,+00064.000000,+00001.000000
      Vertex   +00148.000000,+00064.000000,-00022.000000
      Vertex   +00157.000000,+00031.999756,-00022.000244
   End Polygon
   Begin Polygon Texture=WindOpacStrek_B Flags=1086849292 Link=67
      Origin   +00173.000000,+00039.000000,-00022.000000
      Normal   -00000.707107,-00000.707107,+00000.000000
      TextureU -00000.707107,+00000.707107,+00000.000000
      TextureV +00000.000000,+00000.000000,-00001.000000
      Vertex   +00125.000000,+00087.000000,-00022.000000
      Vertex   +00148.000000,+00064.000000,-00022.000000
      Vertex   +00148.000000,+00064.000000,+00001.000000
      Vertex   +00148.031372,+00063.888672,+00026.000000
      Vertex   +00125.000000,+00087.000000,+00026.000000
   End Polygon
   Begin Polygon Item=2DLoftEND Texture=ShipGrayMetal_A Flags=1073741824 Link=68
      Origin   +00093.000122,+00095.999512,-00022.000244
      Normal   -00001.000000,+00000.000000,+00000.000000
      TextureU +00000.000000,-00000.894427,+00000.447214
      TextureV +00000.000000,+00000.447216,+00000.894426
      Vertex   +00093.000122,+00079.999512,-00054.000000
      Vertex   +00093.000122,+00079.999512,-00022.000244
      Vertex   +00093.000122,+00095.999512,-00022.000244
      Vertex   +00093.000122,+00095.999512,-00054.000000
   End Polygon
   Begin Polygon Item=2DLoftSIDE Texture=UC_Panel_03 Flags=1073741824 Link=69
      Origin   +00093.000122,-00128.000000,-00053.999756
      Normal   +00000.000000,-00001.000000,+00000.000000
      TextureU -00002.000000,+00000.000000,+00000.000000
      TextureV +00000.000000,+00000.000000,-00002.000000
      Vertex   +00093.000122,-00128.000000,-00053.999756
      Vertex   +00093.000122,-00128.000000,-00022.000000
      Vertex   -00085.000122,-00128.000000,-00022.000000
      Vertex   -00085.000122,-00128.000000,-00053.999756
   End Polygon
   Begin Polygon Item=2DLoftSIDE Texture=UC_Panel_06 Flags=1077936128 Link=70
