Begin PolyList
   Begin Polygon Item=Top Texture=burlwo1 Flags=8912928 Link=0
      Origin   +00015.312508,-00010.552826,+00062.000000
      Normal   +00000.000001,+00000.999726,+00000.023428
      TextureU -00001.000000,+00000.000000,+00000.000000
      TextureV +00000.000000,+00000.023428,-00000.999726
      Vertex   +00019.465639,-00008.359372,-00031.599882
      Vertex   +00019.512516,-00008.312497,-00033.599976
      Vertex   +00015.312503,-00008.312497,-00033.599976
      Vertex   +00015.657045,-00008.656981,-00018.899994
      Vertex   +00018.936769,-00008.656981,-00018.899994
   End Polygon
   Begin Polygon Item=Top Texture=burlwo1 Flags=8912928 Link=1
      Origin   +00019.512520,+00007.927811,+00062.000000
      Normal   +00000.000001,-00000.999726,+00000.023428
      TextureU +00001.000000,+00000.000000,+00000.000000
      TextureV +00000.000000,-00000.023428,-00000.999726
      Vertex   +00015.312503,+00005.687503,-00033.599976
      Vertex   +00019.512516,+00005.687503,-00033.599972
      Vertex   +00019.465639,+00005.734378,-00031.599882
      Vertex   +00018.936769,+00006.031984,-00018.899992
      Vertex   +00015.657045,+00006.031984,-00018.899992
   End Polygon
   Begin Polygon Item=Top Texture=burlwo1 Flags=8912928 Link=2
      Origin   +00023.994064,+00005.687500,+00062.000000
      Normal   +00000.998903,+00000.000000,-00000.046826
      TextureU +00000.000000,+00001.000000,+00000.000000
      TextureV -00000.046826,+00000.000000,-00000.998903
      Vertex   +00019.512516,+00005.687503,-00033.599972
      Vertex   +00019.250004,+00005.949955,-00039.199978
      Vertex   +00019.250004,+00009.625004,-00039.199978
      Vertex   +00019.512516,+00009.887454,-00033.599972
   End Polygon
   Begin Polygon Item=Top Texture=burlwo1 Flags=8912928 Link=3
      Origin   +00019.512520,+00014.367844,+00062.000000
      Normal   +00000.000000,+00000.998904,-00000.046815
      TextureU -00001.000000,+00000.000000,+00000.000000
      TextureV +00000.000000,-00000.046815,-00000.998904
      Vertex   +00019.512516,+00009.887454,-00033.599972
      Vertex   +00019.250004,+00009.625004,-00039.199978
      Vertex   +00015.575016,+00009.625004,-00039.199978
      Vertex   +00015.312503,+00009.887454,-00033.599972
   End Polygon
   Begin Polygon Texture=burlwo1 Flags=8912928 Link=4
      Origin   +00071.999985,-00226.000000,-00039.199966
      Normal   +00000.000001,+00000.000001,-00001.000000
      TextureU +00001.000000,+00000.000000,+00000.000000
      TextureV +00000.000000,+00001.000000,+00000.000000
      Vertex   +00019.250004,+00009.625004,-00039.199978
      Vertex   +00019.250004,+00005.949955,-00039.199978
      Vertex   +00015.575016,+00005.949955,-00039.199982
      Vertex   +00015.575016,+00009.625004,-00039.199978
   End Polygon
   Begin Polygon Item=Top Texture=burlwo1 Flags=8912928 Link=5
      Origin   +00015.312508,+00001.207062,+00062.000000
      Normal   +00000.000000,-00000.998904,-00000.046815
      TextureU +00001.000000,+00000.000000,+00000.000000
      TextureV -00000.000000,+00000.046815,-00000.998904
      Vertex   +00019.250004,+00005.949955,-00039.199978
      Vertex   +00019.512516,+00005.687503,-00033.599972
      Vertex   +00015.312503,+00005.687503,-00033.599976
      Vertex   +00015.575016,+00005.949955,-00039.199982
   End Polygon
   Begin Polygon Item=Top Texture=burlwo1 Flags=8912928 Link=6
      Origin   +00015.312508,+00007.647263,+00062.000000
      Normal   +00000.000000,+00000.999725,+00000.023430
      TextureU -00001.000000,+00000.000000,+00000.000000
      TextureV +00000.000000,+00000.023428,-00000.999726
      Vertex   +00019.512516,+00009.887454,-00033.599972
      Vertex   +00015.312503,+00009.887454,-00033.599972
      Vertex   +00016.100037,+00009.099976,+00000.000002
      Vertex   +00018.725037,+00009.099976,+00000.000002
   End Polygon
   Begin Polygon Item=Top Texture=burlwo1 Flags=8912928 Link=7
      Origin   +00017.134495,+00009.984360,+00062.000000
      Normal   +00000.999207,-00000.029968,+00000.026202
      TextureU +00000.029979,+00000.999551,+00000.000000
      TextureV +00000.026190,-00000.000785,-00000.999657
      Vertex   +00019.512516,+00005.687503,-00033.599972
      Vertex   +00019.512516,+00009.887454,-00033.599972
      Vertex   +00019.168032,+00009.542849,-00018.899961
      Vertex   +00019.168032,+00007.054201,-00018.899961
      Vertex   +00018.936769,+00006.031984,-00018.899992
   End Polygon
   Begin Polygon Item=Top Texture=burlwo1 Flags=8912928 Link=8
      Origin   +00015.312508,-00016.992889,+00062.000000
      Normal   +00000.000000,-00000.998904,-00000.046815
      TextureU +00001.000000,+00000.000000,+00000.000000
      TextureV -00000.000000,+00000.046815,-00000.998904
      Vertex   +00019.250004,-00012.249996,-00039.199982
      Vertex   +00019.512516,-00012.512448,-00033.599976
      Vertex   +00015.312503,-00012.512448,-00033.599976
      Vertex   +00015.575016,-00012.249996,-00039.199982
   End Polygon
   Begin Polygon Texture=burlwo1 Flags=8912928 Link=4
      Origin   +00071.999985,-00226.000000,-00039.199966
      Normal   +00000.000000,+00000.000000,-00001.000000
      TextureU +00001.000000,+00000.000000,+00000.000000
      TextureV +00000.000000,+00001.000000,+00000.000000
      Vertex   +00019.250004,-00008.574947,-00039.199982
      Vertex   +00019.250004,-00012.249996,-00039.199982
      Vertex   +00015.575016,-00012.249996,-00039.199982
      Vertex   +00015.575016,-00008.574947,-00039.199982
   End Polygon
   Begin Polygon Item=Top Texture=burlwo1 Flags=8912928 Link=10
      Origin   +00019.512520,-00003.832108,+00062.000000
      Normal   +00000.000000,+00000.998904,-00000.046815
      TextureU -00001.000000,+00000.000000,+00000.000000
      TextureV +00000.000000,-00000.046815,-00000.998904
      Vertex   +00019.512516,-00008.312497,-00033.599976
      Vertex   +00019.250004,-00008.574947,-00039.199982
      Vertex   +00015.575016,-00008.574947,-00039.199982
      Vertex   +00015.312503,-00008.312497,-00033.599976
   End Polygon
   Begin Polygon Item=Top Texture=burlwo1 Flags=8912928 Link=2
      Origin   +00023.994064,+00005.687500,+00062.000000
      Normal   +00000.998903,+00000.000000,-00000.046826
      TextureU +00000.000000,+00001.000000,+00000.000000
      TextureV -00000.046826,+00000.000000,-00000.998903
      Vertex   +00019.512516,-00012.512448,-00033.599976
      Vertex   +00019.250004,-00012.249996,-00039.199982
      Vertex   +00019.250004,-00008.574947,-00039.199982
      Vertex   +00019.512516,-00008.312497,-00033.599976
   End Polygon
   Begin Polygon Item=Top Texture=burlwo1 Flags=8912928 Link=12
      Origin   +00016.400944,+00009.768539,+00062.000000
      Normal   +00000.999225,+00000.029969,+00000.025538
      TextureU -00000.029979,+00000.999551,+00000.000000
      TextureV +00000.025526,+00000.000766,-00000.999674
      Vertex   +00019.512516,-00012.512448,-00033.599976
      Vertex   +00019.512516,-00008.312497,-00033.599976
      Vertex   +00018.936769,-00008.656981,-00018.899994
      Vertex   +00019.168032,-00009.353270,-00018.899963
      Vertex   +00019.168032,-00012.167845,-00018.899963
   End Polygon
   Begin Polygon Item=Top Texture=burlwo1 Flags=8912928 Link=13
      Origin   +00019.512520,-00010.272293,+00062.000000
      Normal   -00000.000000,-00000.999725,+00000.023430
      TextureU +00001.000000,+00000.000000,+00000.000000
      TextureV +00000.000000,-00000.023428,-00000.999726
      Vertex   +00015.312503,-00012.512448,-00033.599976
      Vertex   +00019.512516,-00012.512448,-00033.599976
      Vertex   +00018.725037,-00011.724976,+00000.000001
      Vertex   +00016.100037,-00011.724976,+00000.000000
   End Polygon
   Begin Polygon Item=Top Texture=burlwo1 Flags=8912928 Link=14
      Origin   +00001.453026,-00003.412476,+00062.000000
      Normal   -00000.999725,+00000.000000,+00000.023430
      TextureU +00000.000000,-00001.000000,+00000.000000
      TextureV -00000.023430,+00000.000000,-00000.999725
      Vertex   -00000.787473,+00000.787479,-00033.599976
      Vertex   -00000.787473,-00003.412473,-00033.599976
      Vertex   +00000.000000,-00002.625000,+00000.000000
      Vertex   +00000.000000,+00000.000000,+00000.000000
   End Polygon
   Begin Polygon Item=Top Texture=burlwo1 Flags=8912928 Link=15
      Origin   -00005.269028,+00000.787476,+00062.000000
      Normal   -00000.998903,+00000.000000,-00000.046826
      TextureU +00000.000000,-00001.000000,+00000.000000
      TextureV +00000.046826,+00000.000000,-00000.998903
      Vertex   -00000.787473,+00000.787479,-00033.599976
      Vertex   -00000.524960,+00000.525028,-00039.199982
      Vertex   -00000.524960,-00003.150021,-00039.199982
      Vertex   -00000.787473,-00003.412473,-00033.599976
   End Polygon
   Begin Polygon Texture=burlwo1 Flags=8912928 Link=4
      Origin   +00071.999985,-00226.000000,-00039.199966
      Normal   +00000.000000,+00000.000000,-00001.000000
      TextureU +00001.000000,+00000.000000,+00000.000000
      TextureV +00000.000000,+00001.000000,+00000.000000
      Vertex   -00000.524960,+00000.525028,-00039.199982
      Vertex   +00003.150028,+00000.525028,-00039.199982
      Vertex   +00003.150028,-00003.150021,-00039.199982
      Vertex   -00000.524960,-00003.150021,-00039.199982
   End Polygon
   Begin Polygon Item=Top Texture=burlwo1 Flags=8912928 Link=17
      Origin   -00000.787468,-00001.452850,+00062.000000
      Normal   +00000.000000,+00000.999726,+00000.023428
      TextureU -00001.000000,+00000.000000,+00000.000000
      TextureV +00000.000000,+00000.023428,-00000.999726
      Vertex   +00003.412539,+00000.787479,-00033.599976
      Vertex   -00000.787473,+00000.787479,-00033.599976
      Vertex   -00000.442930,+00000.442995,-00018.899994
      Vertex   +00003.067995,+00000.442995,-00018.899994
   End Polygon
   Begin Polygon Item=Top Texture=burlwo1 Flags=8912928 Link=18
      Origin   +00003.412544,-00001.172180,+00062.000000
      Normal   +00000.000000,-00000.999726,+00000.023428
      TextureU +00001.000000,+00000.000000,+00000.000000
      TextureV +00000.000000,-00000.023428,-00000.999726
      Vertex   -00000.787473,-00003.412473,-00033.599976
      Vertex   +00003.412539,-00003.412473,-00033.599976
      Vertex   +00003.067995,-00003.067991,-00018.899994
      Vertex   -00000.442930,-00003.067991,-00018.899994
   End Polygon
   Begin Polygon Item=Top Texture=burlwo1 Flags=8912928 Link=19
      Origin   +00007.894028,-00003.412476,+00062.000000
      Normal   +00000.998903,+00000.000000,-00000.046825
      TextureU +00000.000000,+00001.000000,+00000.000000
      TextureV -00000.046826,+00000.000000,-00000.998903
      Vertex   +00003.412539,-00003.412473,-00033.599976
      Vertex   +00003.150028,-00003.150021,-00039.199982
      Vertex   +00003.150028,+00000.525028,-00039.199982
      Vertex   +00003.412539,+00000.787479,-00033.599976
   End Polygon
   Begin Polygon Item=Top Texture=burlwo1 Flags=8912928 Link=20
      Origin   -00000.787468,-00007.892914,+00062.000000
      Normal   +00000.000000,-00000.998904,-00000.046815
      TextureU +00001.000000,+00000.000000,+00000.000000
      TextureV -00000.000000,+00000.046815,-00000.998904
      Vertex   -00000.787473,-00003.412473,-00033.599976
      Vertex   -00000.524960,-00003.150021,-00039.199982
      Vertex   +00003.150028,-00003.150021,-00039.199982
      Vertex   +00003.412539,-00003.412473,-00033.599976
   End Polygon
   Begin Polygon Item=Top Texture=burlwo1 Flags=8912928 Link=21
      Origin   +00003.412544,+00005.267868,+00062.000000
      Normal   +00000.000000,+00000.998904,-00000.046815
      TextureU -00001.000000,+00000.000000,+00000.000000
      TextureV +00000.000000,-00000.046815,-00000.998904
      Vertex   +00003.412539,+00000.787479,-00033.599976
      Vertex   +00003.150028,+00000.525028,-00039.199982
      Vertex   -00000.524960,+00000.525028,-00039.199982
      Vertex   -00000.787473,+00000.787479,-00033.599976
   End Polygon
   Begin Polygon Item=Top Texture=burlwo1 Flags=8912928 Link=22
      Origin   +00001.171829,+00000.787354,+00062.000000
      Normal   +00000.999725,+00000.000000,+00000.023432
      TextureU +00000.000000,+00001.000000,+00000.000000
      TextureV +00000.023432,+00000.000000,-00000.999725
      Vertex   +00003.412539,-00003.412473,-00033.599976
      Vertex   +00003.412539,+00000.787479,-00033.599976
      Vertex   +00003.067995,+00000.442995,-00018.899994
      Vertex   +00003.067995,-00003.067991,-00018.899994
   End Polygon
   Begin Polygon Item=Top Texture=burlwo1 Flags=8912928 Link=23
      Origin   +00010.830944,+00009.887451,+00062.000000
      Normal   -00000.998903,+00000.000000,-00000.046826
      TextureU +00000.000000,-00001.000000,+00000.000000
      TextureV +00000.046826,+00000.000000,-00000.998903
      Vertex   +00015.312503,+00009.887454,-00033.599972
      Vertex   +00015.575016,+00009.625004,-00039.199978
      Vertex   +00015.575016,+00005.949955,-00039.199982
      Vertex   +00015.312503,+00005.687503,-00033.599976
   End Polygon
   Begin Polygon Item=Top Texture=burlwo1 Flags=8912928 Link=24
      Origin   +00017.553066,+00005.687500,+00062.000000
      Normal   -00000.999725,-00000.000000,+00000.023430
      TextureU +00000.000000,-00001.000000,+00000.000000
      TextureV -00000.023430,+00000.000000,-00000.999725
      Vertex   +00015.312503,+00005.687503,-00033.599976
      Vertex   +00015.359378,+00005.734378,-00031.599882
      Vertex   +00015.359378,+00009.840579,-00031.599882
      Vertex   +00015.312503,+00009.887454,-00033.599972
   End Polygon
   Begin Polygon Item=Top Texture=burlwo1 Flags=8912928 Link=24
      Origin   +00017.553066,+00005.687500,+00062.000000
      Normal   -00000.999725,+00000.000000,+00000.023432
      TextureU +00000.000000,-00001.000000,+00000.000000
      TextureV -00000.023430,+00000.000000,-00000.999725
      Vertex   +00015.312503,-00008.312497,-00033.599976
      Vertex   +00015.312503,-00012.512448,-00033.599976
      Vertex   +00015.657045,-00012.167845,-00018.899963
      Vertex   +00015.657045,-00008.656981,-00018.899994
   End Polygon
   Begin Polygon Item=Top Texture=burlwo1 Flags=8912928 Link=23
      Origin   +00010.830944,+00009.887451,+00062.000000
      Normal   -00000.998903,+00000.000000,-00000.046826
      TextureU +00000.000000,-00001.000000,+00000.000000
      TextureV +00000.046826,+00000.000000,-00000.998903
      Vertex   +00015.312503,-00008.312497,-00033.599976
      Vertex   +00015.575016,-00008.574947,-00039.199982
      Vertex   +00015.575016,-00012.249996,-00039.199982
      Vertex   +00015.312503,-00012.512448,-00033.599976
   End Polygon
   Begin Polygon Texture=burlwo1 Flags=8912928 Link=27
      Origin   +00071.999985,-00226.000000,-00018.899948
      Normal   +00000.000000,+00000.000000,-00001.000000
      TextureU +00001.000000,+00000.000000,+00000.000000
      TextureV +00000.000000,+00001.000000,+00000.000000
      Vertex   +00014.623476,+00007.799928,-00018.899992
      Vertex   +00014.623476,+00004.625001,-00018.899992
      Vertex   +00004.101564,-00000.999022,-00018.899994
      Vertex   +00004.101564,+00002.175783,-00018.899994
   End Polygon
   Begin Polygon Item=Top Texture=burlwo1 Flags=8912928 Link=24
      Origin   +00017.553066,+00005.687500,+00062.000000
      Normal   -00000.999725,+00000.000002,+00000.023432
      TextureU +00000.000000,-00001.000000,+00000.000000
      TextureV -00000.023430,+00000.000000,-00000.999725
      Vertex   +00015.633791,+00008.339968,-00019.892546
      Vertex   +00015.359378,+00009.437503,-00031.599882
      Vertex   +00015.359378,+00005.734378,-00031.599882
      Vertex   +00015.657045,+00006.031984,-00018.899992
      Vertex   +00015.657045,+00008.352419,-00018.899992
   End Polygon
   Begin Polygon Item=Top Texture=burlwo1 Flags=8912928 Link=24
      Origin   +00017.553066,+00005.687500,+00062.000000
      Normal   -00000.999725,-00000.000012,+00000.023430
      TextureU +00000.000000,-00001.000000,+00000.000000
      TextureV -00000.023430,+00000.000000,-00000.999725
      Vertex   +00015.359378,+00009.840579,-00031.599882
      Vertex   +00015.359378,+00009.437503,-00031.599882
      Vertex   +00015.633791,+00008.339968,-00019.892546
      Vertex   +00015.722657,+00008.387452,-00016.099974
      Vertex   +00015.722657,+00009.477296,-00016.099974
   End Polygon
   Begin Polygon Texture=burlwo1 Flags=8912928 Link=30
      Origin   +00017.739361,+00009.359604,+00062.000000
      Normal   -00000.471232,+00000.882009,+00000.001148
      TextureU -00000.882009,-00000.471232,+00000.000000
      TextureV -00000.000541,+00000.001013,-00000.999999
      Vertex   +00015.657045,+00008.352419,-00018.899992
      Vertex   +00000.846132,+00000.442995,-00018.899994
      Vertex   +00000.736818,+00000.377321,-00016.099976
      Vertex   +00015.722657,+00008.387452,-00016.099974
   End Polygon
   Begin Polygon Texture=burlwo1 Flags=8912928 Link=31
      Origin   +00018.315411,-00008.897278,+00062.000000
      Normal   +00000.471397,+00000.881921,+00000.000004
      TextureU -00000.881921,+00000.471397,+00000.000000
      TextureV +00000.000000,+00000.000000,-00001.000000
      Vertex   +00016.136782,-00007.733031,-00018.899994
      Vertex   +00003.819948,-00001.149534,-00018.899994
      Vertex   +00003.756410,-00001.115599,-00016.099976
      Vertex   +00016.136782,-00007.733031,-00016.099976
   End Polygon
   Begin Polygon Texture=burlwo1 Flags=8912928 Link=32
      Origin   +00001.321724,-00001.499649,+00062.000000
      Normal   +00000.469475,-00000.882881,+00000.010677
      TextureU +00000.882932,+00000.469501,+00000.000000
      TextureV +00000.005013,-00000.009427,-00000.999943
      Vertex   +00003.819948,-00001.149534,-00018.899994
      Vertex   +00016.136782,+00005.433839,-00018.899992
      Vertex   +00016.136782,+00005.433839,-00016.099974
      Vertex   +00003.756410,-00001.115599,-00016.099976
   End Polygon
   Begin Polygon Texture=burlwo1 Flags=8912928 Link=33
      Origin   +00018.936775,-00011.087646,+00062.000000
      Normal   +00001.000000,+00000.000000,+00000.000000
      TextureU +00000.000000,+00001.000000,+00000.000000
      TextureV +00000.000000,+00000.000000,-00001.000000
      Vertex   +00018.936769,-00008.656981,-00018.899994
      Vertex   +00018.936769,+00006.031984,-00018.899992
      Vertex   +00018.936769,+00006.097658,-00016.099974
      Vertex   +00018.936769,-00008.722655,-00016.099976
   End Polygon
   Begin Polygon Texture=burlwo1 Flags=8912928 Link=34
      Origin   +00016.136787,+00008.512329,+00062.000000
      Normal   -00001.000000,+00000.000000,+00000.000000
      TextureU +00000.000000,-00001.000000,+00000.000000
      TextureV +00000.000000,+00000.000000,-00001.000000
      Vertex   +00016.136782,+00005.433839,-00018.899992
      Vertex   +00016.136782,-00007.733031,-00018.899994
      Vertex   +00016.136782,-00007.733031,-00016.099976
      Vertex   +00016.136782,+00005.433839,-00016.099974
   End Polygon
   Begin Polygon Item=Top Texture=burlwo1 Flags=8912928 Link=35
      Origin   +00017.906265,+00010.044205,+00062.000000
      Normal   +00000.997944,-00000.060761,+00000.020386
      TextureU +00000.060773,+00000.998152,+00000.000000
      TextureV +00000.020348,-00000.001239,-00000.999792
      Vertex   +00019.128176,+00007.032838,-00017.199919
      Vertex   +00018.936769,+00006.071901,-00017.199919
      Vertex   +00018.936769,+00006.031984,-00018.899992
      Vertex   +00019.168032,+00007.054201,-00018.899961
      Vertex   +00019.168032,+00009.542849,-00018.899961
      Vertex   +00019.128176,+00009.503054,-00017.199919
   End Polygon
   Begin Polygon Item=Top Texture=burlwo1 Flags=8912928 Link=36
      Origin   +00016.269920,+00009.638077,+00062.000000
      Normal   +00000.997921,+00000.060759,+00000.021486
      TextureU -00000.060774,+00000.998152,+00000.000000
      TextureV +00000.021446,+00000.001306,-00000.999769
      Vertex   +00019.168032,-00009.353270,-00018.899963
      Vertex   +00018.936769,-00008.656981,-00018.899994
      Vertex   +00018.936769,-00008.696898,-00017.199921
      Vertex   +00019.128176,-00009.332029,-00017.199921
      Vertex   +00019.128176,-00012.128050,-00017.199921
      Vertex   +00019.168032,-00012.167845,-00018.899963
   End Polygon
   Begin Polygon Texture=burlwo1 Flags=8912928 Link=37
      Origin   -00000.290100,-00002.127121,+00062.000000
      Normal   -00000.471398,-00000.881921,-00000.000008
      TextureU +00000.881921,-00000.471398,+00000.000000
      TextureV +00000.000000,+00000.000000,-00001.000000
      Vertex   +00001.469240,-00003.067991,-00018.899994
      Vertex   +00015.657045,-00010.651487,-00018.899994
      Vertex   +00015.722657,-00010.686645,-00016.099976
      Vertex   +00001.346437,-00003.002318,-00016.099976
   End Polygon
   Begin Polygon Item=Top Texture=burlwo1 Flags=8912928 Link=24
      Origin   +00017.553066,+00005.687500,+00062.000000
      Normal   -00000.999725,+00000.000000,+00000.023432
      TextureU +00000.000000,-00001.000000,+00000.000000
      TextureV -00000.023430,+00000.000000,-00000.999725
      Vertex   +00015.657045,-00010.651487,-00018.899994
      Vertex   +00015.657045,-00012.167845,-00018.899963
      Vertex   +00016.100037,-00011.724976,+00000.000000
      Vertex   +00016.100037,-00010.888306,+00000.000000
   End Polygon
   Begin Polygon Texture=burlwo1 Flags=8912928 Link=27
      Origin   +00071.999985,-00226.000000,-00018.899948
      Normal   +00000.000000,+00000.000000,-00001.000000
      TextureU +00001.000000,+00000.000000,+00000.000000
      TextureV +00000.000000,+00001.000000,+00000.000000
      Vertex   +00014.623476,-00006.924193,-00018.899994
      Vertex   +00014.623476,-00010.098997,-00018.899994
      Vertex   +00003.067995,-00003.922484,-00018.899994
      Vertex   +00003.067995,-00000.747679,-00018.899994
   End Polygon
   Begin Polygon Texture=burlwo1 Flags=8912928 Link=27
      Origin   +00071.999985,-00226.000000,-00018.899948
      Normal   +00000.000000,+00000.000000,-00001.000000
      TextureU +00001.000000,+00000.000000,+00000.000000
      TextureV +00000.000000,+00001.000000,+00000.000000
      Vertex   +00018.936769,-00008.656981,-00018.899994
      Vertex   +00017.865419,-00008.656981,-00018.899994
      Vertex   +00016.136782,-00007.733031,-00018.899994
      Vertex   +00016.136782,+00005.433839,-00018.899992
      Vertex   +00017.255800,+00006.031984,-00018.899992
      Vertex   +00018.936769,+00006.031984,-00018.899992
   End Polygon
   Begin Polygon Texture=burlwo1 Flags=8912928 Link=27
      Origin   +00071.999985,-00226.000000,-00018.899948
      Normal   +00000.000000,+00000.000000,-00001.000000
      TextureU +00001.000000,+00000.000000,+00000.000000
      TextureV +00000.000000,+00001.000000,+00000.000000
      Vertex   +00014.623476,+00004.625001,-00018.899992
      Vertex   +00014.623476,+00006.031984,-00018.899992
      Vertex   +00017.255800,+00006.031984,-00018.899992
   End Polygon
   Begin Polygon Texture=burlwo1 Flags=8912928 Link=27
      Origin   +00071.999985,-00226.000000,-00018.899948
      Normal   +00000.000000,+00000.000000,-00001.000000
      TextureU +00001.000000,+00000.000000,+00000.000000
      TextureV +00000.000000,+00001.000000,+00000.000000
      Vertex   +00014.623476,-00006.924193,-00018.899994
      Vertex   +00017.865419,-00008.656981,-00018.899994
      Vertex   +00014.623476,-00008.656981,-00018.899994
   End Polygon
   Begin Polygon Texture=burlwo1 Flags=8912928 Link=27
      Origin   +00071.999985,-00226.000000,-00018.899948
      Normal   +00000.000000,+00000.000000,-00001.000000
      TextureU +00001.000000,+00000.000000,+00000.000000
      TextureV +00000.000000,+00001.000000,+00000.000000
      Vertex   +00015.657045,+00006.031984,-00018.899992
      Vertex   +00014.623476,+00006.031984,-00018.899992
      Vertex   +00014.623476,+00007.799928,-00018.899992
      Vertex   +00015.657045,+00008.352419,-00018.899992
   End Polygon
   Begin Polygon Texture=burlwo1 Flags=8912928 Link=27
      Origin   +00071.999985,-00226.000000,-00018.899948
      Normal   +00000.000000,+00000.000000,-00001.000000
      TextureU +00001.000000,+00000.000000,+00000.000000
      TextureV +00000.000000,+00001.000000,+00000.000000
      Vertex   +00015.657045,-00008.656981,-00018.899994
      Vertex   +00015.657045,-00010.651487,-00018.899994
      Vertex   +00014.623476,-00010.098997,-00018.899994
      Vertex   +00014.623476,-00008.656981,-00018.899994
   End Polygon
   Begin Polygon Item=Top Texture=burlwo1 Flags=8912928 Link=17
      Origin   -00000.787468,-00001.452850,+00062.000000
      Normal   +00000.000000,+00000.999725,+00000.023448
      TextureU -00001.000000,+00000.000000,+00000.000000
      TextureV +00000.000000,+00000.023428,-00000.999726
      Vertex   +00000.846132,+00000.442995,-00018.899994
      Vertex   -00000.442930,+00000.442995,-00018.899994
      Vertex   -00000.377379,+00000.377321,-00016.099976
      Vertex   +00000.736818,+00000.377321,-00016.099976
   End Polygon
   Begin Polygon Item=Top Texture=burlwo1 Flags=8912928 Link=18
      Origin   +00003.412544,-00001.172180,+00062.000000
      Normal   +00000.000000,-00000.999725,+00000.023448
      TextureU +00001.000000,+00000.000000,+00000.000000
      TextureV +00000.000000,-00000.023428,-00000.999726
      Vertex   -00000.442930,-00003.067991,-00018.899994
      Vertex   +00001.469240,-00003.067991,-00018.899994
      Vertex   +00001.346437,-00003.002318,-00016.099976
      Vertex   -00000.377318,-00003.002318,-00016.099976
   End Polygon
   Begin Polygon Texture=burlwo1 Flags=8912928 Link=27
      Origin   +00071.999985,-00226.000000,-00018.899948
      Normal   +00000.000000,+00000.000000,-00001.000000
      TextureU +00001.000000,+00000.000000,+00000.000000
      TextureV +00000.000000,+00001.000000,+00000.000000
      Vertex   +00002.793337,+00001.476564,-00018.899994
      Vertex   +00004.101564,+00002.175783,-00018.899994
      Vertex   +00004.101564,+00000.442995,-00018.899994
      Vertex   +00000.846132,+00000.442995,-00018.899994
   End Polygon
   Begin Polygon Texture=burlwo1 Flags=8912928 Link=27
      Origin   +00071.999985,-00226.000000,-00018.899948
      Normal   +00000.000000,+00000.000000,-00001.000000
      TextureU +00001.000000,+00000.000000,+00000.000000
      TextureV +00000.000000,+00001.000000,+00000.000000
      Vertex   +00004.101564,+00000.442995,-00018.899994
      Vertex   +00004.101564,-00000.999022,-00018.899994
      Vertex   +00003.819948,-00001.149534,-00018.899994
      Vertex   +00003.067995,-00000.747679,-00018.899994
      Vertex   +00003.067995,+00000.442995,-00018.899994
   End Polygon
   Begin Polygon Texture=burlwo1 Flags=8912928 Link=27
      Origin   +00071.999985,-00226.000000,-00018.899948
      Normal   +00000.000000,+00000.000000,-00001.000000
      TextureU +00001.000000,+00000.000000,+00000.000000
      TextureV +00000.000000,+00001.000000,+00000.000000
      Vertex   +00003.067995,-00003.067991,-00018.899994
      Vertex   +00003.067995,-00003.922484,-00018.899994
      Vertex   +00001.469240,-00003.067991,-00018.899994
   End Polygon
   Begin Polygon Item=Cap Texture=burlwo1 Flags=8912928 Link=50
      Origin   +00071.999985,-00226.000000,+00008.400036
      Normal   +00000.000000,+00000.000000,-00001.000000
      TextureU +00001.000000,+00000.000000,+00000.000000
      TextureV +00000.000000,+00001.000000,+00000.000000
      Vertex   +00017.014038,+00015.487548,+00008.400027
      Vertex   +00023.303589,+00011.856200,+00008.400027
      Vertex   +00001.721435,+00011.856200,+00008.400025
      Vertex   +00008.010985,+00015.487548,+00008.400026
   End Polygon
   Begin Polygon Item=Top Texture=burlwo1 Flags=8912928 Link=51
      Origin   +00071.999985,-00008.437302,+00062.000000
      Normal   +00000.000000,-00000.995634,-00000.093338
      TextureU +00001.000000,+00000.000000,+00000.000000
      TextureV +00000.000000,+00000.093338,-00000.995634
      Vertex   -00000.787476,-00003.412476,+00008.400024
      Vertex   +00000.000000,-00002.625000,+00000.000000
      Vertex   +00002.625000,-00002.625000,+00000.000000
      Vertex   +00003.412536,-00003.412476,+00008.400024
   End Polygon
   Begin Polygon Item=Top Texture=burlwo1 Flags=8912928 Link=18
      Origin   +00003.412544,-00001.172180,+00062.000000
      Normal   +00000.000000,-00000.999726,+00000.023429
      TextureU +00001.000000,+00000.000000,+00000.000000
      TextureV +00000.000000,-00000.023428,-00000.999726
      Vertex   +00002.625000,-00002.625000,+00000.000000
      Vertex   +00000.000000,-00002.625000,+00000.000000
      Vertex   -00000.377318,-00003.002318,-00016.099976
      Vertex   +00003.002382,-00003.002318,-00016.099976
   End Polygon
   Begin Polygon Item=Top Texture=burlwo1 Flags=8912928 Link=53
      Origin   +00071.999985,-00003.287674,+00062.000000
      Normal   +00000.000000,+00000.995635,-00000.093337
      TextureU -00001.000000,+00000.000000,+00000.000000
      TextureV +00000.000000,-00000.093337,-00000.995635
      Vertex   +00019.512512,-00008.312501,+00008.400025
      Vertex   +00018.725037,-00009.099976,+00000.000001
      Vertex   +00016.100037,-00009.099976,+00000.000001
      Vertex   +00015.312499,-00008.312501,+00008.400025
   End Polygon
   Begin Polygon Item=Top Texture=burlwo1 Flags=8912928 Link=12
      Origin   +00016.400944,+00009.768539,+00062.000000
      Normal   +00000.999354,+00000.027569,+00000.023051
      TextureU -00000.029979,+00000.999551,+00000.000000
      TextureV +00000.025526,+00000.000766,-00000.999674
      Vertex   +00018.725037,-00009.099976,+00000.000001
      Vertex   +00018.725037,-00011.724976,+00000.000001
      Vertex   +00019.102419,-00012.102294,-00016.099976
      Vertex   +00019.102419,-00009.318236,-00016.099976
      Vertex   +00018.936769,-00008.722655,-00016.099976
   End Polygon
   Begin Polygon Item=Top Texture=burlwo1 Flags=8912928 Link=24
      Origin   +00017.553066,+00005.687500,+00062.000000
      Normal   -00000.999725,-00000.000000,+00000.023433
      TextureU +00000.000000,-00001.000000,+00000.000000
      TextureV -00000.023430,+00000.000000,-00000.999725
      Vertex   +00016.100037,-00010.888306,+00000.000000
      Vertex   +00016.100037,-00009.099976,+00000.000001
      Vertex   +00015.722657,-00008.722655,-00016.099976
      Vertex   +00015.722657,-00010.686645,-00016.099976
   End Polygon
   Begin Polygon Item=Top Texture=burlwo1 Flags=8912928 Link=0
      Origin   +00015.312508,-00010.552826,+00062.000000
      Normal   +00000.000005,+00000.999725,+00000.023430
      TextureU -00001.000000,+00000.000000,+00000.000000
      TextureV +00000.000000,+00000.023428,-00000.999726
      Vertex   +00016.100037,-00009.099976,+00000.000001
      Vertex   +00018.725037,-00009.099976,+00000.000001
      Vertex   +00018.987551,-00008.837523,-00011.199889
      Vertex   +00018.936769,-00008.722655,-00016.099976
      Vertex   +00015.722657,-00008.722655,-00016.099976
   End Polygon
   Begin Polygon Item=Top Texture=burlwo1 Flags=8912928 Link=57
      Origin   +00010.287270,-00226.000000,+00062.000000
      Normal   -00000.995634,+00000.000000,-00000.093345
      TextureU +00000.000000,-00001.000000,+00000.000000
      TextureV +00000.093345,-00000.000000,-00000.995634
      Vertex   +00015.312499,-00008.312501,+00008.400025
      Vertex   +00016.100037,-00009.099976,+00000.000001
      Vertex   +00016.100037,-00011.724976,+00000.000000
      Vertex   +00015.312499,-00012.512452,+00008.400024
   End Polygon
   Begin Polygon Item=Top Texture=burlwo1 Flags=8912928 Link=58
      Origin   +00024.537342,-00226.000000,+00062.000000
      Normal   +00000.995634,+00000.000000,-00000.093338
      TextureU +00000.000000,+00001.000000,+00000.000000
      TextureV -00000.093338,+00000.000000,-00000.995634
      Vertex   +00018.725037,-00009.099976,+00000.000001
      Vertex   +00019.512512,-00008.312501,+00008.400025
      Vertex   +00019.512512,-00012.512452,+00008.400025
      Vertex   +00018.725037,-00011.724976,+00000.000001
   End Polygon
   Begin Polygon Item=Top Texture=burlwo1 Flags=8912928 Link=59
      Origin   +00071.999985,-00017.537186,+00062.000000
      Normal   +00000.000000,-00000.995634,-00000.093338
      TextureU +00001.000000,+00000.000000,+00000.000000
      TextureV +00000.000000,+00000.093338,-00000.995634
      Vertex   +00015.312499,-00012.512452,+00008.400024
      Vertex   +00016.100037,-00011.724976,+00000.000000
      Vertex   +00018.725037,-00011.724976,+00000.000001
      Vertex   +00019.512512,-00012.512452,+00008.400025
   End Polygon
   Begin Polygon Item=Top Texture=burlwo1 Flags=8912928 Link=22
      Origin   +00001.171829,+00000.787354,+00062.000000
      Normal   +00000.999714,-00000.003333,+00000.023664
      TextureU +00000.000000,+00001.000000,+00000.000000
      TextureV +00000.023432,+00000.000000,-00000.999725
      Vertex   +00002.625000,+00000.000000,+00000.000000
      Vertex   +00002.625000,-00002.625000,+00000.000000
      Vertex   +00003.002382,-00003.002318,-00016.099976
      Vertex   +00003.002382,-00001.115599,-00016.099976
      Vertex   +00003.022401,+00000.377321,-00016.099976
   End Polygon
   Begin Polygon Item=Top Texture=burlwo1 Flags=8912928 Link=61
      Origin   -00005.813286,-00226.000000,+00062.000000
      Normal   -00000.995634,+00000.000000,-00000.093338
      TextureU +00000.000000,-00001.000000,+00000.000000
      TextureV +00000.093345,-00000.000000,-00000.995634
      Vertex   -00000.787476,-00003.412476,+00008.400024
      Vertex   -00000.787476,+00000.787475,+00008.400024
      Vertex   +00000.000000,+00000.000000,+00000.000000
      Vertex   +00000.000000,-00002.625000,+00000.000000
   End Polygon
   Begin Polygon Item=Top Texture=burlwo1 Flags=8912928 Link=62
      Origin   +00071.999985,+00005.812347,+00062.000000
      Normal   +00000.000000,+00000.995635,-00000.093337
      TextureU -00001.000000,+00000.000000,+00000.000000
      TextureV +00000.000000,-00000.093337,-00000.995635
      Vertex   +00002.625000,+00000.000000,+00000.000000
      Vertex   +00000.000000,+00000.000000,+00000.000000
      Vertex   -00000.787476,+00000.787475,+00008.400024
      Vertex   +00003.412536,+00000.787475,+00008.400024
   End Polygon
   Begin Polygon Item=Top Texture=burlwo1 Flags=8912928 Link=58
      Origin   +00024.537342,-00226.000000,+00062.000000
      Normal   +00000.995634,+00000.000000,-00000.093338
      TextureU +00000.000000,+00001.000000,+00000.000000
      TextureV -00000.093338,+00000.000000,-00000.995634
      Vertex   +00019.512512,+00005.687499,+00008.400026
      Vertex   +00018.725037,+00006.474976,+00000.000002
      Vertex   +00018.725037,+00009.099976,+00000.000002
      Vertex   +00019.512512,+00009.887450,+00008.400027
   End Polygon
   Begin Polygon Item=Top Texture=burlwo1 Flags=8912928 Link=7
      Origin   +00017.134495,+00009.984360,+00062.000000
      Normal   +00000.999250,-00000.031582,+00000.022397
      TextureU +00000.029979,+00000.999551,+00000.000000
      TextureV +00000.026190,-00000.000785,-00000.999657
      Vertex   +00018.725037,+00009.099976,+00000.000002
      Vertex   +00018.725037,+00006.474976,+00000.000002
      Vertex   +00018.936769,+00006.071901,-00017.199919
      Vertex   +00019.128176,+00007.032838,-00017.199919
      Vertex   +00019.128176,+00009.503054,-00017.199919
   End Polygon
   Begin Polygon Item=Top Texture=burlwo1 Flags=8912928 Link=1
      Origin   +00019.512520,+00007.927811,+00062.000000
      Normal   +00000.000006,-00000.999725,+00000.023430
      TextureU +00001.000000,+00000.000000,+00000.000000
      TextureV +00000.000000,-00000.023428,-00000.999726
      Vertex   +00019.016970,+00006.183106,-00012.455534
      Vertex   +00018.725037,+00006.474976,+00000.000002
      Vertex   +00016.100037,+00006.474976,+00000.000002
      Vertex   +00015.722657,+00006.097658,-00016.099974
      Vertex   +00018.936769,+00006.097658,-00016.099974
   End Polygon
   Begin Polygon Item=Top Texture=burlwo1 Flags=8912928 Link=66
      Origin   +00071.999985,+00000.662872,+00062.000000
      Normal   +00000.000000,-00000.995634,-00000.093338
      TextureU +00001.000000,+00000.000000,+00000.000000
      TextureV +00000.000000,+00000.093338,-00000.995634
      Vertex   +00015.312499,+00005.687499,+00008.400026
      Vertex   +00016.100037,+00006.474976,+00000.000002
      Vertex   +00018.725037,+00006.474976,+00000.000002
      Vertex   +00019.512512,+00005.687499,+00008.400026
   End Polygon
   Begin Polygon Item=Top Texture=burlwo1 Flags=8912928 Link=24
      Origin   +00017.553066,+00005.687500,+00062.000000
      Normal   -00000.999725,+00000.000000,+00000.023433
      TextureU +00000.000000,-00001.000000,+00000.000000
      TextureV -00000.023430,+00000.000000,-00000.999725
      Vertex   +00016.100037,+00006.474976,+00000.000002
      Vertex   +00016.100037,+00009.099976,+00000.000002
      Vertex   +00015.722657,+00009.477296,-00016.099974
      Vertex   +00015.722657,+00006.097658,-00016.099974
   End Polygon
   Begin Polygon Item=Top Texture=burlwo1 Flags=8912928 Link=57
      Origin   +00010.287270,-00226.000000,+00062.000000
      Normal   -00000.995634,+00000.000000,-00000.093345
      TextureU +00000.000000,-00001.000000,+00000.000000
      TextureV +00000.093345,-00000.000000,-00000.995634
      Vertex   +00016.100037,+00006.474976,+00000.000002
      Vertex   +00015.312499,+00005.687499,+00008.400026
      Vertex   +00015.312499,+00009.887450,+00008.400026
      Vertex   +00016.100037,+00009.099976,+00000.000002
   End Polygon
   Begin Polygon Item=Top Texture=burlwo1 Flags=8912928 Link=69
      Origin   +00071.999985,+00014.912277,+00062.000000
      Normal   +00000.000000,+00000.995635,-00000.093337
      TextureU -00001.000000,+00000.000000,+00000.000000
      TextureV +00000.000000,-00000.093337,-00000.995635
      Vertex   +00016.100037,+00009.099976,+00000.000002
      Vertex   +00015.312499,+00009.887450,+00008.400026
      Vertex   +00019.512512,+00009.887450,+00008.400027
      Vertex   +00018.725037,+00009.099976,+00000.000002
   End Polygon
   Begin Polygon Item=Top Texture=burlwo1 Flags=8912928 Link=70
      Origin   +00008.436806,-00226.000000,+00062.000000
      Normal   +00000.995634,+00000.000000,-00000.093345
      TextureU +00000.000000,+00001.000000,+00000.000000
      TextureV -00000.093338,+00000.000000,-00000.995634
      Vertex   +00003.412536,-00003.412476,+00008.400024
      Vertex   +00002.625000,-00002.625000,+00000.000000
      Vertex   +00002.625000,+00000.000000,+00000.000000
      Vertex   +00003.412536,+00000.787475,+00008.400024
   End Polygon
   Begin Polygon Item=Top Texture=burlwo1 Flags=8912928 Link=17
      Origin   -00000.787468,-00001.452850,+00062.000000
      Normal   +00000.000000,+00000.999725,+00000.023430
      TextureU -00001.000000,+00000.000000,+00000.000000
      TextureV +00000.000000,+00000.023428,-00000.999726
      Vertex   +00000.000000,+00000.000000,+00000.000000
      Vertex   +00002.625000,+00000.000000,+00000.000000
      Vertex   +00003.022401,+00000.377321,-00016.099976
      Vertex   -00000.377379,+00000.377321,-00016.099976
   End Polygon
   Begin Polygon Item=Top Texture=cush3 Flags=8912928 Link=72
      Origin   +00071.999985,-00226.000000,-00265.969116
      Normal   -00000.000000,-00000.799985,+00000.600020
      TextureU +00001.000000,+00000.000000,+00000.000000
      TextureV -00000.000000,+00000.360023,+00000.480007
      Vertex   +00017.014036,-00018.112551,+00011.200012
      Vertex   +00016.451353,-00016.012453,+00014.000000
      Vertex   +00008.573668,-00016.012453,+00013.999999
      Vertex   +00008.010985,-00018.112551,+00011.200011
   End Polygon
   Begin Polygon Item=Top Texture=cush3 Flags=8912928 Link=73
      Origin   +00071.999985,-00226.000000,+00332.695190
      Normal   -00000.399995,+00000.692813,+00000.600012
      TextureU +00000.840004,+00000.277122,+00000.240002
