Begin PolyList
   Begin Polygon Item=Wall Texture=drestopj Flags=8912928 Link=0
      Origin   -00031.300352,+00018.458010,+00064.000000
      Normal   -00000.309017,+00000.951056,+00000.000000
      TextureU -00000.951056,-00000.309017,+00000.000000
      TextureV +00000.000000,+00000.000000,-00001.000000
      Vertex   -00031.300323,+00018.457993,+00016.000000
      Vertex   -00031.300323,+00018.457993,+00014.000000
      Vertex   -00050.647827,+00012.171600,+00014.000000
      Vertex   -00050.647827,+00012.171600,+00016.000000
   End Polygon
   Begin Polygon Item=Wall Texture=cushwd2 Flags=8912928 Link=1
      Origin   -00048.647827,-00006.718506,+00014.000000
      Normal   -00000.309017,-00000.951057,+00000.000000
      TextureU +00003.804226,-00001.236067,+00000.000000
      TextureV -00000.000000,+00000.000000,+00004.000000
      Vertex   -00048.647827,-00006.718506,+00014.000000
      Vertex   -00048.647827,-00006.718506,+00008.000000
      Vertex   -00032.064240,-00012.106834,+00008.000000
      Vertex   -00032.064240,-00012.106834,+00014.000000
   End Polygon
   Begin Polygon Item=Wall Texture=drestopj Flags=8912928 Link=2
      Origin   -00050.647827,+00012.171575,+00064.000000
      Normal   -00001.000000,+00000.000000,+00000.000000
      TextureU -00000.000000,-00001.000000,+00000.000000
      TextureV +00000.000000,+00000.000000,-00001.000000
      Vertex   -00050.647827,-00008.171585,+00014.000000
      Vertex   -00050.647827,-00008.171585,+00016.000000
      Vertex   -00050.647827,+00012.171600,+00016.000000
      Vertex   -00050.647827,+00012.171600,+00014.000000
   End Polygon
   Begin Polygon Item=Wall Texture=drestopj Flags=8912928 Link=3
      Origin   -00031.300295,-00014.458005,+00064.000000
      Normal   +00000.809017,-00000.587785,+00000.000000
      TextureU +00000.587785,+00000.809017,+00000.000000
      TextureV +00000.000000,+00000.000000,-00001.000000
      Vertex   -00031.300293,-00014.457977,+00016.000000
      Vertex   -00031.300293,-00014.457977,+00014.000000
      Vertex   -00019.342865,+00002.000008,+00014.000000
      Vertex   -00019.342865,+00002.000008,+00016.000000
   End Polygon
   Begin Polygon Item=Wall Texture=drestopj Flags=8912928 Link=4
      Origin   -00050.647827,-00008.171565,+00064.000000
      Normal   -00000.309017,-00000.951057,+00000.000000
      TextureU +00000.951057,-00000.309017,+00000.000000
      TextureV +00000.000000,+00000.000000,-00001.000000
      Vertex   -00050.647827,-00008.171585,+00016.000000
      Vertex   -00050.647827,-00008.171585,+00014.000000
      Vertex   -00031.300293,-00014.457977,+00014.000000
      Vertex   -00031.300293,-00014.457977,+00016.000000
   End Polygon
   Begin Polygon Item=Cap Texture=drestopj Flags=8912928 Link=5
      Origin   -00551.999939,+00800.000061,+00014.000031
      Normal   +00000.000000,+00000.000000,-00001.000000
      TextureU -00001.000000,+00000.000000,+00000.000000
      TextureV -00000.000000,-00001.000000,+00000.000000
      Vertex   -00050.647827,-00006.068665,+00014.000000
      Vertex   -00030.064240,-00012.756691,+00014.000000
      Vertex   -00031.300293,-00014.457977,+00014.000000
      Vertex   -00050.647827,-00008.171585,+00014.000000
   End Polygon
   Begin Polygon Item=Wall Texture=cushwd4 Flags=8912928 Link=6
      Origin   -00035.647827,-00007.184410,-00036.815620
      Normal   +00000.000000,-00000.923880,+00000.382683
      TextureU +00000.000000,-00000.382683,-00000.923879
      TextureV +00001.000000,+00000.000000,+00000.000000
      Vertex   -00037.647827,-00010.988708,-00046.000008
      Vertex   -00035.647827,-00010.988708,-00046.000008
      Vertex   -00035.647827,-00007.184410,-00036.815620
      Vertex   -00037.647827,-00007.184410,-00036.815620
   End Polygon
   Begin Polygon Item=Cap Texture=cushwd4 Flags=8912928 Link=7
      Origin   -00037.647827,-00005.653671,-00038.346321
      Normal   -00001.000000,+00000.000000,+00000.000000
      TextureU +00000.000000,-00000.923879,+00000.382683
      TextureV +00000.000000,+00000.382683,+00000.923880
      Vertex   -00037.647827,-00005.653671,-00038.346321
      Vertex   -00037.647827,-00008.823914,-00046.000000
      Vertex   -00037.647827,-00010.988708,-00046.000008
      Vertex   -00037.647827,-00007.184410,-00036.815620
   End Polygon
   Begin Polygon Texture=cushwd4 Flags=8912928 Link=8
      Origin   -00872.647827,+00622.000000,-00045.999992
      Normal   +00000.000000,+00000.000004,-00001.000000
      TextureU +00001.000000,+00000.000000,+00000.000000
      TextureV +00000.000000,+00001.000000,+00000.000000
      Vertex   -00035.647827,-00010.988708,-00046.000008
      Vertex   -00037.647827,-00010.988708,-00046.000008
      Vertex   -00037.647827,-00008.823914,-00046.000000
      Vertex   -00035.647827,-00008.823914,-00046.000000
   End Polygon
   Begin Polygon Item=Cap Texture=drestopj Flags=8912928 Link=9
      Origin   -00551.999939,+00800.000061,+00015.999889
      Normal   +00000.000000,+00000.000000,+00001.000000
      Pan      U=32 V=0
      TextureU -00001.000000,+00000.000000,+00000.000000
      TextureV -00000.000000,-00001.000000,+00000.000000
      Vertex   -00050.647827,-00006.068665,+00016.000000
      Vertex   -00050.647827,-00008.171585,+00016.000000
      Vertex   -00031.300293,-00014.457977,+00016.000000
      Vertex   -00030.064240,-00012.756691,+00016.000000
   End Polygon
   Begin Polygon Item=Cap Texture=cushwd4 Flags=8912928 Link=10
      Origin   -00048.647827,+00010.718513,+00008.000000
      Normal   +00000.000000,+00000.000000,-00001.000000
      Pan      U=32 V=104
      TextureU +00001.236069,-00003.804226,+00000.000000
      TextureV -00003.804226,-00001.236069,+00000.000000
      Vertex   -00023.268097,+00004.000008,+00008.000000
      Vertex   -00048.647827,+00004.000008,+00008.000000
      Vertex   -00048.647827,+00010.718513,+00008.000000
      Vertex   -00032.064240,+00016.106857,+00008.000000
   End Polygon
   Begin Polygon Texture=cushwd2 Flags=8912928 Link=11
      Origin   -00038.647827,+00004.000008,+00008.000000
      Normal   -00001.000000,+00000.000000,+00000.000000
      Pan      U=16 V=56
      TextureU +00000.000000,-00004.000000,+00000.000000
      TextureV -00000.000000,+00000.000000,+00004.000000
      Vertex   -00038.647827,+00004.000008,+00008.000000
      Vertex   -00038.647827,+00004.000008,+00002.000000
      Vertex   -00038.647827,+00000.000008,+00002.000000
      Vertex   -00038.647827,+00000.000008,+00008.000000
   End Polygon
   Begin Polygon Item=Wall Texture=cushwd4 Flags=8912928 Link=12
      Origin   -00036.647827,+00001.000015,-00033.011307
      Normal   -00000.382683,+00000.000000,+00000.923880
      TextureU -00000.923879,+00000.000000,-00000.382683
      TextureV +00000.000000,-00001.000000,+00000.000000
      Vertex   -00038.647827,+00001.000015,-00033.839737
      Vertex   -00038.647827,+00003.000015,-00033.839737
      Vertex   -00045.832245,+00003.000015,-00036.815620
      Vertex   -00045.832245,+00001.000015,-00036.815620
   End Polygon
   Begin Polygon Item=Wall Texture=cushwd4 Flags=8912928 Link=13
      Origin   -00045.832245,+00001.000015,-00036.815620
      Normal   -00000.923880,+00000.000000,+00000.382683
      TextureU -00000.382683,+00000.000000,-00000.923879
      TextureV +00000.000000,-00001.000000,+00000.000000
      Vertex   -00049.636536,+00003.000015,-00046.000008
      Vertex   -00049.636536,+00001.000015,-00046.000008
      Vertex   -00045.832245,+00001.000015,-00036.815620
      Vertex   -00045.832245,+00003.000015,-00036.815620
   End Polygon
   Begin Polygon Item=Wall Texture=cushwd4 Flags=8912928 Link=14
      Origin   -00044.301514,+00001.000015,-00038.346321
      Normal   +00000.382680,+00000.000000,-00000.923881
      TextureU +00000.923880,+00000.000000,+00000.382683
      TextureV +00000.000000,-00001.000000,+00000.000000
      Vertex   -00038.647827,+00001.000015,-00036.004509
      Vertex   -00044.301514,+00001.000015,-00038.346321
      Vertex   -00044.301514,+00003.000015,-00038.346321
      Vertex   -00038.647827,+00003.000015,-00036.004509
   End Polygon
   Begin Polygon Item=Wall Texture=cushwd4 Flags=8912928 Link=15
      Origin   -00047.471741,+00001.000015,-00046.000000
      Normal   +00000.923881,+00000.000000,-00000.382680
      TextureU +00000.382683,+00000.000000,+00000.923880
      TextureV +00000.000000,-00001.000000,+00000.000000
      Vertex   -00047.471741,+00001.000015,-00046.000000
      Vertex   -00047.471741,+00003.000015,-00046.000000
      Vertex   -00044.301514,+00003.000015,-00038.346321
      Vertex   -00044.301514,+00001.000015,-00038.346321
   End Polygon
   Begin Polygon Item=Cap Texture=cushwd4 Flags=8912928 Link=16
      Origin   -00044.301514,+00003.000015,-00038.346321
      Normal   +00000.000000,+00001.000000,+00000.000000
      Pan      U=12 V=8
      TextureU -00000.923879,+00000.000000,+00000.382683
      TextureV +00000.382683,+00000.000000,+00000.923880
      Vertex   -00044.301514,+00003.000015,-00038.346321
      Vertex   -00047.471741,+00003.000015,-00046.000000
      Vertex   -00049.636536,+00003.000015,-00046.000008
      Vertex   -00045.832245,+00003.000015,-00036.815620
   End Polygon
   Begin Polygon Item=Cap Texture=cushwd4 Flags=8912928 Link=17
      Origin   -00045.832245,+00001.000015,-00036.815620
      Normal   +00000.000000,-00001.000000,+00000.000000
      TextureU +00000.923879,+00000.000000,-00000.382683
      TextureV +00000.382683,+00000.000000,+00000.923880
      Vertex   -00049.636536,+00001.000015,-00046.000008
      Vertex   -00047.471741,+00001.000015,-00046.000000
      Vertex   -00044.301514,+00001.000015,-00038.346321
      Vertex   -00045.832245,+00001.000015,-00036.815620
   End Polygon
   Begin Polygon Texture=cushwd4 Flags=8912928 Link=18
      Origin   +00583.352051,+00838.000061,-00045.999992
      Normal   +00000.000004,+00000.000000,-00001.000000
      TextureU +00000.000000,-00001.000000,+00000.000000
      TextureV +00001.000000,+00000.000000,+00000.000000
      Vertex   -00049.636536,+00001.000015,-00046.000008
      Vertex   -00049.636536,+00003.000015,-00046.000008
      Vertex   -00047.471741,+00003.000015,-00046.000000
      Vertex   -00047.471741,+00001.000015,-00046.000000
   End Polygon
   Begin Polygon Item=Cap Texture=cushwd4 Flags=8912928 Link=19
      Origin   -00036.647827,+00003.000015,-00035.176094
      Normal   +00000.000000,+00001.000000,+00000.000000
      Pan      U=12 V=8
      TextureU -00000.382683,+00000.000000,+00000.923879
      TextureV +00000.923880,+00000.000000,+00000.382683
      Vertex   -00038.647827,+00003.000015,-00036.004509
      Vertex   -00044.301514,+00003.000015,-00038.346321
      Vertex   -00045.832245,+00003.000015,-00036.815620
      Vertex   -00038.647827,+00003.000015,-00033.839737
   End Polygon
   Begin Polygon Item=Cap Texture=cushwd4 Flags=8912928 Link=20
      Origin   -00036.647827,+00001.000015,-00033.011307
      Normal   +00000.000000,-00001.000000,+00000.000000
      TextureU +00000.382683,+00000.000000,-00000.923879
      TextureV +00000.923880,+00000.000000,+00000.382683
      Vertex   -00038.647827,+00001.000015,-00033.839737
      Vertex   -00045.832245,+00001.000015,-00036.815620
      Vertex   -00044.301514,+00001.000015,-00038.346321
      Vertex   -00038.647827,+00001.000015,-00036.004509
   End Polygon
   Begin Polygon Texture=cushwd2 Flags=8912928 Link=21
      Origin   -00034.647827,+00000.000008,+00008.000000
      Normal   +00001.000000,+00000.000000,+00000.000000
      Pan      U=16 V=56
      TextureU +00000.000000,+00004.000000,-00000.000000
      TextureV -00000.000000,+00000.000000,+00004.000000
      Vertex   -00034.647827,+00004.000008,+00002.000000
      Vertex   -00034.647827,+00004.000008,+00008.000000
      Vertex   -00034.647827,+00000.000008,+00008.000000
      Vertex   -00034.647827,+00000.000008,+00002.000000
   End Polygon
   Begin Polygon Item=Wall Texture=cushwd4 Flags=8912928 Link=22
      Origin   -00023.659119,+00001.000015,-00046.000015
      Normal   +00000.923879,+00000.000000,+00000.382685
      TextureU -00000.382683,+00000.000000,+00000.923879
      TextureV +00000.000000,-00001.000000,+00000.000000
      Vertex   -00023.659119,+00001.000015,-00046.000015
      Vertex   -00023.659119,+00003.000015,-00046.000015
      Vertex   -00027.463440,+00003.000015,-00036.815628
      Vertex   -00027.463440,+00001.000015,-00036.815628
   End Polygon
   Begin Polygon Item=Wall Texture=cushwd4 Flags=8912928 Link=23
      Origin   -00027.463440,+00001.000015,-00036.815628
      Normal   +00000.382685,+00000.000000,+00000.923879
      TextureU -00000.923879,+00000.000000,+00000.382683
      TextureV +00000.000000,-00001.000000,+00000.000000
      Vertex   -00034.647827,+00001.000015,-00033.839745
      Vertex   -00027.463440,+00001.000015,-00036.815628
      Vertex   -00027.463440,+00003.000015,-00036.815628
      Vertex   -00034.647827,+00003.000015,-00033.839745
   End Polygon
   Begin Polygon Item=Wall Texture=cushwd4 Flags=8912928 Link=24
      Origin   -00028.994141,+00001.000015,-00038.346329
      Normal   -00000.923881,+00000.000000,-00000.382680
      TextureU +00000.382683,+00000.000000,-00000.923879
      TextureV +00000.000000,-00001.000000,+00000.000000
      Vertex   -00028.994141,+00001.000015,-00038.346329
      Vertex   -00028.994141,+00003.000015,-00038.346329
      Vertex   -00025.823914,+00003.000015,-00046.000015
      Vertex   -00025.823914,+00001.000015,-00046.000015
   End Polygon
   Begin Polygon Item=Wall Texture=cushwd4 Flags=8912928 Link=25
      Origin   -00036.647827,+00001.000015,-00035.176094
      Normal   -00000.382679,+00000.000000,-00000.923881
      TextureU +00000.923879,+00000.000000,-00000.382683
      TextureV +00000.000000,-00001.000000,+00000.000000
      Vertex   -00034.647827,+00001.000015,-00036.004524
      Vertex   -00034.647827,+00003.000015,-00036.004524
      Vertex   -00028.994141,+00003.000015,-00038.346329
      Vertex   -00028.994141,+00001.000015,-00038.346329
   End Polygon
   Begin Polygon Item=Cap Texture=cushwd4 Flags=8912928 Link=26
      Origin   -00028.994141,+00003.000015,-00038.346329
      Normal   +00000.000000,+00001.000000,+00000.000000
      Pan      U=36 V=184
      TextureU +00000.382683,+00000.000000,+00000.923880
      TextureV +00000.923879,+00000.000000,-00000.382683
      Vertex   -00028.994141,+00003.000015,-00038.346329
      Vertex   -00034.647827,+00003.000015,-00036.004524
      Vertex   -00034.647827,+00003.000015,-00033.839745
      Vertex   -00027.463440,+00003.000015,-00036.815628
   End Polygon
   Begin Polygon Item=Cap Texture=cushwd4 Flags=8912928 Link=27
      Origin   -00027.463440,+00001.000015,-00036.815628
      Normal   +00000.000000,-00001.000000,+00000.000000
      TextureU -00000.382683,+00000.000000,-00000.923879
      TextureV +00000.923879,+00000.000000,-00000.382683
      Vertex   -00034.647827,+00001.000015,-00033.839745
      Vertex   -00034.647827,+00001.000015,-00036.004524
      Vertex   -00028.994141,+00001.000015,-00038.346329
      Vertex   -00027.463440,+00001.000015,-00036.815628
   End Polygon
   Begin Polygon Item=Cap Texture=cushwd4 Flags=8912928 Link=28
      Origin   -00025.823914,+00003.000015,-00046.000015
      Normal   +00000.000000,+00001.000000,+00000.000000
      Pan      U=12 V=8
      TextureU +00000.923880,+00000.000000,+00000.382683
      TextureV +00000.382683,+00000.000000,-00000.923879
      Vertex   -00025.823914,+00003.000015,-00046.000015
      Vertex   -00028.994141,+00003.000015,-00038.346329
      Vertex   -00027.463440,+00003.000015,-00036.815628
      Vertex   -00023.659119,+00003.000015,-00046.000015
   End Polygon
   Begin Polygon Item=Cap Texture=cushwd4 Flags=8912928 Link=29
      Origin   -00023.659119,+00001.000015,-00046.000015
      Normal   +00000.000000,-00001.000000,+00000.000000
      TextureU -00000.923879,+00000.000000,-00000.382683
      TextureV +00000.382683,+00000.000000,-00000.923879
      Vertex   -00023.659119,+00001.000015,-00046.000015
      Vertex   -00027.463440,+00001.000015,-00036.815628
      Vertex   -00028.994141,+00001.000015,-00038.346329
      Vertex   -00025.823914,+00001.000015,-00046.000015
   End Polygon
   Begin Polygon Texture=cushwd4 Flags=8912928 Link=18
      Origin   +00583.352051,+00838.000061,-00045.999992
      Normal   +00000.000000,+00000.000000,-00001.000000
      TextureU +00000.000000,-00001.000000,+00000.000000
      TextureV +00001.000000,+00000.000000,+00000.000000
      Vertex   -00025.823914,+00001.000015,-00046.000015
      Vertex   -00025.823914,+00003.000015,-00046.000015
      Vertex   -00023.659119,+00003.000015,-00046.000015
      Vertex   -00023.659119,+00001.000015,-00046.000015
   End Polygon
   Begin Polygon Texture=cushwd2 Flags=8912928 Link=31
      Origin   -00034.647827,+00004.000008,+00008.000000
      Normal   +00000.000000,+00001.000000,+00000.000000
      Pan      U=16 V=56
      TextureU -00004.000000,+00000.000000,+00000.000000
      TextureV -00000.000000,+00000.000000,+00004.000000
      Vertex   -00034.647827,+00004.000008,+00008.000000
      Vertex   -00034.647827,+00004.000008,+00002.000000
      Vertex   -00038.647827,+00004.000008,+00002.000000
      Vertex   -00038.647827,+00004.000008,+00008.000000
   End Polygon
   Begin Polygon Item=Wall Texture=cushwd4 Flags=8912928 Link=32
      Origin   -00035.647827,+00014.988708,-00046.000015
      Normal   +00000.000000,+00000.923879,+00000.382685
      Pan      U=12 V=8
      TextureU +00000.000000,-00000.382683,+00000.923879
      TextureV +00001.000000,+00000.000000,+00000.000000
      Vertex   -00035.647827,+00014.988708,-00046.000015
      Vertex   -00037.647827,+00014.988708,-00046.000015
      Vertex   -00037.647827,+00011.184395,-00036.815628
      Vertex   -00035.647827,+00011.184395,-00036.815628
   End Polygon
   Begin Polygon Item=Wall Texture=cushwd4 Flags=8912928 Link=33
      Origin   -00035.647827,+00011.184395,-00036.815628
      Normal   +00000.000000,+00000.382685,+00000.923879
      Pan      U=12 V=8
      TextureU +00000.000000,-00000.923879,+00000.382683
      TextureV +00001.000000,+00000.000000,+00000.000000
      Vertex   -00035.647827,+00004.000008,-00033.839745
      Vertex   -00035.647827,+00011.184395,-00036.815628
      Vertex   -00037.647827,+00011.184395,-00036.815628
      Vertex   -00037.647827,+00004.000008,-00033.839745
   End Polygon
   Begin Polygon Item=Wall Texture=cushwd4 Flags=8912928 Link=34
      Origin   -00035.647827,+00009.653671,-00038.346329
      Normal   +00000.000000,-00000.923880,-00000.382682
      TextureU +00000.000000,+00000.382683,-00000.923879
      TextureV +00001.000000,+00000.000000,+00000.000000
      Vertex   -00035.647827,+00009.653671,-00038.346329
      Vertex   -00037.647827,+00009.653671,-00038.346329
      Vertex   -00037.647827,+00012.823921,-00046.000015
      Vertex   -00035.647827,+00012.823921,-00046.000015
   End Polygon
   Begin Polygon Item=Wall Texture=cushwd4 Flags=8912928 Link=35
      Origin   -00035.647827,+00001.999992,-00035.176094
      Normal   +00000.000000,-00000.382680,-00000.923881
      TextureU +00000.000000,+00000.923879,-00000.382683
      TextureV +00001.000000,+00000.000000,+00000.000000
      Vertex   -00035.647827,+00004.000000,-00036.004524
      Vertex   -00037.647827,+00004.000000,-00036.004524
      Vertex   -00037.647827,+00009.653671,-00038.346329
      Vertex   -00035.647827,+00009.653671,-00038.346329
   End Polygon
   Begin Polygon Item=Cap Texture=cushwd4 Flags=8912928 Link=36
      Origin   -00037.647827,+00009.653671,-00038.346329
      Normal   -00001.000000,+00000.000000,+00000.000000
      TextureU +00000.000000,+00000.382683,+00000.923880
      TextureV +00000.000000,+00000.923879,-00000.382683
      Vertex   -00037.647827,+00009.653671,-00038.346329
      Vertex   -00037.647827,+00004.000000,-00036.004524
      Vertex   -00037.647827,+00004.000008,-00033.839745
      Vertex   -00037.647827,+00011.184395,-00036.815628
   End Polygon
   Begin Polygon Item=Cap Texture=cushwd4 Flags=8912928 Link=37
      Origin   -00035.647827,+00011.184395,-00036.815628
      Normal   +00001.000000,+00000.000000,+00000.000000
      TextureU +00000.000000,-00000.382683,-00000.923879
      TextureV +00000.000000,+00000.923879,-00000.382683
      Vertex   -00035.647827,+00004.000008,-00033.839745
      Vertex   -00035.647827,+00004.000000,-00036.004524
      Vertex   -00035.647827,+00009.653671,-00038.346329
      Vertex   -00035.647827,+00011.184395,-00036.815628
   End Polygon
   Begin Polygon Item=Cap Texture=cushwd4 Flags=8912928 Link=38
      Origin   -00037.647827,+00012.823921,-00046.000015
      Normal   -00001.000000,+00000.000000,+00000.000000
      TextureU +00000.000000,+00000.923880,+00000.382683
      TextureV +00000.000000,+00000.382683,-00000.923879
      Vertex   -00037.647827,+00012.823921,-00046.000015
      Vertex   -00037.647827,+00009.653671,-00038.346329
      Vertex   -00037.647827,+00011.184395,-00036.815628
      Vertex   -00037.647827,+00014.988708,-00046.000015
   End Polygon
   Begin Polygon Item=Cap Texture=cushwd4 Flags=8912928 Link=39
      Origin   -00035.647827,+00014.988708,-00046.000015
      Normal   +00001.000000,+00000.000000,+00000.000000
      TextureU +00000.000000,-00000.923879,-00000.382683
      TextureV +00000.000000,+00000.382683,-00000.923879
      Vertex   -00035.647827,+00014.988708,-00046.000015
      Vertex   -00035.647827,+00011.184395,-00036.815628
      Vertex   -00035.647827,+00009.653671,-00038.346329
      Vertex   -00035.647827,+00012.823921,-00046.000015
   End Polygon
   Begin Polygon Texture=cushwd4 Flags=8912928 Link=8
      Origin   -00872.647827,+00622.000000,-00045.999992
      Normal   +00000.000000,+00000.000000,-00001.000000
      TextureU +00001.000000,+00000.000000,+00000.000000
      TextureV +00000.000000,+00001.000000,+00000.000000
      Vertex   -00035.647827,+00012.823921,-00046.000015
      Vertex   -00037.647827,+00012.823921,-00046.000015
      Vertex   -00037.647827,+00014.988708,-00046.000015
      Vertex   -00035.647827,+00014.988708,-00046.000015
   End Polygon
   Begin Polygon Texture=cushwd2 Flags=8912928 Link=41
      Origin   -00038.647827,+00000.000008,+00008.000000
      Normal   +00000.000000,-00001.000000,+00000.000000
      Pan      U=16 V=56
      TextureU +00004.000000,+00000.000000,+00000.000000
      TextureV -00000.000000,+00000.000000,+00004.000000
      Vertex   -00038.647827,+00000.000008,+00008.000000
      Vertex   -00038.647827,+00000.000008,+00002.000000
      Vertex   -00034.647827,+00000.000008,+00002.000000
      Vertex   -00034.647827,+00000.000008,+00008.000000
   End Polygon
   Begin Polygon Item=Wall Texture=cushwd4 Flags=8912928 Link=42
      Origin   -00035.647827,+00001.999992,-00033.011307
      Normal   +00000.000000,-00000.382684,+00000.923879
      TextureU +00000.000000,-00000.923879,-00000.382683
      TextureV +00001.000000,+00000.000000,+00000.000000
      Vertex   -00035.647827,+00000.000000,-00033.839737
      Vertex   -00037.647827,+00000.000000,-00033.839737
      Vertex   -00037.647827,-00007.184410,-00036.815620
      Vertex   -00035.647827,-00007.184410,-00036.815620
   End Polygon
   Begin Polygon Item=Wall Texture=cushwd4 Flags=8912928 Link=43
      Origin   -00035.647827,-00005.653671,-00038.346321
      Normal   +00000.000000,+00000.382681,-00000.923881
      TextureU +00000.000000,+00000.923880,+00000.382683
      TextureV +00001.000000,+00000.000000,+00000.000000
      Vertex   -00035.647827,+00000.000008,-00036.004509
      Vertex   -00035.647827,-00005.653671,-00038.346321
      Vertex   -00037.647827,-00005.653671,-00038.346321
      Vertex   -00037.647827,+00000.000008,-00036.004509
   End Polygon
   Begin Polygon Item=Wall Texture=cushwd4 Flags=8912928 Link=44
      Origin   -00035.647827,-00008.823914,-00046.000000
      Normal   +00000.000000,+00000.923880,-00000.382682
      TextureU +00000.000000,+00000.382683,+00000.923880
      TextureV +00001.000000,+00000.000000,+00000.000000
      Vertex   -00035.647827,-00008.823914,-00046.000000
      Vertex   -00037.647827,-00008.823914,-00046.000000
      Vertex   -00037.647827,-00005.653671,-00038.346321
      Vertex   -00035.647827,-00005.653671,-00038.346321
   End Polygon
   Begin Polygon Item=Cap Texture=cushwd4 Flags=8912928 Link=45
      Origin   -00035.647827,-00007.184410,-00036.815620
      Normal   +00001.000000,+00000.000000,+00000.000000
      TextureU +00000.000000,+00000.923879,-00000.382683
      TextureV +00000.000000,+00000.382683,+00000.923880
      Vertex   -00035.647827,-00010.988708,-00046.000008
      Vertex   -00035.647827,-00008.823914,-00046.000000
      Vertex   -00035.647827,-00005.653671,-00038.346321
      Vertex   -00035.647827,-00007.184410,-00036.815620
   End Polygon
   Begin Polygon Item=Cap Texture=cushwd4 Flags=8912928 Link=46
      Origin   -00037.647827,+00001.999992,-00035.176094
      Normal   -00001.000000,+00000.000000,+00000.000000
      TextureU +00000.000000,-00000.382683,+00000.923879
      TextureV +00000.000000,+00000.923880,+00000.382683
      Vertex   -00037.647827,+00000.000008,-00036.004509
      Vertex   -00037.647827,-00005.653671,-00038.346321
      Vertex   -00037.647827,-00007.184410,-00036.815620
      Vertex   -00037.647827,+00000.000000,-00033.839737
   End Polygon
   Begin Polygon Item=Cap Texture=cushwd4 Flags=8912928 Link=47
      Origin   -00035.647827,+00001.999992,-00033.011307
      Normal   +00001.000000,+00000.000000,+00000.000000
      TextureU +00000.000000,+00000.382683,-00000.923879
      TextureV +00000.000000,+00000.923880,+00000.382683
      Vertex   -00035.647827,+00000.000000,-00033.839737
      Vertex   -00035.647827,-00007.184410,-00036.815620
      Vertex   -00035.647827,-00005.653671,-00038.346321
      Vertex   -00035.647827,+00000.000008,-00036.004509
   End Polygon
   Begin Polygon Texture=cushwd4 Flags=8912928 Link=48
      Origin   -00038.647827,+00000.000008,-00036.000000
      Normal   +00000.000000,+00000.000000,-00001.000000
      TextureU +00001.000000,+00000.000000,+00000.000000
      TextureV +00000.000000,-00001.000000,+00000.000000
      Vertex   -00038.647827,+00004.000008,-00036.000000
      Vertex   -00034.647827,+00004.000008,-00036.000000
      Vertex   -00034.647827,+00000.000008,-00036.000000
      Vertex   -00038.647827,+00000.000008,-00036.000000
   End Polygon
   Begin Polygon Item=Top Texture=cushwd Flags=8912928 Link=49
      Origin   -00029.481079,+00000.000003,+00064.000000
      Normal   +00000.996546,+00000.000000,-00000.083046
      Pan      U=16 V=128
      TextureU +00000.000000,+00004.000000,-00000.000000
      TextureV -00000.332186,+00000.000000,-00003.986183
      Vertex   -00035.481171,+00000.833344,-00008.000000
      Vertex   -00035.481171,+00003.166672,-00008.000000
      Vertex   -00034.647827,+00004.000008,+00002.000000
      Vertex   -00034.647827,+00000.000008,+00002.000000
   End Polygon
   Begin Polygon Item=Top Texture=cushwd Flags=8912928 Link=50
      Origin   -00038.647827,+00000.166629,+00064.000000
      Normal   +00000.000000,+00000.999133,+00000.041631
      Pan      U=16 V=128
      TextureU -00004.000000,+00000.000000,+00000.000000
      TextureV +00000.000000,+00000.166523,-00003.996532
      Vertex   -00035.481171,+00003.166672,-00008.000000
      Vertex   -00034.647827,+00004.000008,-00028.000000
      Vertex   -00038.647827,+00004.000008,-00028.000000
      Vertex   -00037.814484,+00003.166672,-00008.000000
   End Polygon
   Begin Polygon Item=Top Texture=cushwd Flags=8912928 Link=51
      Origin   -00038.481201,+00004.000003,+00064.000000
      Normal   +00000.999133,+00000.000000,+00000.041631
      Pan      U=16 V=128
      TextureU +00000.000000,+00004.000000,-00000.000000
      TextureV +00000.166524,+00000.000000,-00003.996532
      Vertex   -00034.647827,+00004.000008,-00028.000000
      Vertex   -00035.481171,+00003.166672,-00008.000000
      Vertex   -00035.481171,+00000.833344,-00008.000000
      Vertex   -00034.647827,+00000.000008,-00028.000000
   End Polygon
   Begin Polygon Item=Top Texture=cushwd Flags=8912928 Link=52
      Origin   -00034.647827,+00003.833377,+00064.000000
      Normal   +00000.000000,-00000.999133,+00000.041631
      Pan      U=16 V=128
      TextureU +00004.000000,+00000.000000,+00000.000000
      TextureV +00000.000000,-00000.166523,-00003.996532
      Vertex   -00034.647827,+00000.000008,-00028.000000
      Vertex   -00035.481171,+00000.833344,-00008.000000
      Vertex   -00037.814484,+00000.833344,-00008.000000
      Vertex   -00038.647827,+00000.000008,-00028.000000
   End Polygon
   Begin Polygon Item=Top Texture=cushwd Flags=8912928 Link=53
      Origin   -00034.647827,+00009.166690,+00064.000000
      Normal   +00000.000000,+00000.996546,-00000.083046
      Pan      U=16 V=128
      TextureU -00004.000000,+00000.000000,+00000.000000
      TextureV -00000.000000,-00000.332183,-00003.986183
      Vertex   -00034.647827,+00004.000008,+00002.000000
      Vertex   -00035.481171,+00003.166672,-00008.000000
      Vertex   -00037.814484,+00003.166672,-00008.000000
      Vertex   -00038.647827,+00004.000008,+00002.000000
   End Polygon
   Begin Polygon Item=Top Texture=cushwd Flags=8912928 Link=54
      Origin   -00043.814545,+00004.000004,+00064.000000
      Normal   -00000.996546,+00000.000000,-00000.083046
      Pan      U=16 V=128
      TextureU +00000.000000,-00004.000000,+00000.000000
      TextureV +00000.332186,-00000.000000,-00003.986183
      Vertex   -00038.647827,+00004.000008,+00002.000000
      Vertex   -00037.814484,+00003.166672,-00008.000000
      Vertex   -00037.814484,+00000.833344,-00008.000000
      Vertex   -00038.647827,+00000.000008,+00002.000000
   End Polygon
   Begin Polygon Item=Top Texture=cushwd Flags=8912928 Link=55
      Origin   -00034.814453,+00000.000003,+00064.000000
      Normal   -00000.999133,+00000.000000,+00000.041631
      Pan      U=16 V=128
      TextureU +00000.000000,-00004.000000,+00000.000000
      TextureV -00000.166524,-00000.000000,-00003.996532
      Vertex   -00037.814484,+00000.833344,-00008.000000
      Vertex   -00037.814484,+00003.166672,-00008.000000
      Vertex   -00038.647827,+00004.000008,-00028.000000
      Vertex   -00038.647827,+00000.000008,-00028.000000
   End Polygon
   Begin Polygon Item=Top Texture=cushwd Flags=8912928 Link=56
      Origin   -00038.647827,-00005.166684,+00064.000000
      Normal   -00000.000000,-00000.996546,-00000.083046
      Pan      U=16 V=128
      TextureU +00004.000000,+00000.000000,+00000.000000
      TextureV +00000.000000,+00000.332183,-00003.986183
      Vertex   -00038.647827,+00000.000008,+00002.000000
      Vertex   -00037.814484,+00000.833344,-00008.000000
      Vertex   -00035.481171,+00000.833344,-00008.000000
      Vertex   -00034.647827,+00000.000008,+00002.000000
   End Polygon
   Begin Polygon Texture=cushwd2 Flags=8912928 Link=57
      Origin   -00034.647827,+00000.000008,-00036.000000
      Normal   +00000.000000,-00001.000000,+00000.000000
      Pan      U=0 V=32
      TextureU -00004.000000,+00000.000000,+00000.000000
      TextureV -00000.000000,+00000.000000,+00004.000000
      Vertex   -00034.647827,+00000.000008,-00028.000000
      Vertex   -00038.647827,+00000.000008,-00028.000000
      Vertex   -00038.647827,+00000.000008,-00033.839729
      Vertex   -00034.647827,+00000.000008,-00033.839729
   End Polygon
   Begin Polygon Texture=cushwd2 Flags=8912928 Link=57
      Origin   -00034.647827,+00000.000008,-00036.000000
      Normal   -00000.000004,-00001.000000,-00000.000002
      Pan      U=0 V=32
      TextureU -00004.000000,+00000.000000,+00000.000000
      TextureV -00000.000000,+00000.000000,+00004.000000
      Vertex   -00038.647827,+00000.000008,-00036.000000
      Vertex   -00037.647827,+00000.000008,-00036.004509
      Vertex   -00037.647827,+00000.000000,-00033.839737
      Vertex   -00038.647827,+00000.000008,-00033.839729
   End Polygon
   Begin Polygon Texture=cushwd2 Flags=8912928 Link=57
      Origin   -00034.647827,+00000.000008,-00036.000000
      Normal   +00000.000004,-00001.000000,-00000.000002
      Pan      U=0 V=32
      TextureU -00004.000000,+00000.000000,+00000.000000
      TextureV -00000.000000,+00000.000000,+00004.000000
      Vertex   -00035.647827,+00000.000008,-00036.004509
      Vertex   -00034.647827,+00000.000008,-00036.000000
      Vertex   -00034.647827,+00000.000008,-00033.839729
      Vertex   -00035.647827,+00000.000000,-00033.839737
   End Polygon
   Begin Polygon Texture=cushwd2 Flags=8912928 Link=60
      Origin   -00038.647827,+00004.000008,-00036.000000
      Normal   +00000.000000,+00001.000000,+00000.000000
      Pan      U=0 V=32
      TextureU +00004.000000,+00000.000000,+00000.000000
      TextureV -00000.000000,+00000.000000,+00004.000000
      Vertex   -00034.647827,+00004.000008,-00028.000000
      Vertex   -00034.647827,+00004.000008,-00033.839760
      Vertex   -00038.647827,+00004.000008,-00033.839760
      Vertex   -00038.647827,+00004.000008,-00028.000000
   End Polygon
   Begin Polygon Texture=cushwd2 Flags=8912928 Link=60
      Origin   -00038.647827,+00004.000008,-00036.000000
      Normal   +00000.000004,+00001.000000,-00000.000002
      Pan      U=0 V=32
      TextureU +00004.000000,+00000.000000,+00000.000000
      TextureV -00000.000000,+00000.000000,+00004.000000
      Vertex   -00037.647827,+00004.000008,-00033.839745
      Vertex   -00037.647827,+00004.000000,-00036.004524
      Vertex   -00038.647827,+00004.000008,-00036.000000
      Vertex   -00038.647827,+00004.000008,-00033.839760
   End Polygon
   Begin Polygon Texture=cushwd2 Flags=8912928 Link=60
      Origin   -00038.647827,+00004.000008,-00036.000000
      Normal   -00000.000004,+00001.000000,-00000.000002
      Pan      U=0 V=32
      TextureU +00004.000000,+00000.000000,+00000.000000
      TextureV -00000.000000,+00000.000000,+00004.000000
      Vertex   -00035.647827,+00004.000008,-00033.839745
      Vertex   -00034.647827,+00004.000008,-00033.839760
      Vertex   -00034.647827,+00004.000008,-00036.000000
      Vertex   -00035.647827,+00004.000000,-00036.004524
   End Polygon
   Begin Polygon Texture=cushwd2 Flags=8912928 Link=63
      Origin   -00034.647827,+00004.000008,-00036.000000
      Normal   +00001.000000,+00000.000000,+00000.000000
      Pan      U=0 V=32
      TextureU +00000.000000,-00004.000000,+00000.000000
      TextureV -00000.000000,+00000.000000,+00004.000000
      Vertex   -00034.647827,+00004.000008,-00033.839760
      Vertex   -00034.647827,+00004.000008,-00028.000000
      Vertex   -00034.647827,+00000.000008,-00028.000000
      Vertex   -00034.647827,+00000.000008,-00033.839729
   End Polygon
   Begin Polygon Texture=cushwd2 Flags=8912928 Link=63
      Origin   -00034.647827,+00004.000008,-00036.000000
      Normal   +00001.000000,+00000.000000,+00000.000000
      Pan      U=0 V=32
      TextureU +00000.000000,-00004.000000,+00000.000000
      TextureV -00000.000000,+00000.000000,+00004.000000
      Vertex   -00034.647827,+00003.000015,-00036.004524
      Vertex   -00034.647827,+00004.000008,-00036.000000
      Vertex   -00034.647827,+00004.000008,-00033.839760
      Vertex   -00034.647827,+00003.000015,-00033.839745
   End Polygon
   Begin Polygon Texture=cushwd2 Flags=8912928 Link=63
      Origin   -00034.647827,+00004.000008,-00036.000000
      Normal   +00001.000000,+00000.000000,+00000.000000
      Pan      U=0 V=32
      TextureU +00000.000000,-00004.000000,+00000.000000
      TextureV -00000.000000,+00000.000000,+00004.000000
      Vertex   -00034.647827,+00001.000015,-00036.004524
      Vertex   -00034.647827,+00001.000015,-00033.839745
      Vertex   -00034.647827,+00000.000008,-00033.839729
      Vertex   -00034.647827,+00000.000008,-00036.000000
   End Polygon
   Begin Polygon Texture=cushwd2 Flags=8912928 Link=66
      Origin   -00038.647827,+00000.000008,-00036.000000
      Normal   -00001.000000,+00000.000000,+00000.000000
      Pan      U=0 V=32
      TextureU +00000.000000,+00004.000000,-00000.000000
      TextureV -00000.000000,+00000.000000,+00004.000000
      Vertex   -00038.647827,+00000.000008,-00028.000000
      Vertex   -00038.647827,+00004.000008,-00028.000000
      Vertex   -00038.647827,+00004.000008,-00033.839760
      Vertex   -00038.647827,+00000.000008,-00033.839729
   End Polygon
   Begin Polygon Texture=cushwd2 Flags=8912928 Link=66
      Origin   -00038.647827,+00000.000008,-00036.000000
      Normal   -00001.000000,+00000.000000,+00000.000000
      Pan      U=0 V=32
      TextureU +00000.000000,+00004.000000,-00000.000000
      TextureV -00000.000000,+00000.000000,+00004.000000
      Vertex   -00038.647827,+00004.000008,-00036.000000
      Vertex   -00038.647827,+00003.000015,-00036.004509
      Vertex   -00038.647827,+00003.000015,-00033.839737
      Vertex   -00038.647827,+00004.000008,-00033.839760
   End Polygon
   Begin Polygon Texture=cushwd2 Flags=8912928 Link=66
      Origin   -00038.647827,+00000.000008,-00036.000000
      Normal   -00001.000000,+00000.000000,+00000.000000
      Pan      U=0 V=32
      TextureU +00000.000000,+00004.000000,-00000.000000
      TextureV -00000.000000,+00000.000000,+00004.000000
      Vertex   -00038.647827,+00001.000015,-00036.004509
      Vertex   -00038.647827,+00000.000008,-00036.000000
      Vertex   -00038.647827,+00000.000008,-00033.839729
      Vertex   -00038.647827,+00001.000015,-00033.839737
   End Polygon
   Begin Polygon Item=Cap Texture=drestopj Flags=8912928 Link=5
      Origin   -00551.999939,+00800.000061,+00014.000031
      Normal   +00000.000000,+00000.000000,-00001.000000
      TextureU -00001.000000,+00000.000000,+00000.000000
      TextureV -00000.000000,-00001.000000,+00000.000000
      Vertex   -00019.813324,+00002.647530,+00014.000000
      Vertex   -00022.285461,+00002.647530,+00014.000000
      Vertex   -00033.300293,+00017.808167,+00014.000000
      Vertex   -00031.300323,+00018.457993,+00014.000000
   End Polygon
   Begin Polygon Item=Wall Texture=cushwd2 Flags=8912928 Link=70
      Origin   -00048.647827,+00010.718513,+00014.000000
      Normal   -00001.000000,+00000.000000,+00000.000000
      TextureU +00000.000000,-00004.000000,+00000.000000
      TextureV -00000.000000,+00000.000000,+00004.000000
      Vertex   -00048.647827,+00010.718513,+00014.000000
      Vertex   -00048.647827,+00010.718513,+00008.000000
      Vertex   -00048.647827,-00006.718506,+00008.000000
      Vertex   -00048.647827,-00006.718506,+00014.000000
   End Polygon
   Begin Polygon Item=Wall Texture=cushwd2 Flags=8912928 Link=71
      Origin   -00021.815002,+00002.000008,+00014.000000
      Normal   +00000.809017,+00000.587786,+00000.000000
      TextureU -00002.351140,+00003.236068,+00000.000000
      TextureV -00000.000000,+00000.000000,+00004.000000
      Vertex   -00021.815002,+00002.000008,+00014.000000
      Vertex   -00021.815002,+00002.000008,+00008.000000
      Vertex   -00032.064240,+00016.106857,+00008.000000
      Vertex   -00032.064240,+00016.106857,+00014.000000
   End Polygon
   Begin Polygon Item=Wall Texture=cushwd2 Flags=8912928 Link=72
      Origin   -00032.064240,+00016.106857,+00014.000000
      Normal   -00000.309018,+00000.951056,+00000.000000
      TextureU -00003.804226,-00001.236069,+00000.000000
      TextureV -00000.000000,+00000.000000,+00004.000000
      Vertex   -00048.647827,+00010.718513,+00014.000000
      Vertex   -00032.064240,+00016.106857,+00014.000000
      Vertex   -00032.064240,+00016.106857,+00008.000000
      Vertex   -00048.647827,+00010.718513,+00008.000000
   End Polygon
   Begin Polygon Item=Wall Texture=cushwd2 Flags=8912928 Link=73
      Origin   -00032.064240,-00012.106834,+00014.000000
      Normal   +00000.809017,-00000.587786,+00000.000000
      TextureU +00002.351140,+00003.236068,+00000.000000
      TextureV -00000.000000,+00000.000000,+00004.000000
