Begin PolyList
   Begin Polygon Item=OUTSIDE Flags=-1073741824 Link=0
      Origin   -00064.000000,+00064.000000,-00032.000000
      Normal   +00000.000000,+00000.000000,-00001.000000
      TextureU +00000.000000,-00001.000000,+00000.000000
      TextureV -00001.000000,+00000.000000,+00000.000000
      Vertex   -00032.000000,-00060.000000,-00032.000000
      Vertex   -00032.000000,-00056.000000,-00032.000000
      Vertex   -00008.000000,-00056.000000,-00032.000000
      Vertex   -00008.000000,-00060.000000,-00032.000000
   End Polygon
   Begin Polygon Item=OUTSIDE Flags=-1073741824 Link=0
      Origin   -00064.000000,+00064.000000,-00032.000000
      Normal   +00000.000000,+00000.000000,-00001.000000
      TextureU +00000.000000,-00001.000000,+00000.000000
      TextureV -00001.000000,+00000.000000,+00000.000000
      Vertex   -00008.000000,+00028.000000,-00032.000000
      Vertex   -00008.000000,+00024.000000,-00032.000000
      Vertex   -00032.000000,+00024.000000,-00032.000000
      Vertex   -00032.000000,+00028.000000,-00032.000000
   End Polygon
   Begin Polygon Item=OUTSIDE Flags=-1073741824 Link=0
      Origin   -00064.000000,+00064.000000,-00032.000000
      Normal   +00000.000000,+00000.000000,-00001.000000
      TextureU +00000.000000,-00001.000000,+00000.000000
      TextureV -00001.000000,+00000.000000,+00000.000000
      Vertex   -00036.000000,-00060.000000,-00032.000000
      Vertex   -00036.000000,+00028.000000,-00032.000000
      Vertex   -00032.000000,+00028.000000,-00032.000000
      Vertex   -00032.000000,-00060.000000,-00032.000000
   End Polygon
   Begin Polygon Item=OUTSIDE Flags=-1073741824 Link=3
      Origin   +00064.000000,-00064.000000,-00032.000000
      Normal   +00000.000000,-00001.000000,+00000.000000
      TextureU -00001.000000,+00000.000000,+00000.000000
      TextureV +00000.000000,+00000.000000,-00001.000000
      Vertex   -00048.000000,-00064.000000,+00016.000000
      Vertex   +00016.000000,-00064.000000,+00016.000000
      Vertex   +00016.000000,-00064.000000,+00020.000000
      Vertex   -00048.000000,-00064.000000,+00020.000000
   End Polygon
   Begin Polygon Item=OUTSIDE Texture=un_woodfloor_a Flags=1082130464 Link=4
      Origin   -00032.216309,+00028.000000,-00030.702698
      Normal   +00000.986394,+00000.000000,+00000.164399
      TextureU +00000.000000,-00001.000000,+00000.000000
      TextureV +00000.164399,+00000.000000,-00000.986394
      Vertex   -00032.000000,+00028.000000,-00032.000000
      Vertex   -00040.000000,+00028.000000,+00016.000000
      Vertex   -00040.000000,-00060.000000,+00016.000000
      Vertex   -00032.000000,-00060.000000,-00032.000000
   End Polygon
   Begin Polygon Item=OUTSIDE Texture=un_woodfloor_a Flags=1082130464 Link=5
      Origin   +00008.000000,+00024.000000,-00032.000000
      Normal   +00000.000000,-00001.000000,+00000.000000
      TextureU -00000.948683,+00000.000000,+00000.316228
      TextureV -00000.316228,+00000.000000,-00000.948683
      Vertex   -00008.000000,+00024.000000,-00032.000000
      Vertex   +00008.000000,+00024.000000,+00016.000000
      Vertex   -00040.000000,+00024.000000,+00016.000000
      Vertex   -00032.000000,+00024.000000,-00032.000000
   End Polygon
   Begin Polygon Item=OUTSIDE Texture=un_woodfloor_a Flags=1082130464 Link=6
      Origin   -00040.000000,-00056.000000,-00032.000000
      Normal   +00000.000000,+00001.000000,+00000.000000
      TextureU +00000.986394,+00000.000000,+00000.164399
      TextureV +00000.164399,+00000.000000,-00000.986394
      Vertex   -00032.000000,-00056.000000,-00032.000000
      Vertex   -00040.000000,-00056.000000,+00016.000000
      Vertex   +00008.000000,-00056.000000,+00016.000000
      Vertex   -00008.000000,-00056.000000,-00032.000000
   End Polygon
   Begin Polygon Item=OUTSIDE Texture=un_woodfloor_a Flags=1082130464 Link=7
      Origin   -00006.399902,-00056.000000,-00027.199997
      Normal   +00000.948683,+00000.000000,-00000.316228
      TextureU +00000.000000,-00001.000000,+00000.000000
      TextureV -00000.316228,+00000.000000,-00000.948683
      Vertex   -00008.000000,-00056.000000,-00032.000000
      Vertex   +00008.000000,-00056.000000,+00016.000000
      Vertex   +00008.000000,-00060.000000,+00016.000000
      Vertex   -00008.000000,-00060.000000,-00032.000000
   End Polygon
   Begin Polygon Item=OUTSIDE Texture=un_woodfloor_a Flags=1082130464 Link=8
      Origin   +00008.000000,-00060.000000,-00032.000000
      Normal   +00000.000000,-00001.000000,+00000.000000
      TextureU -00000.948683,+00000.000000,+00000.316228
      TextureV -00000.316228,+00000.000000,-00000.948683
      Vertex   -00008.000000,-00060.000000,-00032.000000
      Vertex   +00008.000000,-00060.000000,+00016.000000
      Vertex   -00040.000000,-00060.000000,+00016.000000
      Vertex   -00032.000000,-00060.000000,-00032.000000
   End Polygon
   Begin Polygon Item=OUTSIDE Texture=un_woodfloor_a Flags=1082130464 Link=9
      Origin   -00006.399902,+00028.000000,-00027.199997
      Normal   +00000.948683,+00000.000000,-00000.316228
      TextureU +00000.000000,-00001.000000,+00000.000000
      TextureV -00000.316228,+00000.000000,-00000.948683
      Vertex   -00008.000000,+00028.000000,-00032.000000
      Vertex   +00008.000000,+00028.000000,+00016.000000
      Vertex   +00008.000000,+00024.000000,+00016.000000
      Vertex   -00008.000000,+00024.000000,-00032.000000
   End Polygon
   Begin Polygon Item=OUTSIDE Texture=un_woodfloor_a Flags=1082130464 Link=10
      Origin   -00040.000000,+00028.000000,-00032.000000
      Normal   +00000.000000,+00001.000000,+00000.000000
      TextureU +00000.986394,+00000.000000,+00000.164399
      TextureV +00000.164399,+00000.000000,-00000.986394
      Vertex   -00032.000000,+00028.000000,-00032.000000
      Vertex   -00040.000000,+00028.000000,+00016.000000
      Vertex   +00008.000000,+00028.000000,+00016.000000
      Vertex   -00008.000000,+00028.000000,-00032.000000
   End Polygon
   Begin Polygon Item=OUTSIDE Texture=un_woodfloor_a Flags=1082130464 Link=11
      Origin   -00044.000000,+00028.000000,-00032.000000
      Normal   +00000.000000,+00001.000000,+00000.000000
      TextureU +00000.986394,+00000.000000,+00000.164399
      TextureV +00000.164399,+00000.000000,-00000.986394
      Vertex   -00036.000000,+00028.000000,-00032.000000
      Vertex   -00044.000000,+00028.000000,+00016.000000
      Vertex   -00040.000000,+00028.000000,+00016.000000
      Vertex   -00032.000000,+00028.000000,-00032.000000
   End Polygon
   Begin Polygon Item=OUTSIDE Texture=un_woodfloor_a Flags=1082130464 Link=12
      Origin   -00036.216309,-00060.000000,-00030.702698
      Normal   -00000.986394,+00000.000000,-00000.164399
      TextureU +00000.000000,+00001.000000,+00000.000000
      TextureV +00000.164399,+00000.000000,-00000.986394
      Vertex   -00044.000000,+00028.000000,+00016.000000
      Vertex   -00036.000000,+00028.000000,-00032.000000
      Vertex   -00036.000000,-00060.000000,-00032.000000
      Vertex   -00044.000000,-00060.000000,+00016.000000
   End Polygon
   Begin Polygon Item=OUTSIDE Texture=un_woodfloor_a Flags=1082130464 Link=13
      Origin   -00040.000000,-00060.000000,-00032.000000
      Normal   +00000.000000,-00001.000000,+00000.000000
      TextureU -00000.986394,+00000.000000,-00000.164399
      TextureV +00000.164399,+00000.000000,-00000.986394
      Vertex   -00032.000000,-00060.000000,-00032.000000
      Vertex   -00040.000000,-00060.000000,+00016.000000
      Vertex   -00044.000000,-00060.000000,+00016.000000
      Vertex   -00036.000000,-00060.000000,-00032.000000
   End Polygon
   Begin Polygon Item=OUTSIDE Texture=un_woodfloor_b Flags=1082130464 Link=14
      Origin   -00048.000000,-00064.000000,+00020.000000
      Normal   +00000.000000,+00000.000000,+00001.000000
      TextureU +00000.000000,+00001.000000,+00000.000000
      TextureV -00001.000000,+00000.000000,+00000.000000
      Vertex   +00016.000000,+00032.000000,+00020.000000
      Vertex   -00048.000000,+00032.000000,+00020.000000
      Vertex   -00048.000000,-00064.000000,+00020.000000
      Vertex   +00016.000000,-00064.000000,+00020.000000
   End Polygon
   Begin Polygon Item=OUTSIDE Texture=un_woodfloor_b Flags=1082130464 Link=15
      Origin   -00048.000000,+00032.000000,+00016.000000
      Normal   +00000.000000,+00001.000000,+00000.000000
      TextureU +00001.000000,+00000.000000,+00000.000000
      TextureV +00000.000000,+00000.000000,-00001.000000
      Vertex   -00048.000000,+00032.000000,+00016.000000
      Vertex   -00048.000000,+00032.000000,+00020.000000
      Vertex   +00016.000000,+00032.000000,+00020.000000
      Vertex   +00016.000000,+00032.000000,+00016.000000
   End Polygon
   Begin Polygon Item=OUTSIDE Texture=un_woodfloor_b Flags=1082130464 Link=16
      Origin   +00016.000000,+00032.000000,+00016.000000
      Normal   +00001.000000,+00000.000000,+00000.000000
      TextureU +00000.000000,-00001.000000,+00000.000000
      TextureV +00000.000000,+00000.000000,-00001.000000
      Vertex   +00016.000000,+00032.000000,+00016.000000
      Vertex   +00016.000000,+00032.000000,+00020.000000
      Vertex   +00016.000000,-00064.000000,+00020.000000
      Vertex   +00016.000000,-00064.000000,+00016.000000
   End Polygon
   Begin Polygon Item=OUTSIDE Texture=un_woodfloor_b Flags=1082130464 Link=17
      Origin   -00048.000000,-00064.000000,+00016.000000
      Normal   -00001.000000,+00000.000000,+00000.000000
      TextureU +00000.000000,+00001.000000,+00000.000000
      TextureV +00000.000000,+00000.000000,-00001.000000
      Vertex   -00048.000000,+00032.000000,+00020.000000
      Vertex   -00048.000000,+00032.000000,+00016.000000
      Vertex   -00048.000000,-00064.000000,+00016.000000
      Vertex   -00048.000000,-00064.000000,+00020.000000
   End Polygon
   Begin Polygon Item=OUTSIDE Texture=un_woodfloor_b Flags=1082130464 Link=18
      Origin   -00048.000000,+00032.000000,+00016.000000
      Normal   +00000.000000,+00000.000000,-00001.000000
      TextureU +00000.000000,-00001.000000,+00000.000000
      TextureV -00001.000000,+00000.000000,+00000.000000
      Vertex   -00048.000000,+00032.000000,+00016.000000
      Vertex   +00016.000000,+00032.000000,+00016.000000
      Vertex   +00016.000000,-00064.000000,+00016.000000
      Vertex   -00048.000000,-00064.000000,+00016.000000
   End Polygon
End PolyList
