Begin PolyList
   Begin Polygon Texture=Armiorlt Flags=1082654752 Link=0
      Origin   -00036.750000,+00016.050049,+00019.999985
      Normal   -00001.000000,+00000.000000,+00000.000000
      Pan      U=32 V=161
      TextureU +00000.000000,-00001.333333,+00000.000000
      TextureV +00000.000000,+00000.000000,-00001.000000
      Vertex   -00036.750000,-00007.949951,-00020.000000
      Vertex   -00036.750000,-00007.949951,+00052.000000
      Vertex   -00036.750000,+00016.050049,+00051.999985
      Vertex   -00036.750000,+00016.050049,-00020.000015
   End Polygon
   Begin Polygon Texture=Armiortr Flags=1082654752 Link=1
      Origin   +00155.250000,-00199.949951,-00075.999969
      Normal   +00000.000000,+00000.000000,-00001.000000
      TextureU +00000.000000,-00004.000000,-00000.000000
      TextureV -00004.000000,-00000.000000,+00000.000000
      Vertex   -00044.750000,+00000.050049,-00076.000000
      Vertex   -00044.750000,+00008.050049,-00076.000000
      Vertex   -00036.750000,+00008.050049,-00076.000000
      Vertex   -00036.750000,+00000.050018,-00076.000000
   End Polygon
   Begin Polygon Item=Top Texture=Armwood Flags=1082654752 Link=2
      Origin   -00899.999146,+00001.799988,+00023.999876
      Normal   -00000.000002,-00000.998053,-00000.062375
      TextureU +00001.000000,+00000.000000,+00000.000000
      TextureV +00000.000000,+00000.062375,-00000.998053
      Vertex   -00044.000000,+00008.800049,-00088.000000
      Vertex   -00037.500000,+00008.800049,-00088.000000
      Vertex   -00036.750000,+00008.050049,-00076.000000
      Vertex   -00044.750000,+00008.050049,-00076.000000
   End Polygon
   Begin Polygon Item=Top Texture=Armwood Flags=1082654752 Link=3
      Origin   -00030.499939,-00475.999939,+00024.000000
      Normal   +00000.998053,+00000.000000,-00000.062378
      TextureU +00000.000000,+00001.000000,+00000.000000
      TextureV -00000.062378,-00000.000000,-00000.998053
      Vertex   -00037.500000,-00007.199951,-00088.000000
      Vertex   -00037.500000,-00000.699951,-00088.000000
      Vertex   -00036.750000,+00000.050018,-00076.000000
      Vertex   -00036.750000,-00007.949951,-00076.000000
   End Polygon
   Begin Polygon Item=Top Texture=Armwood Flags=1082654752 Link=4
      Origin   -00051.000000,-00475.999939,+00024.000000
      Normal   -00000.998053,-00000.000000,-00000.062378
      TextureU +00000.000000,-00001.000000,+00000.000000
      TextureV +00000.062378,+00000.000000,-00000.998053
      Vertex   -00044.000000,-00000.699951,-00088.000000
      Vertex   -00044.000000,-00007.199951,-00088.000000
      Vertex   -00044.750000,-00007.949951,-00076.000000
      Vertex   -00044.750000,+00000.050049,-00076.000000
   End Polygon
   Begin Polygon Item=Top Texture=Armwood Flags=1082654752 Link=5
      Origin   -00899.999146,-00014.200012,+00023.999876
      Normal   -00000.000002,-00000.998053,-00000.062375
      TextureU +00001.000000,+00000.000000,+00000.000000
      TextureV +00000.000000,+00000.062375,-00000.998053
      Vertex   -00044.000000,-00007.199951,-00088.000000
      Vertex   -00037.500000,-00007.199951,-00088.000000
      Vertex   -00036.750000,-00007.949951,-00076.000000
      Vertex   -00044.750000,-00007.949951,-00076.000000
   End Polygon
   Begin Polygon Item=Top Texture=Armwood Flags=1082654752 Link=6
      Origin   +00155.250000,+00006.300049,+00024.000000
      Normal   -00000.000000,+00000.998053,-00000.062378
      TextureU -00001.000000,+00000.000000,+00000.000000
      TextureV +00000.000000,-00000.062378,-00000.998053
      Vertex   -00037.500000,-00000.699951,-00088.000000
      Vertex   -00044.000000,-00000.699951,-00088.000000
      Vertex   -00044.750000,+00000.050049,-00076.000000
      Vertex   -00036.750000,+00000.050018,-00076.000000
   End Polygon
   Begin Polygon Texture=Armiortr Flags=1082654752 Link=7
      Origin   +00155.250000,-00199.949951,-00087.999969
      Normal   +00000.000000,+00000.000000,-00001.000000
      TextureU -00000.000000,+00004.000000,+00000.000000
      TextureV +00004.000000,+00000.000000,+00000.000000
      Vertex   -00037.500000,-00007.199951,-00088.000000
      Vertex   -00044.000000,-00007.199951,-00088.000000
      Vertex   -00044.000000,-00000.699951,-00088.000000
      Vertex   -00037.500000,-00000.699951,-00088.000000
   End Polygon
   Begin Polygon Item=Top Texture=Armwood Flags=1082654752 Link=8
      Origin   -00900.000061,+00022.299957,+00024.000000
      Normal   -00000.000000,+00000.998053,-00000.062378
      TextureU -00001.000000,+00000.000000,+00000.000000
      TextureV +00000.000000,-00000.062378,-00000.998053
      Vertex   -00037.500000,+00015.300049,-00088.000000
      Vertex   -00044.000000,+00015.300049,-00088.000000
      Vertex   -00044.750000,+00016.050049,-00076.000000
      Vertex   -00036.750000,+00016.050049,-00076.000000
   End Polygon
   Begin Polygon Item=Top Texture=Armwood Flags=1082654752 Link=4
      Origin   -00051.000000,-00475.999939,+00024.000000
      Normal   -00000.998053,-00000.000000,-00000.062378
      TextureU +00000.000000,-00001.000000,+00000.000000
      TextureV +00000.062378,+00000.000000,-00000.998053
      Vertex   -00044.000000,+00015.300049,-00088.000000
      Vertex   -00044.000000,+00008.800049,-00088.000000
      Vertex   -00044.750000,+00008.050049,-00076.000000
      Vertex   -00044.750000,+00016.050049,-00076.000000
   End Polygon
   Begin Polygon Item=Top Texture=Armwood Flags=1082654752 Link=3
      Origin   -00030.499939,-00475.999939,+00024.000000
      Normal   +00000.998053,+00000.000000,-00000.062378
      TextureU +00000.000000,+00001.000000,+00000.000000
      TextureV -00000.062378,-00000.000000,-00000.998053
      Vertex   -00037.500000,+00008.800049,-00088.000000
      Vertex   -00037.500000,+00015.300049,-00088.000000
      Vertex   -00036.750000,+00016.050049,-00076.000000
      Vertex   -00036.750000,+00008.050049,-00076.000000
   End Polygon
   Begin Polygon Texture=Armiortr Flags=1082654752 Link=7
      Origin   +00155.250000,-00199.949951,-00087.999969
      Normal   +00000.000000,+00000.000000,-00001.000000
      TextureU -00000.000000,+00004.000000,+00000.000000
      TextureV +00004.000000,+00000.000000,+00000.000000
      Vertex   -00037.500000,+00008.800049,-00088.000000
      Vertex   -00044.000000,+00008.800049,-00088.000000
      Vertex   -00044.000000,+00015.300049,-00088.000000
      Vertex   -00037.500000,+00015.300049,-00088.000000
   End Polygon
   Begin Polygon Texture=Armwood Flags=1082654752 Link=12
      Origin   +00007.254211,-00476.000092,+00024.004267
      Normal   -00000.707109,+00000.000000,+00000.707105
      Pan      U=0 V=32
      TextureU +00000.000000,-00001.000000,+00000.000000
      TextureV -00000.707108,+00000.000000,-00000.707105
      Vertex   -00044.750000,+00016.050049,-00028.000000
      Vertex   -00044.750000,-00007.949951,-00028.000000
      Vertex   -00036.750000,-00007.949951,-00020.000000
      Vertex   -00036.750000,+00016.050049,-00020.000015
   End Polygon
   Begin Polygon Texture=Armiortr Flags=1082654752 Link=13
      Origin   +00155.250000,-00199.949951,+00052.000015
      Normal   +00000.000000,+00000.000000,-00001.000000
      TextureU -00004.000000,-00000.000000,+00000.000000
      TextureV -00000.000000,+00004.000000,+00000.000000
      Vertex   -00036.750000,-00011.949951,+00052.000000
      Vertex   -00040.750000,-00011.949951,+00052.000000
      Vertex   -00040.750000,+00016.050049,+00051.999985
      Vertex   -00036.750000,+00016.050049,+00051.999985
   End Polygon
   Begin Polygon Texture=Armwood Flags=1082654752 Link=14
      Origin   -00900.000000,-00476.000000,+00059.999912
      Normal   +00000.000000,+00000.000000,+00001.000000
      Pan      U=64 V=64
      TextureU +00000.000000,+00001.000000,+00000.000000
      TextureV -00001.000000,+00000.000000,+00000.000000
      Vertex   -00040.750000,+00016.050049,+00060.000000
      Vertex   -00040.750000,-00011.949951,+00060.000000
      Vertex   +00039.250000,-00011.949951,+00060.000015
      Vertex   +00039.250000,+00016.050049,+00060.000015
   End Polygon
   Begin Polygon Texture=Armiortr Flags=1082654752 Link=15
      Origin   +00039.250000,-00011.949951,+00020.000000
      Normal   +00000.000000,-00001.000000,+00000.000000
      TextureU +00004.000000,+00000.000000,+00000.000000
      TextureV -00000.000000,+00000.000000,-00004.000000
      Vertex   -00040.750000,-00011.949951,+00060.000000
      Vertex   -00040.750000,-00011.949951,+00052.000000
      Vertex   +00039.250000,-00011.949951,+00052.000015
      Vertex   +00039.250000,-00011.949951,+00060.000015
   End Polygon
   Begin Polygon Texture=Armiortr Flags=1082654752 Link=16
      Origin   -00040.750000,+00020.050049,+00019.999985
      Normal   -00001.000000,+00000.000000,+00000.000000
      TextureU +00000.000000,-00004.000000,-00000.000000
      TextureV -00000.000000,+00000.000000,-00004.000000
      Vertex   -00040.750000,+00016.050049,+00051.999985
      Vertex   -00040.750000,-00011.949951,+00052.000000
      Vertex   -00040.750000,-00011.949951,+00060.000000
      Vertex   -00040.750000,+00016.050049,+00060.000000
   End Polygon
   Begin Polygon Texture=Armiortr Flags=1082654752 Link=17
      Origin   -00036.750000,+00016.050049,+00019.999985
      Normal   +00000.000000,+00001.000000,+00000.000000
      TextureU -00004.000000,-00000.000000,+00000.000000
      TextureV -00000.000000,+00000.000000,-00004.000000
      Vertex   -00040.750000,+00016.050049,+00051.999985
      Vertex   -00040.750000,+00016.050049,+00060.000000
      Vertex   +00039.250000,+00016.050049,+00060.000015
      Vertex   +00039.250000,+00016.050049,+00052.000000
   End Polygon
   Begin Polygon Texture=Armiortr Flags=1082654752 Link=17
      Origin   -00036.750000,+00016.050049,+00019.999985
      Normal   +00000.000000,+00001.000000,+00000.000000
      TextureU -00004.000000,-00000.000000,+00000.000000
      TextureV -00000.000000,+00000.000000,-00004.000000
      Vertex   -00036.750000,+00016.050049,-00076.000000
      Vertex   -00044.750000,+00016.050049,-00076.000000
      Vertex   -00044.750000,+00016.050049,-00028.000000
      Vertex   -00036.750000,+00016.050049,-00020.000015
   End Polygon
   Begin Polygon Texture=Armoirft Flags=1082654752 Link=19
      Origin   -00036.750000,-00007.949951,+00020.000000
      Normal   +00000.000000,-00001.000000,+00000.000000
      Pan      U=70 V=161
      TextureU +00000.740741,+00000.000000,-00000.000000
      TextureV +00000.000000,+00000.000000,-00001.000000
      Vertex   -00044.750000,-00007.949951,-00076.000000
      Vertex   -00036.750000,-00007.949951,-00076.000000
      Vertex   -00036.750000,-00007.949951,-00020.000000
      Vertex   -00044.750000,-00007.949951,-00028.000000
   End Polygon
   Begin Polygon Texture=Armiorlt Flags=1082654752 Link=20
      Origin   -00044.750000,+00016.050049,+00019.999985
      Normal   -00001.000000,+00000.000000,+00000.000000
      Pan      U=32 V=33
      TextureU +00000.000000,-00001.333333,+00000.000000
      TextureV +00000.000000,+00000.000000,-00001.000000
      Vertex   -00044.750000,+00016.050049,-00076.000000
      Vertex   -00044.750000,-00007.949951,-00076.000000
      Vertex   -00044.750000,-00007.949951,-00028.000000
      Vertex   -00044.750000,+00016.050049,-00028.000000
   End Polygon
   Begin Polygon Item=Top Texture=Armwood Flags=1082654752 Link=21
      Origin   +00049.500061,-00475.999908,+00024.000000
      Normal   +00000.998053,+00000.000000,-00000.062378
      TextureU +00000.000000,+00001.000000,+00000.000000
      TextureV -00000.062378,-00000.000000,-00000.998053
      Vertex   +00042.500000,+00008.800049,-00088.000000
      Vertex   +00042.500000,+00015.300049,-00088.000000
      Vertex   +00043.250000,+00016.050049,-00076.000000
      Vertex   +00043.250000,+00008.050049,-00076.000000
   End Polygon
   Begin Polygon Texture=Armiortr Flags=1082654752 Link=22
      Origin   +00155.250000,-00199.949951,-00075.999969
      Normal   +00000.000000,+00000.000000,-00001.000000
      TextureU -00000.000000,+00004.000000,+00000.000000
      TextureV +00004.000000,+00000.000000,+00000.000000
      Vertex   +00043.250000,+00008.050049,-00076.000000
      Vertex   +00043.250000,+00000.050049,-00076.000000
      Vertex   +00035.250000,+00000.050049,-00076.000000
      Vertex   +00035.250000,+00008.050049,-00076.000000
   End Polygon
   Begin Polygon Item=Top Texture=Armwood Flags=1082654752 Link=6
      Origin   +00155.250000,+00006.300049,+00024.000000
      Normal   -00000.000000,+00000.998053,-00000.062378
      TextureU -00001.000000,+00000.000000,+00000.000000
      TextureV +00000.000000,-00000.062378,-00000.998053
      Vertex   +00042.500000,-00000.699951,-00088.000000
      Vertex   +00036.000000,-00000.699951,-00088.000000
      Vertex   +00035.250000,+00000.050049,-00076.000000
      Vertex   +00043.250000,+00000.050049,-00076.000000
   End Polygon
   Begin Polygon Item=Top Texture=Armwood Flags=1082654752 Link=24
      Origin   +00029.000000,-00475.999908,+00023.999996
      Normal   -00000.998053,-00000.000000,-00000.062378
      TextureU +00000.000000,-00001.000000,+00000.000000
      TextureV +00000.062378,+00000.000000,-00000.998053
      Vertex   +00036.000000,+00015.300049,-00088.000000
      Vertex   +00036.000000,+00008.800049,-00088.000000
      Vertex   +00035.250000,+00008.050049,-00076.000000
      Vertex   +00035.250000,+00016.050049,-00076.000000
   End Polygon
   Begin Polygon Item=Top Texture=Armwood Flags=1082654752 Link=8
      Origin   -00900.000061,+00022.299957,+00024.000000
      Normal   -00000.000000,+00000.998053,-00000.062378
      TextureU -00001.000000,+00000.000000,+00000.000000
      TextureV +00000.000000,-00000.062378,-00000.998053
      Vertex   +00042.500000,+00015.300049,-00088.000000
      Vertex   +00036.000000,+00015.300049,-00088.000000
      Vertex   +00035.250000,+00016.050049,-00076.000000
      Vertex   +00043.250000,+00016.050049,-00076.000000
   End Polygon
   Begin Polygon Item=Top Texture=Armwood Flags=1082654752 Link=2
      Origin   -00899.999146,+00001.799988,+00023.999876
      Normal   -00000.000002,-00000.998053,-00000.062375
      TextureU +00001.000000,+00000.000000,+00000.000000
      TextureV +00000.000000,+00000.062375,-00000.998053
      Vertex   +00036.000000,+00008.800049,-00088.000000
      Vertex   +00042.500000,+00008.800049,-00088.000000
      Vertex   +00043.250000,+00008.050049,-00076.000000
      Vertex   +00035.250000,+00008.050049,-00076.000000
   End Polygon
   Begin Polygon Texture=Armiortr Flags=1082654752 Link=7
      Origin   +00155.250000,-00199.949951,-00087.999969
      Normal   +00000.000000,+00000.000000,-00001.000000
      TextureU -00000.000000,+00004.000000,+00000.000000
      TextureV +00004.000000,+00000.000000,+00000.000000
      Vertex   +00042.500000,+00015.300049,-00088.000000
      Vertex   +00042.500000,+00008.800049,-00088.000000
      Vertex   +00036.000000,+00008.800049,-00088.000000
      Vertex   +00036.000000,+00015.300049,-00088.000000
   End Polygon
   Begin Polygon Item=Top Texture=Armwood Flags=1082654752 Link=5
      Origin   -00899.999146,-00014.200012,+00023.999876
      Normal   -00000.000002,-00000.998053,-00000.062375
      TextureU +00001.000000,+00000.000000,+00000.000000
      TextureV +00000.000000,+00000.062375,-00000.998053
      Vertex   +00036.000000,-00007.199951,-00088.000000
      Vertex   +00042.500000,-00007.199951,-00088.000000
      Vertex   +00043.250000,-00007.949951,-00076.000000
      Vertex   +00035.250000,-00007.949951,-00076.000000
   End Polygon
   Begin Polygon Item=Top Texture=Armwood Flags=1082654752 Link=24
      Origin   +00029.000000,-00475.999908,+00023.999996
      Normal   -00000.998053,-00000.000000,-00000.062378
      TextureU +00000.000000,-00001.000000,+00000.000000
      TextureV +00000.062378,+00000.000000,-00000.998053
      Vertex   +00036.000000,-00000.699951,-00088.000000
      Vertex   +00036.000000,-00007.199951,-00088.000000
      Vertex   +00035.250000,-00007.949951,-00076.000000
      Vertex   +00035.250000,+00000.050049,-00076.000000
   End Polygon
   Begin Polygon Texture=Armiortr Flags=1082654752 Link=7
      Origin   +00155.250000,-00199.949951,-00087.999969
      Normal   +00000.000000,+00000.000000,-00001.000000
      TextureU -00000.000000,+00004.000000,+00000.000000
      TextureV +00004.000000,+00000.000000,+00000.000000
      Vertex   +00042.500000,-00000.699951,-00088.000000
      Vertex   +00042.500000,-00007.199951,-00088.000000
      Vertex   +00036.000000,-00007.199951,-00088.000000
      Vertex   +00036.000000,-00000.699951,-00088.000000
   End Polygon
   Begin Polygon Texture=Armiortr Flags=1082654752 Link=13
      Origin   +00155.250000,-00199.949951,+00052.000015
      Normal   +00000.000000,+00000.000000,-00001.000000
      TextureU -00004.000000,-00000.000000,+00000.000000
      TextureV -00000.000000,+00004.000000,+00000.000000
      Vertex   -00036.750000,-00011.949951,+00052.000000
      Vertex   -00036.750000,-00007.949951,+00052.000000
      Vertex   +00039.250000,-00007.949951,+00052.000015
      Vertex   +00039.250000,-00011.949951,+00052.000015
   End Polygon
   Begin Polygon Texture=Armiortr Flags=1082654752 Link=17
      Origin   -00036.750000,+00016.050049,+00019.999985
      Normal   +00000.000000,+00001.000000,+00000.000000
      TextureU -00004.000000,-00000.000000,+00000.000000
      TextureV -00000.000000,+00000.000000,-00004.000000
      Vertex   +00043.250000,+00016.050049,-00076.000000
      Vertex   -00036.750000,+00016.050049,-00076.000000
      Vertex   -00036.750000,+00016.050049,-00026.871773
      Vertex   +00042.121765,+00016.050049,-00026.871761
      Vertex   +00043.250000,+00016.050049,-00028.000000
   End Polygon
   Begin Polygon Texture=Armiortr Flags=1082654752 Link=33
      Origin   +00031.250000,+00016.050049,-00020.000000
      Normal   +00000.000000,+00000.000000,+00001.000000
      TextureU -00004.000000,-00000.000000,+00000.000000
      TextureV -00000.000000,+00004.000000,+00000.000000
      Vertex   -00032.750000,+00000.050049,-00020.000000
      Vertex   +00031.250000,+00000.050049,-00020.000000
      Vertex   +00031.250000,+00016.050049,-00020.000000
      Vertex   -00032.750000,+00016.050049,-00020.000015
   End Polygon
   Begin Polygon Texture=Armiorlt Flags=1082654752 Link=34
      Origin   +00035.250000,+00016.050049,+00020.000000
      Normal   +00001.000000,+00000.000000,+00000.000000
      Pan      U=0 V=33
      TextureU -00000.000000,+00001.333333,-00000.000000
      TextureV +00000.000000,+00000.000000,-00001.000000
      Vertex   +00035.250000,-00007.949951,-00020.000000
      Vertex   +00035.250000,+00016.050049,-00020.000000
      Vertex   +00035.250000,+00016.050049,+00051.999985
      Vertex   +00035.250000,-00007.949951,+00052.000000
   End Polygon
   Begin Polygon Texture=Armiortr Flags=1082654752 Link=35
      Origin   -00032.750000,+00000.050049,+00043.999985
      Normal   +00000.000000,+00001.000000,+00000.000000
      TextureU +00004.000000,+00000.000000,+00000.000000
      TextureV +00000.000000,+00000.000000,+00004.000000
      Vertex   +00031.250000,+00000.050049,-00020.000000
      Vertex   -00032.750000,+00000.050049,-00020.000000
      Vertex   -00032.750000,+00000.050049,+00043.999985
      Vertex   +00031.250000,+00000.050049,+00043.999985
   End Polygon
   Begin Polygon Texture=Armiortr Flags=1082654752 Link=36
      Origin   -00032.750000,+00016.050049,+00043.999985
      Normal   +00001.000000,+00000.000000,+00000.000000
      TextureU +00000.000000,-00004.000000,-00000.000000
      TextureV +00000.000000,+00000.000000,+00004.000000
      Vertex   -00032.750000,+00000.050049,-00020.000000
      Vertex   -00032.750000,+00016.050049,-00020.000015
      Vertex   -00032.750000,+00016.050049,+00043.999985
      Vertex   -00032.750000,+00000.050049,+00043.999985
   End Polygon
   Begin Polygon Texture=Armiortr Flags=1082654752 Link=37
      Origin   +00031.250000,+00000.050049,+00043.999985
      Normal   -00001.000000,+00000.000000,+00000.000000
      TextureU -00000.000000,+00004.000000,+00000.000000
      TextureV +00000.000000,+00000.000000,+00004.000000
      Vertex   +00031.250000,+00000.050049,-00020.000000
      Vertex   +00031.250000,+00000.050049,+00043.999985
      Vertex   +00031.250000,+00016.050049,+00043.999985
      Vertex   +00031.250000,+00016.050049,-00020.000000
   End Polygon
   Begin Polygon Texture=Armiortr Flags=1082654752 Link=38
      Origin   +00031.250000,+00000.050049,+00043.999985
      Normal   +00000.000000,+00000.000000,-00001.000000
      TextureU -00004.000000,-00000.000000,+00000.000000
      TextureV +00000.000000,-00004.000000,-00000.000000
      Vertex   -00032.750000,+00000.050049,+00043.999985
      Vertex   -00032.750000,+00016.050049,+00043.999985
      Vertex   +00031.250000,+00016.050049,+00043.999985
      Vertex   +00031.250000,+00000.050049,+00043.999985
   End Polygon
   Begin Polygon Texture=Armoirft Flags=1082654752 Link=19
      Origin   -00036.750000,-00007.949951,+00020.000000
      Normal   +00000.000000,-00001.000000,+00000.000000
      Pan      U=70 V=161
      TextureU +00000.740741,+00000.000000,-00000.000000
      TextureV +00000.000000,+00000.000000,-00001.000000
      Vertex   +00035.250000,-00007.949951,+00052.000000
      Vertex   -00036.750000,-00007.949951,+00052.000000
      Vertex   -00036.750000,-00007.949951,-00071.999290
      Vertex   +00035.250000,-00007.949951,-00071.999290
   End Polygon
   Begin Polygon Texture=Armoirft Flags=1082654752 Link=19
      Origin   -00036.750000,-00007.949951,+00020.000000
      Normal   +00000.000000,-00001.000000,+00000.000000
      Pan      U=70 V=161
      TextureU +00000.740741,+00000.000000,-00000.000000
      TextureV +00000.000000,+00000.000000,-00001.000000
      Vertex   -00036.750000,-00007.949951,-00076.000000
      Vertex   +00043.250000,-00007.949951,-00076.000000
      Vertex   +00043.250000,-00007.949951,-00071.999290
      Vertex   -00036.750000,-00007.949951,-00071.999290
   End Polygon
   Begin Polygon Texture=Armiorlt Flags=1082654752 Link=41
      Origin   +00043.250000,-00007.949951,+00020.000000
      Normal   +00001.000000,+00000.000000,+00000.000000
      Pan      U=32 V=33
      TextureU -00000.000000,+00001.333333,-00000.000000
      TextureV +00000.000000,+00000.000000,-00001.000000
      Vertex   +00043.250000,-00007.949951,-00076.000000
      Vertex   +00043.250000,+00016.050049,-00076.000000
      Vertex   +00043.250000,+00016.050049,-00028.000000
      Vertex   +00043.250000,-00007.949951,-00028.000000
   End Polygon
   Begin Polygon Texture=Armwood Flags=1082654752 Link=42
      Origin   -00008.666504,-00476.000031,+00024.000000
      Normal   +00000.707109,-00000.000000,+00000.707105
      Pan      U=0 V=32
      TextureU +00000.000000,+00001.000000,+00000.000000
      TextureV +00000.707107,+00000.000000,-00000.707107
      Vertex   +00035.250000,-00007.949951,-00020.000000
      Vertex   +00043.250000,-00007.949951,-00028.000000
      Vertex   +00043.250000,+00016.050049,-00028.000000
      Vertex   +00035.250000,+00016.050049,-00020.000000
   End Polygon
   Begin Polygon Texture=Armoirft Flags=1082654752 Link=19
      Origin   -00036.750000,-00007.949951,+00020.000000
      Normal   +00000.000000,-00001.000000,+00000.000000
      Pan      U=70 V=161
      TextureU +00000.740741,+00000.000000,-00000.000000
      TextureV +00000.000000,+00000.000000,-00001.000000
      Vertex   +00043.250000,-00007.949951,-00071.999290
      Vertex   +00043.250000,-00007.949951,-00028.000000
      Vertex   +00035.250000,-00007.949951,-00020.000000
      Vertex   +00035.250000,-00007.949951,-00071.999290
   End Polygon
   Begin Polygon Texture=Armiortr Flags=1082654752 Link=17
      Origin   -00036.750000,+00016.050049,+00019.999985
      Normal   +00000.000000,+00001.000000,+00000.000000
      TextureU -00004.000000,-00000.000000,+00000.000000
      TextureV -00000.000000,+00000.000000,-00004.000000
      Vertex   -00036.750000,+00016.050049,-00026.871773
      Vertex   -00036.750000,+00016.050049,+00051.999985
      Vertex   -00032.750000,+00016.050049,+00051.999985
      Vertex   -00032.750000,+00016.050049,-00026.871773
   End Polygon
   Begin Polygon Texture=Armiortr Flags=1082654752 Link=17
      Origin   -00036.750000,+00016.050049,+00019.999985
      Normal   +00000.000000,+00001.000000,+00000.000000
      TextureU -00004.000000,-00000.000000,+00000.000000
      TextureV -00000.000000,+00000.000000,-00004.000000
      Vertex   -00032.750000,+00016.050049,+00043.999985
      Vertex   -00032.750000,+00016.050049,+00051.999985
      Vertex   +00035.250000,+00016.050049,+00051.999985
      Vertex   +00035.250000,+00016.050049,+00043.999985
   End Polygon
   Begin Polygon Texture=Armiortr Flags=1082654752 Link=17
      Origin   -00036.750000,+00016.050049,+00019.999985
      Normal   +00000.000000,+00001.000000,+00000.000000
      TextureU -00004.000000,-00000.000000,+00000.000000
      TextureV -00000.000000,+00000.000000,-00004.000000
      Vertex   +00035.250000,+00016.050049,-00026.871761
      Vertex   +00035.250000,+00016.050049,-00020.000000
      Vertex   +00042.121765,+00016.050049,-00026.871761
   End Polygon
   Begin Polygon Texture=Armiortr Flags=1082654752 Link=17
      Origin   -00036.750000,+00016.050049,+00019.999985
      Normal   +00000.000000,+00001.000000,+00000.000000
      TextureU -00004.000000,-00000.000000,+00000.000000
      TextureV -00000.000000,+00000.000000,-00004.000000
      Vertex   +00031.250000,+00016.050049,-00026.871761
      Vertex   +00031.250000,+00016.050049,+00043.999985
      Vertex   +00035.250000,+00016.050049,+00043.999985
      Vertex   +00035.250000,+00016.050049,-00026.871761
   End Polygon
   Begin Polygon Texture=Armiortr Flags=1082654752 Link=17
      Origin   -00036.750000,+00016.050049,+00019.999985
      Normal   +00000.000000,+00001.000000,+00000.000000
      TextureU -00004.000000,-00000.000000,+00000.000000
      TextureV -00000.000000,+00000.000000,-00004.000000
      Vertex   -00032.750000,+00016.050049,-00026.871773
      Vertex   -00032.750000,+00016.050049,-00020.000015
      Vertex   +00031.250000,+00016.050049,-00020.000000
      Vertex   +00031.250000,+00016.050049,-00026.871761
   End Polygon
   Begin Polygon Texture=Armiortr Flags=1082654752 Link=49
      Origin   +00039.250000,+00020.050049,+00020.000000
      Normal   +00001.000000,+00000.000000,+00000.000000
      TextureU -00000.000000,+00004.000000,+00000.000000
      TextureV -00000.000000,+00000.000000,-00004.000000
      Vertex   +00039.250000,+00016.050049,+00060.000015
      Vertex   +00039.250000,-00011.949951,+00060.000015
      Vertex   +00039.250000,-00011.949951,+00052.000015
      Vertex   +00039.250000,+00016.050049,+00052.000000
   End Polygon
   Begin Polygon Texture=Armiortr Flags=1082654752 Link=13
      Origin   +00155.250000,-00199.949951,+00052.000015
      Normal   +00000.000000,+00000.000000,-00001.000000
      TextureU -00004.000000,-00000.000000,+00000.000000
      TextureV -00000.000000,+00004.000000,+00000.000000
      Vertex   +00035.250000,+00016.050049,+00051.999985
      Vertex   +00039.250000,+00016.050049,+00052.000000
      Vertex   +00039.250000,-00007.949951,+00052.000015
      Vertex   +00035.250000,-00007.949951,+00052.000000
   End Polygon
   Begin Polygon Texture=Armiortr Flags=1082654752 Link=51
      Origin   +00155.250000,-00199.949951,-00075.999969
      Normal   +00000.000000,+00000.000000,-00001.000000
      TextureU -00004.000000,-00000.000000,+00000.000000
      TextureV -00000.000000,+00004.000000,+00000.000000
      Vertex   -00036.750000,+00016.050049,-00076.000000
      Vertex   +00035.250000,+00016.050049,-00076.000000
      Vertex   +00035.250000,-00007.949951,-00076.000000
      Vertex   -00036.750000,-00007.949951,-00076.000000
   End Polygon
   Begin Polygon Item=Top Texture=Armwood Flags=1082654752 Link=21
      Origin   +00049.500061,-00475.999908,+00024.000000
      Normal   +00000.998053,+00000.000000,-00000.062378
      TextureU +00000.000000,+00001.000000,+00000.000000
      TextureV -00000.062378,-00000.000000,-00000.998053
      Vertex   +00042.500000,-00007.199951,-00088.000000
      Vertex   +00042.500000,-00000.699951,-00088.000000
      Vertex   +00043.250000,+00000.050049,-00076.000000
      Vertex   +00043.250000,-00007.949951,-00076.000000
   End Polygon
End PolyList
