Begin PolyList
   Begin Polygon Item=OUTSIDE Flags=-1073741824 Link=0
      Origin   -00032.000000,-00128.000000,+00064.000000
      Normal   +00000.000000,+00000.000000,+00001.000000
      TextureU +00000.000000,+00001.000000,+00000.000000
      TextureV -00001.000000,+00000.000000,+00000.000000
      Vertex   +00018.656372,+00099.640381,+00064.000000
      Vertex   -00013.343628,+00099.640381,+00064.000000
      Vertex   -00013.343628,-00092.359619,+00064.000000
      Vertex   +00018.656372,-00092.359619,+00064.000000
   End Polygon
   Begin Polygon Item=OUTSIDE Texture=ClenWhitPine_A Flags=1073741824 Link=1
      Origin   -00013.343628,+00099.640381,+00064.000000
      Normal   -00001.000000,+00000.000000,-00000.000000
      TextureU -00000.000000,-00001.000000,-00000.000000
      TextureV -00000.000000,+00000.000000,+00001.000000
      Vertex   -00013.343628,-00092.359619,+00064.000000
      Vertex   -00013.343628,+00099.640381,+00064.000000
      Vertex   -00013.343628,+00099.640381,+00020.000000
      Vertex   -00013.343628,-00092.359619,+00020.000000
   End Polygon
   Begin Polygon Item=OUTSIDE Texture=ShipGrayMetal_A Flags=1073741824 Link=2
      Origin   -00022.357422,-00101.426025,+00020.000000
      Normal   -00000.000000,-00001.000000,-00000.000000
      TextureU +00001.000000,-00000.000000,+00000.000000
      TextureV -00000.000000,+00000.000000,+00001.000000
      Vertex   -00022.357422,-00101.426025,+00020.000000
      Vertex   -00022.357422,-00101.426025,+00016.000000
      Vertex   +00025.642578,-00101.426025,+00016.000000
      Vertex   +00025.642578,-00101.426025,+00020.000000
   End Polygon
   Begin Polygon Item=OUTSIDE Texture=ShipGrayMetal_A Flags=1073741824 Link=3
      Origin   +00025.642578,+00106.573975,+00020.000000
      Normal   +00000.000000,+00001.000000,+00000.000000
      TextureU -00001.000000,+00000.000000,-00000.000000
      TextureV -00000.000000,+00000.000000,+00001.000000
      Vertex   -00022.357422,+00106.573975,+00016.000000
      Vertex   -00022.357422,+00106.573975,+00020.000000
      Vertex   +00025.642578,+00106.573975,+00020.000000
      Vertex   +00025.642578,+00106.573975,+00016.000000
   End Polygon
   Begin Polygon Item=OUTSIDE Texture=ShipGrayMetal_A Flags=1073741824 Link=4
      Origin   -00022.357422,+00106.573975,+00020.000000
      Normal   -00001.000000,+00000.000000,-00000.000000
      TextureU -00000.000000,-00001.000000,-00000.000000
      TextureV -00000.000000,+00000.000000,+00001.000000
      Vertex   -00022.357422,+00106.573975,+00020.000000
      Vertex   -00022.357422,+00106.573975,+00016.000000
      Vertex   -00022.357422,-00101.426025,+00016.000000
      Vertex   -00022.357422,-00101.426025,+00020.000000
   End Polygon
   Begin Polygon Item=OUTSIDE Texture=ShipGrayMetal_A Flags=1073741824 Link=5
      Origin   -00022.357422,+00106.573975,+00020.000000
      Normal   -00000.000000,+00000.000000,+00001.000000
      TextureU +00001.000000,-00000.000000,+00000.000000
      TextureV +00000.000000,+00001.000000,+00000.000000
      Vertex   -00013.343628,+00106.573975,+00020.000000
      Vertex   -00022.357422,+00106.573975,+00020.000000
      Vertex   -00022.357422,-00101.426025,+00020.000000
      Vertex   -00013.343628,-00101.426025,+00020.000000
   End Polygon
   Begin Polygon Item=OUTSIDE Texture=ShipGrayMetal_A Flags=1073741824 Link=6
      Origin   +00025.642578,+00106.573975,+00016.000000
      Normal   +00000.000000,-00000.000000,-00001.000000
      TextureU -00001.000000,+00000.000000,-00000.000000
      TextureV +00000.000000,+00001.000000,+00000.000000
      Vertex   -00013.343628,+00106.573975,+00016.000000
      Vertex   -00013.357300,-00078.425781,+00016.000000
      Vertex   -00013.343628,-00101.426025,+00016.000000
      Vertex   -00022.357422,-00101.426025,+00016.000000
      Vertex   -00022.357422,+00106.573975,+00016.000000
   End Polygon
   Begin Polygon Item=OUTSIDE Texture=ShipGrayMetal_A Flags=1073741824 Link=6
      Origin   +00025.642578,+00106.573975,+00016.000000
      Normal   +00000.000000,-00000.000000,-00001.000000
      TextureU -00001.000000,+00000.000000,-00000.000000
      TextureV +00000.000000,+00001.000000,+00000.000000
      Vertex   +00013.656372,+00106.573975,+00016.000000
      Vertex   +00025.642578,+00106.573975,+00016.000000
      Vertex   +00025.642578,-00101.426025,+00016.000000
      Vertex   +00013.656372,-00101.426025,+00016.000000
   End Polygon
   Begin Polygon Item=OUTSIDE Texture=ShipWhitMetal_A Flags=1073741856 Link=8
      Origin   -00001.356812,+00069.573730,+00016.000000
      Normal   -00000.000000,-00001.000000,-00000.000000
      TextureU +00001.000000,-00000.000000,+00000.000000
      TextureV -00000.000000,+00000.000000,+00001.000000
      Vertex   -00001.356812,+00069.573730,+00016.000000
      Vertex   -00001.356812,+00069.573730,+00012.000000
      Vertex   +00006.643188,+00069.573730,+00012.000000
      Vertex   +00006.643188,+00069.573730,+00016.000000
   End Polygon
   Begin Polygon Item=OUTSIDE Texture=ClenWhitPine_A Flags=1073741856 Link=9
      Origin   -00013.343628,+00065.640381,-00032.000000
      Normal   +00000.000000,-00000.000000,-00001.000000
      TextureU +00001.000000,-00000.000000,+00000.000000
      TextureV -00000.000000,-00001.000000,-00000.000000
      Vertex   +00018.656372,+00066.640381,-00032.000000
      Vertex   +00018.656372,+00065.640381,-00032.000000
      Vertex   -00013.343628,+00065.640381,-00032.000000
      Vertex   -00013.343628,+00066.640381,-00032.000000
   End Polygon
   Begin Polygon Item=OUTSIDE Texture=ClenGrayMetal_A Flags=1082130464 Link=10
      Origin   -00013.343628,-00077.359619,-00033.000000
      Normal   +00000.000000,-00000.000000,-00001.000000
      TextureU +00001.000000,-00000.000000,+00000.000000
      TextureV -00000.000000,-00001.000000,-00000.000000
      Vertex   -00013.343628,-00077.359619,-00033.000000
      Vertex   -00013.343628,+00066.640381,-00033.000000
      Vertex   +00018.656372,+00066.640381,-00033.000000
      Vertex   +00018.656372,-00077.359619,-00033.000000
   End Polygon
   Begin Polygon Item=OUTSIDE Texture=ClenGrayMetal_A Flags=1073741856 Link=11
      Origin   +00018.642700,-00077.425781,-00032.000000
      Normal   +00001.000000,-00000.000000,+00000.000000
      TextureU +00000.000000,+00001.000000,+00000.000000
      TextureV -00000.000000,+00000.000000,+00001.000000
      Vertex   +00018.642700,-00077.425781,-00032.000000
      Vertex   +00018.656372,-00077.359619,-00033.000000
      Vertex   +00018.656372,+00066.640381,-00033.000000
      Vertex   +00018.656372,+00066.640381,-00032.000000
   End Polygon
   Begin Polygon Item=OUTSIDE Texture=ClenGrayMetal_A Flags=1073741856 Link=12
      Origin   +00018.656372,+00066.640381,-00032.000000
      Normal   +00000.000000,+00001.000000,+00000.000000
      TextureU -00001.000000,+00000.000000,-00000.000000
      TextureV -00000.000000,+00000.000000,+00001.000000
      Vertex   +00018.656372,+00066.640381,-00032.000000
      Vertex   +00018.656372,+00066.640381,-00033.000000
      Vertex   -00013.343628,+00066.640381,-00033.000000
      Vertex   -00013.343628,+00066.640381,-00032.000000
   End Polygon
   Begin Polygon Item=OUTSIDE Texture=ClenGrayMetal_A Flags=1073741856 Link=13
      Origin   -00013.357300,-00077.425781,-00032.000000
      Normal   -00000.000000,-00001.000000,-00000.000000
      TextureU +00001.000000,-00000.000000,+00000.000000
      TextureV -00000.000000,+00000.000000,+00001.000000
      Vertex   -00013.357300,-00077.425781,-00032.000000
      Vertex   -00013.343628,-00077.359619,-00033.000000
      Vertex   +00018.656372,-00077.359619,-00033.000000
      Vertex   +00018.642700,-00077.425781,-00032.000000
   End Polygon
   Begin Polygon Item=OUTSIDE Texture=ClenWhitPine_A Flags=1073741856 Link=14
      Origin   -00013.343628,+00065.640381,+00016.000000
      Normal   -00000.000000,-00001.000000,-00000.000000
      TextureU +00001.000000,-00000.000000,+00000.000000
      TextureV -00000.000000,+00000.000000,+00001.000000
      Vertex   -00013.343628,+00065.640381,-00032.000000
      Vertex   +00018.656372,+00065.640381,-00032.000000
      Vertex   +00018.656372,+00065.640381,+00016.000000
      Vertex   -00013.343628,+00065.640381,+00016.000000
   End Polygon
   Begin Polygon Item=OUTSIDE Texture=ClenWhitPine_A Flags=1073741856 Link=15
      Origin   +00018.642700,-00077.425781,+00016.000000
      Normal   +00000.000000,+00001.000000,+00000.000000
      TextureU -00001.000000,+00000.000000,-00000.000000
      TextureV -00000.000000,+00000.000000,+00001.000000
      Vertex   +00018.642700,-00077.425781,+00010.200012
      Vertex   +00018.656372,-00077.359619,+00000.000000
      Vertex   +00018.656372,-00077.359619,-00001.000000
      Vertex   +00018.642700,-00077.425781,-00032.000000
      Vertex   -00013.357300,-00077.425781,-00032.000000
      Vertex   -00013.343628,-00077.359619,-00001.000000
      Vertex   -00013.343628,-00077.359619,-00000.000000
      Vertex   -00013.357300,-00077.425781,+00010.200012
      Vertex   -00013.357300,-00077.425781,+00016.000000
      Vertex   +00018.642700,-00077.425781,+00016.000000
   End Polygon
   Begin Polygon Item=OUTSIDE Texture=ClenGrayMetal_A Flags=1082130464 Link=16
      Origin   -00013.343628,-00077.359619,-00001.000000
      Normal   +00000.000000,-00000.000000,-00001.000000
      TextureU +00001.000000,-00000.000000,+00000.000000
      TextureV -00000.000000,-00001.000000,-00000.000000
      Vertex   +00018.656372,+00065.640381,-00001.000000
      Vertex   +00018.656372,-00077.359619,-00001.000000
      Vertex   -00013.343628,-00077.359619,-00001.000000
      Vertex   -00013.343628,+00065.640381,-00001.000000
   End Polygon
   Begin Polygon Item=OUTSIDE Texture=ClenGrayMetal_A Flags=1073741856 Link=17
      Origin   +00018.656372,-00077.359619,+00000.000000
      Normal   -00000.000000,+00000.000000,+00001.000000
      TextureU -00001.000000,+00000.000000,-00000.000000
      TextureV -00000.000000,-00001.000000,-00000.000000
      Vertex   +00018.656372,-00077.359619,+00000.000000
      Vertex   +00018.656372,+00065.640381,+00000.000000
      Vertex   -00013.343628,+00065.640381,-00000.000000
      Vertex   -00013.343628,-00077.359619,-00000.000000
   End Polygon
   Begin Polygon Item=OUTSIDE Texture=ClenGrayMetal_A Flags=1073741856 Link=18
      Origin   +00018.656372,-00077.359619,+00000.000000
      Normal   +00001.000000,-00000.000000,+00000.000000
      TextureU +00000.000000,+00001.000000,+00000.000000
      TextureV -00000.000000,+00000.000000,+00001.000000
      Vertex   +00018.656372,+00065.640381,+00000.000000
      Vertex   +00018.656372,-00077.359619,+00000.000000
      Vertex   +00018.656372,-00077.359619,-00001.000000
      Vertex   +00018.656372,+00065.640381,-00001.000000
   End Polygon
   Begin Polygon Item=OUTSIDE Texture=ClenWhitPine_A Flags=1073741856 Link=19
      Origin   -00013.357300,-00078.425781,+00016.000000
      Normal   -00000.000000,-00001.000000,-00000.000000
      TextureU +00001.000000,-00000.000000,+00000.000000
      TextureV -00000.000000,+00000.000000,+00001.000000
      Vertex   -00013.357300,-00078.425781,-00032.000000
      Vertex   +00018.642700,-00078.425781,-00032.000000
      Vertex   +00018.642700,-00078.425781,+00016.000000
      Vertex   -00013.357300,-00078.425781,+00016.000000
   End Polygon
   Begin Polygon Item=OUTSIDE Texture=ClenWhitPine_A Flags=1073741856 Link=20
      Origin   +00018.642700,-00078.425781,+00016.000000
      Normal   +00001.000000,-00000.000000,+00000.000000
      TextureU +00000.000000,+00001.000000,+00000.000000
      TextureV -00000.000000,+00000.000000,+00001.000000
      Vertex   +00018.642700,-00078.425781,-00032.000000
      Vertex   +00018.642700,-00077.425781,-00032.000000
      Vertex   +00018.656372,-00077.359619,-00001.000000
      Vertex   +00018.656372,-00077.359619,+00000.000000
      Vertex   +00018.642700,-00077.425781,+00010.200012
      Vertex   +00018.642700,-00077.425781,+00016.000000
      Vertex   +00018.642700,-00078.425781,+00016.000000
   End Polygon
   Begin Polygon Item=OUTSIDE Texture=ClenWhitPine_A Flags=1073741856 Link=21
      Origin   +00018.656372,+00065.640381,+00016.000000
      Normal   +00001.000000,-00000.000000,+00000.000000
      TextureU +00000.000000,+00001.000000,+00000.000000
      TextureV -00000.000000,+00000.000000,+00001.000000
      Vertex   +00018.656372,+00065.640381,-00032.000000
      Vertex   +00018.656372,+00066.640381,-00032.000000
      Vertex   +00018.656372,+00066.640381,+00016.000000
      Vertex   +00018.656372,+00065.640381,+00016.000000
   End Polygon
   Begin Polygon Item=OUTSIDE Texture=ClenWhitPine_A Flags=1073741856 Link=22
      Origin   +00018.656372,+00066.640381,+00016.000000
      Normal   +00000.000000,+00001.000000,+00000.000000
      TextureU -00001.000000,+00000.000000,-00000.000000
      TextureV -00000.000000,+00000.000000,+00001.000000
      Vertex   +00018.656372,+00066.640381,-00032.000000
      Vertex   -00013.343628,+00066.640381,-00032.000000
      Vertex   -00013.343628,+00066.640381,+00016.000000
      Vertex   +00018.656372,+00066.640381,+00016.000000
   End Polygon
   Begin Polygon Item=OUTSIDE Texture=ClenWhitPine_A Flags=1073741856 Link=23
      Origin   -00013.357300,-00078.425781,-00032.000000
      Normal   +00000.000000,-00000.000000,-00001.000000
      TextureU +00001.000000,-00000.000000,+00000.000000
      TextureV -00000.000000,-00001.000000,-00000.000000
      Vertex   +00018.642700,-00077.425781,-00032.000000
      Vertex   +00018.642700,-00078.425781,-00032.000000
      Vertex   -00013.357300,-00078.425781,-00032.000000
      Vertex   -00013.357300,-00077.425781,-00032.000000
   End Polygon
   Begin Polygon Item=OUTSIDE Texture=ClenGrayMetal_A Flags=1073741856 Link=24
      Origin   +00018.642700,-00077.425781,-00032.000000
      Normal   -00000.000000,+00000.000000,+00001.000000
      TextureU -00001.000000,+00000.000000,-00000.000000
      TextureV -00000.000000,-00001.000000,-00000.000000
      Vertex   +00018.642700,-00077.425781,-00032.000000
      Vertex   +00018.656372,+00065.640381,-00032.000000
      Vertex   -00013.343628,+00065.640381,-00032.000000
      Vertex   -00013.357300,-00077.425781,-00032.000000
   End Polygon
   Begin Polygon Item=Top Texture=Galvanzd Flags=1073741856 Link=25
      Origin   +00003.656372,+00072.640381,+00000.000000
      Normal   +00000.000000,-00000.000000,-00001.000000
      TextureU -00001.000000,+00000.000000,-00000.000000
      TextureV +00000.000000,+00001.000000,+00000.000000
      Vertex   +00003.656372,+00072.640381,+00000.000000
      Vertex   +00003.656372,+00070.640381,+00000.000000
      Vertex   +00001.656372,+00070.640381,+00000.000000
      Vertex   +00001.656372,+00072.640381,+00000.000000
   End Polygon
   Begin Polygon Item=2DLoftSIDE Texture=Galvanzd Flags=1073741856 Link=26
      Origin   +00001.656372,+00070.640381,+00000.000000
      Normal   -00001.000000,+00000.000000,-00000.000000
      TextureU +00000.000000,-00000.000000,-00001.000000
      TextureV -00000.000000,-00001.000000,-00000.000000
      Vertex   +00001.642700,+00071.109863,-00002.000000
      Vertex   +00001.656372,+00070.640381,+00000.000000
      Vertex   +00001.656372,+00072.640381,+00000.000000
      Vertex   +00001.642700,+00072.841797,-00001.000000
      Vertex   +00001.642700,+00072.573975,-00003.464172
   End Polygon
   Begin Polygon Item=2DLoftSIDE Texture=Galvanzd Flags=1073741856 Link=27
      Origin   +00003.656372,+00072.640381,+00000.000000
      Normal   +00001.000000,-00000.000000,+00000.000000
      TextureU +00000.000000,-00000.000000,-00001.000000
      TextureV +00000.000000,+00001.000000,+00000.000000
      Vertex   +00003.642700,+00072.841797,-00001.000000
      Vertex   +00003.656372,+00072.640381,+00000.000000
      Vertex   +00003.656372,+00070.640381,+00000.000000
      Vertex   +00003.642700,+00071.109863,-00002.000000
      Vertex   +00003.642700,+00072.573975,-00003.464172
   End Polygon
   Begin Polygon Item=2DLoftSIDE Texture=Galvanzd Flags=1073741856 Link=28
      Origin   +00001.642700,+00072.841797,-00001.000000
      Normal   -00000.000000,+00000.707105,+00000.707109
      TextureU -00000.000000,+00000.707107,-00000.707107
      TextureV -00001.000000,+00000.000000,-00000.000000
      Vertex   +00001.642700,+00072.841797,-00001.000000
      Vertex   +00003.642700,+00072.841797,-00001.000000
      Vertex   +00003.642700,+00073.573975,-00001.732117
      Vertex   +00001.642700,+00073.573975,-00001.732117
   End Polygon
   Begin Polygon Item=2DLoftSIDE Texture=Galvanzd Flags=1073741856 Link=29
      Origin   +00001.642700,+00075.573975,-00001.732117
      Normal   -00000.000000,-00000.707155,+00000.707058
      TextureU -00000.000000,+00000.707105,+00000.707109
      TextureV -00001.000000,+00000.000000,-00000.000000
      Vertex   +00001.642700,+00075.573975,-00001.732117
      Vertex   +00003.642700,+00075.573975,-00001.732117
      Vertex   +00003.642700,+00076.305908,-00001.000000
      Vertex   +00001.642700,+00076.305908,-00001.000000
   End Polygon
   Begin Polygon Item=2DLoftSIDE Texture=Galvanzd Flags=1073741856 Link=30
      Origin   +00001.642700,+00073.573975,-00001.732117
      Normal   +00000.000000,+00000.258799,+00000.965931
      TextureU +00000.000000,+00000.965931,-00000.258799
      TextureV -00001.000000,+00000.000000,-00000.000000
      Vertex   +00001.642700,+00073.573975,-00001.732117
      Vertex   +00003.642700,+00073.573975,-00001.732117
      Vertex   +00003.642700,+00074.573975,-00002.000000
      Vertex   +00001.642700,+00074.573975,-00002.000000
   End Polygon
   Begin Polygon Item=2DLoftSIDE Texture=Galvanzd Flags=1073741856 Link=31
      Origin   +00001.642700,+00074.573975,-00002.000000
      Normal   +00000.000000,-00000.258751,+00000.965944
      TextureU +00000.000000,+00000.965938,+00000.258775
      TextureV -00001.000000,+00000.000000,-00000.000000
      Vertex   +00001.642700,+00074.573975,-00002.000000
      Vertex   +00003.642700,+00074.573975,-00002.000000
      Vertex   +00003.642700,+00075.573975,-00001.732117
      Vertex   +00001.642700,+00075.573975,-00001.732117
   End Polygon
   Begin Polygon Item=2DLoftSIDE Texture=Galvanzd Flags=1073741856 Link=32
      Origin   +00001.642700,+00076.305908,-00001.000000
      Normal   -00000.000000,-00000.965907,+00000.258889
      TextureU +00000.000000,+00000.258799,+00000.965931
      TextureV -00001.000000,+00000.000000,-00000.000000
      Vertex   +00001.642700,+00076.305908,-00001.000000
      Vertex   +00003.642700,+00076.305908,-00001.000000
      Vertex   +00003.642700,+00076.573975,-00000.000122
      Vertex   +00001.642700,+00076.573975,-00000.000122
   End Polygon
   Begin Polygon Item=2DLoftSIDE Texture=Galvanzd Flags=1073741856 Link=33
      Origin   +00001.656372,+00072.640381,+00000.000000
      Normal   +00000.000000,+00000.965938,+00000.258775
      TextureU +00000.000000,+00000.258775,-00000.965938
      TextureV -00001.000000,+00000.000000,-00000.000000
      Vertex   +00001.656372,+00072.640381,+00000.000000
      Vertex   +00003.656372,+00072.640381,+00000.000000
      Vertex   +00003.642700,+00072.841797,-00001.000000
      Vertex   +00001.642700,+00072.841797,-00001.000000
   End Polygon
   Begin Polygon Item=2DLoftSIDE Texture=Galvanzd Flags=1073741856 Link=34
      Origin   +00003.642700,+00078.038086,-00002.000000
      Normal   +00000.000000,+00000.965922,-00000.258832
      TextureU +00000.000000,+00000.258799,+00000.965931
      TextureV +00001.000000,-00000.000000,+00000.000000
      Vertex   +00001.642700,+00078.573975,-00000.000122
      Vertex   +00003.642700,+00078.573975,-00000.000122
      Vertex   +00003.642700,+00078.038086,-00002.000000
      Vertex   +00001.642700,+00078.038086,-00002.000000
   End Polygon
   Begin Polygon Item=2DLoftSIDE Texture=Galvanzd Flags=1073741856 Link=35
      Origin   +00003.642700,+00076.573975,-00003.464172
      Normal   +00000.000000,+00000.707131,-00000.707083
      TextureU -00000.000000,+00000.707105,+00000.707109
      TextureV +00001.000000,-00000.000000,+00000.000000
      Vertex   +00001.642700,+00078.038086,-00002.000000
      Vertex   +00003.642700,+00078.038086,-00002.000000
      Vertex   +00003.642700,+00076.573975,-00003.464172
      Vertex   +00001.642700,+00076.573975,-00003.464172
   End Polygon
   Begin Polygon Item=2DLoftSIDE Texture=Galvanzd Flags=1073741856 Link=36
      Origin   +00003.642700,+00074.573975,-00004.000000
      Normal   +00000.000000,+00000.258775,-00000.965938
      TextureU +00000.000000,+00000.965938,+00000.258775
      TextureV +00001.000000,-00000.000000,+00000.000000
      Vertex   +00001.642700,+00076.573975,-00003.464172
      Vertex   +00003.642700,+00076.573975,-00003.464172
      Vertex   +00003.642700,+00074.573975,-00004.000000
      Vertex   +00001.642700,+00074.573975,-00004.000000
   End Polygon
   Begin Polygon Item=2DLoftSIDE Texture=Galvanzd Flags=1073741856 Link=37
      Origin   +00003.642700,+00072.573975,-00003.464172
      Normal   +00000.000000,-00000.258787,-00000.965934
      TextureU +00000.000000,+00000.965931,-00000.258799
      TextureV +00001.000000,-00000.000000,+00000.000000
      Vertex   +00003.642700,+00072.573975,-00003.464172
      Vertex   +00001.642700,+00072.573975,-00003.464172
      Vertex   +00001.642700,+00074.573975,-00004.000000
      Vertex   +00003.642700,+00074.573975,-00004.000000
   End Polygon
   Begin Polygon Item=2DLoftSIDE Texture=Galvanzd Flags=1073741856 Link=38
      Origin   +00003.656372,+00070.640381,+00000.000000
      Normal   -00000.000000,-00000.965938,-00000.258775
      TextureU +00000.000000,+00000.258775,-00000.965938
      TextureV +00001.000000,-00000.000000,+00000.000000
      Vertex   +00003.656372,+00070.640381,+00000.000000
      Vertex   +00001.656372,+00070.640381,+00000.000000
      Vertex   +00001.642700,+00071.109863,-00002.000000
      Vertex   +00003.642700,+00071.109863,-00002.000000
   End Polygon
   Begin Polygon Item=2DLoftSIDE Texture=Galvanzd Flags=1073741856 Link=39
      Origin   +00003.642700,+00071.109863,-00002.000000
      Normal   +00000.000000,-00000.707107,-00000.707107
      TextureU -00000.000000,+00000.707107,-00000.707107
      TextureV +00001.000000,-00000.000000,+00000.000000
      Vertex   +00003.642700,+00071.109863,-00002.000000
      Vertex   +00001.642700,+00071.109863,-00002.000000
      Vertex   +00001.642700,+00072.573975,-00003.464172
      Vertex   +00003.642700,+00072.573975,-00003.464172
   End Polygon
   Begin Polygon Item=2DLoftSIDE Texture=Galvanzd Flags=1073741856 Link=27
      Origin   +00003.656372,+00072.640381,+00000.000000
      Normal   +00001.000000,-00000.000000,+00000.000000
      TextureU +00000.000000,-00000.000000,-00001.000000
      TextureV +00000.000000,+00001.000000,+00000.000000
      Vertex   +00003.642700,+00072.841797,-00001.000000
      Vertex   +00003.642700,+00072.573975,-00003.464172
      Vertex   +00003.642700,+00073.573975,-00001.732117
   End Polygon
   Begin Polygon Item=2DLoftSIDE Texture=Galvanzd Flags=1073741856 Link=27
      Origin   +00003.656372,+00072.640381,+00000.000000
      Normal   +00001.000000,-00000.000000,+00000.000000
      TextureU +00000.000000,-00000.000000,-00001.000000
      TextureV +00000.000000,+00001.000000,+00000.000000
      Vertex   +00003.642700,+00073.573975,-00001.732117
      Vertex   +00003.642700,+00072.573975,-00003.464172
      Vertex   +00003.642700,+00074.573975,-00004.000000
      Vertex   +00003.642700,+00074.573975,-00002.000000
   End Polygon
   Begin Polygon Item=2DLoftSIDE Texture=Galvanzd Flags=1073741856 Link=27
      Origin   +00003.656372,+00072.640381,+00000.000000
      Normal   +00001.000000,-00000.000000,+00000.000000
      TextureU +00000.000000,-00000.000000,-00001.000000
      TextureV +00000.000000,+00001.000000,+00000.000000
      Vertex   +00003.642700,+00074.573975,-00002.000000
      Vertex   +00003.642700,+00074.573975,-00004.000000
      Vertex   +00003.642700,+00076.573975,-00003.464172
      Vertex   +00003.642700,+00075.573975,-00001.732117
   End Polygon
   Begin Polygon Item=2DLoftSIDE Texture=Galvanzd Flags=1073741856 Link=27
      Origin   +00003.656372,+00072.640381,+00000.000000
      Normal   +00001.000000,-00000.000000,+00000.000000
      TextureU +00000.000000,-00000.000000,-00001.000000
      TextureV +00000.000000,+00001.000000,+00000.000000
      Vertex   +00003.642700,+00075.573975,-00001.732117
      Vertex   +00003.642700,+00076.573975,-00003.464172
      Vertex   +00003.642700,+00078.038086,-00002.000000
      Vertex   +00003.642700,+00076.305908,-00001.000000
   End Polygon
   Begin Polygon Item=2DLoftSIDE Texture=Galvanzd Flags=1073741856 Link=27
      Origin   +00003.656372,+00072.640381,+00000.000000
      Normal   +00001.000000,-00000.000000,+00000.000000
      TextureU +00000.000000,-00000.000000,-00001.000000
      TextureV +00000.000000,+00001.000000,+00000.000000
      Vertex   +00003.642700,+00076.305908,-00001.000000
      Vertex   +00003.642700,+00078.038086,-00002.000000
      Vertex   +00003.642700,+00078.305908,-00001.000305
      Vertex   +00003.642700,+00078.573975,-00000.000122
      Vertex   +00003.642700,+00076.573975,-00000.000122
   End Polygon
   Begin Polygon Item=2DLoftSIDE Texture=Galvanzd Flags=1073741856 Link=26
      Origin   +00001.656372,+00070.640381,+00000.000000
      Normal   -00001.000000,+00000.000000,-00000.000000
      TextureU +00000.000000,-00000.000000,-00001.000000
      TextureV -00000.000000,-00001.000000,-00000.000000
      Vertex   +00001.642700,+00074.573975,-00004.000000
      Vertex   +00001.642700,+00072.573975,-00003.464172
      Vertex   +00001.642700,+00072.841797,-00001.000000
      Vertex   +00001.642700,+00075.573975,-00003.732117
   End Polygon
   Begin Polygon Item=2DLoftSIDE Texture=Galvanzd Flags=1073741856 Link=26
      Origin   +00001.656372,+00070.640381,+00000.000000
      Normal   -00001.000000,+00000.000000,-00000.000000
      TextureU +00000.000000,-00000.000000,-00001.000000
      TextureV -00000.000000,-00001.000000,-00000.000000
      Vertex   +00001.642700,+00076.573975,-00003.464172
      Vertex   +00001.642700,+00075.573975,-00003.732117
      Vertex   +00001.642700,+00073.573975,-00001.732117
      Vertex   +00001.642700,+00077.306152,-00002.732056
   End Polygon
   Begin Polygon Item=2DLoftSIDE Texture=Galvanzd Flags=1073741856 Link=26
      Origin   +00001.656372,+00070.640381,+00000.000000
      Normal   -00001.000000,+00000.000000,-00000.000000
      TextureU +00000.000000,-00000.000000,-00001.000000
      TextureV -00000.000000,-00001.000000,-00000.000000
      Vertex   +00001.642700,+00078.038086,-00002.000000
      Vertex   +00001.642700,+00077.306152,-00002.732056
      Vertex   +00001.642700,+00074.573975,-00002.000000
      Vertex   +00001.642700,+00078.305908,-00001.000305
   End Polygon
   Begin Polygon Item=2DLoftSIDE Texture=Galvanzd Flags=1073741856 Link=26
      Origin   +00001.656372,+00070.640381,+00000.000000
      Normal   -00001.000000,+00000.000000,-00000.000000
      TextureU +00000.000000,-00000.000000,-00001.000000
      TextureV -00000.000000,-00001.000000,-00000.000000
      Vertex   +00001.642700,+00075.573975,-00001.732117
      Vertex   +00001.642700,+00077.305664,-00000.000122
      Vertex   +00001.642700,+00078.573975,-00000.000122
      Vertex   +00001.642700,+00078.305908,-00001.000305
   End Polygon
   Begin Polygon Item=2DLoftSIDE Texture=Galvanzd Flags=1073741856 Link=26
      Origin   +00001.656372,+00070.640381,+00000.000000
      Normal   -00001.000000,+00000.000000,-00000.000000
      TextureU +00000.000000,-00000.000000,-00001.000000
      TextureV -00000.000000,-00001.000000,-00000.000000
      Vertex   +00001.642700,+00076.305908,-00001.000000
      Vertex   +00001.642700,+00076.573975,-00000.000122
      Vertex   +00001.642700,+00077.305664,-00000.000122
   End Polygon
   Begin Polygon Item=OUTSIDE Texture=ShipWhitMetal_A Flags=1073741856 Link=50
      Origin   -00001.356812,+00073.573730,+00012.000000
      Normal   +00000.000000,-00000.000000,-00001.000000
      TextureU -00000.000000,-00001.000000,-00000.000000
      TextureV -00001.000000,+00000.000000,-00000.000000
      Vertex   -00001.356812,+00073.573730,+00012.000000
      Vertex   +00006.643188,+00073.573730,+00012.000000
      Vertex   +00006.643188,+00069.573730,+00012.000000
      Vertex   -00001.356812,+00069.573730,+00012.000000
   End Polygon
   Begin Polygon Item=Outer Texture=Galvanzd Flags=1073741856 Link=51
      Origin   +00003.656372,+00070.640381,+00012.000000
      Normal   +00001.000000,-00000.000000,+00000.000000
      TextureU +00000.000000,+00001.000000,+00000.000000
      TextureV -00000.000000,+00000.000000,+00001.000000
      Vertex   +00003.656372,+00070.640381,+00000.000000
      Vertex   +00003.656372,+00072.640381,+00000.000000
      Vertex   +00003.656372,+00072.640381,+00012.000000
      Vertex   +00003.656372,+00070.640381,+00012.000000
   End Polygon
   Begin Polygon Item=OUTSIDE Texture=ShipWhitMetal_A Flags=1073741856 Link=52
      Origin   +00004.960205,+00071.225830,+00011.800110
      Normal   +00000.290285,-00000.956940,+00000.000000
      TextureU +00000.956940,+00000.290285,+00000.000000
      TextureV -00000.000000,+00000.000000,+00001.000000
      Vertex   +00004.960205,+00071.225830,+00011.800110
      Vertex   +00004.960205,+00071.225830,+00010.200012
      Vertex   +00008.787964,+00072.386963,+00010.200012
      Vertex   +00008.787964,+00072.386963,+00011.800110
   End Polygon
   Begin Polygon Item=OUTSIDE Texture=ShipWhitMetal_A Flags=1073741856 Link=53
      Origin   +00008.323486,+00073.918213,+00011.800110
      Normal   -00000.290285,+00000.956940,-00000.000000
      TextureU -00000.956940,-00000.290285,-00000.000000
      TextureV -00000.000000,+00000.000000,+00001.000000
      Vertex   +00008.323486,+00073.918213,+00011.800110
      Vertex   +00008.323486,+00073.918213,+00010.200012
      Vertex   +00004.495728,+00072.757080,+00010.200012
      Vertex   +00004.495728,+00072.757080,+00011.800110
   End Polygon
   Begin Polygon Item=OUTSIDE Texture=ShipWhitMetal_A Flags=1073741856 Link=54
      Origin   +00008.787964,+00072.386963,+00011.800110
      Normal   +00000.956940,+00000.290285,+00000.000000
      TextureU -00000.290285,+00000.956940,-00000.000000
      TextureV -00000.000000,+00000.000000,+00001.000000
      Vertex   +00008.787964,+00072.386963,+00011.800110
      Vertex   +00008.787964,+00072.386963,+00010.200012
      Vertex   +00008.323486,+00073.918213,+00010.200012
      Vertex   +00008.323486,+00073.918213,+00011.800110
   End Polygon
   Begin Polygon Item=OUTSIDE Texture=ShipWhitMetal_A Flags=1073741856 Link=55
      Origin   +00004.495728,+00072.757080,+00011.800110
      Normal   -00000.956940,-00000.290285,-00000.000000
      TextureU +00000.290285,-00000.956940,+00000.000000
      TextureV -00000.000000,+00000.000000,+00001.000000
      Vertex   +00004.495728,+00072.757080,+00011.800110
      Vertex   +00004.495728,+00072.757080,+00010.200012
      Vertex   +00004.960205,+00071.225830,+00010.200012
      Vertex   +00004.960205,+00071.225830,+00011.800110
   End Polygon
   Begin Polygon Item=OUTSIDE Texture=ShipWhitMetal_A Flags=1073741856 Link=56
      Origin   +00004.495728,+00072.757080,+00010.200012
      Normal   +00000.000000,-00000.000000,-00001.000000
      TextureU +00000.290285,-00000.956940,+00000.000000
      TextureV -00000.956940,-00000.290285,-00000.000000
      Vertex   +00004.495728,+00072.757080,+00010.200012
      Vertex   +00008.323486,+00073.918213,+00010.200012
      Vertex   +00008.787964,+00072.386963,+00010.200012
      Vertex   +00004.960205,+00071.225830,+00010.200012
   End Polygon
   Begin Polygon Item=OUTSIDE Texture=ShipWhitMetal_A Flags=1073741856 Link=57
      Origin   +00000.027466,+00070.923584,+00011.800110
      Normal   +00000.881921,-00000.471397,+00000.000000
      TextureU +00000.471397,+00000.881921,+00000.000000
      TextureV -00000.000000,+00000.000000,+00001.000000
      Vertex   +00000.027466,+00070.923584,+00011.800110
      Vertex   +00000.027466,+00070.923584,+00010.200012
      Vertex   +00000.781738,+00072.334961,+00010.200012
      Vertex   +00000.781738,+00072.334961,+00011.800110
   End Polygon
   Begin Polygon Item=Outer Texture=Galvanzd Flags=1073741856 Link=58
      Origin   +00001.656372,+00070.640381,+00012.000000
      Normal   -00000.000000,-00001.000000,-00000.000000
      TextureU +00001.000000,-00000.000000,+00000.000000
      TextureV -00000.000000,+00000.000000,+00001.000000
      Vertex   +00001.656372,+00070.640381,+00000.000000
      Vertex   +00003.656372,+00070.640381,+00000.000000
      Vertex   +00003.656372,+00070.640381,+00012.000000
      Vertex   +00001.656372,+00070.640381,+00012.000000
   End Polygon
   Begin Polygon Item=Outer Texture=Galvanzd Flags=1073741856 Link=59
      Origin   +00001.656372,+00072.640381,+00012.000000
      Normal   -00001.000000,+00000.000000,-00000.000000
      TextureU -00000.000000,-00001.000000,-00000.000000
      TextureV -00000.000000,+00000.000000,+00001.000000
      Vertex   +00001.656372,+00072.640381,+00000.000000
      Vertex   +00001.656372,+00070.640381,+00000.000000
      Vertex   +00001.656372,+00070.640381,+00012.000000
      Vertex   +00001.656372,+00072.640381,+00012.000000
   End Polygon
   Begin Polygon Item=Outer Texture=Galvanzd Flags=1073741856 Link=60
      Origin   +00003.656372,+00072.640381,+00012.000000
      Normal   +00000.000000,+00001.000000,+00000.000000
      TextureU -00001.000000,+00000.000000,-00000.000000
      TextureV -00000.000000,+00000.000000,+00001.000000
      Vertex   +00003.656372,+00072.640381,+00000.000000
      Vertex   +00001.656372,+00072.640381,+00000.000000
      Vertex   +00001.656372,+00072.640381,+00012.000000
      Vertex   +00003.656372,+00072.640381,+00012.000000
   End Polygon
   Begin Polygon Item=OUTSIDE Texture=ShipWhitMetal_A Flags=1073741856 Link=61
      Origin   -00002.745972,+00074.220459,+00010.200012
      Normal   +00000.000000,-00000.000000,-00001.000000
      TextureU -00000.471397,-00000.881921,-00000.000000
      TextureV -00000.881921,+00000.471397,-00000.000000
      Vertex   -00002.745972,+00074.220459,+00010.200012
      Vertex   +00000.781738,+00072.334961,+00010.200012
      Vertex   +00000.027466,+00070.923584,+00010.200012
      Vertex   -00003.500244,+00072.809326,+00010.200012
   End Polygon
   Begin Polygon Item=OUTSIDE Texture=ShipWhitMetal_A Flags=1073741856 Link=62
      Origin   -00003.500244,+00072.809326,+00011.800110
      Normal   -00000.471397,-00000.881921,-00000.000000
      TextureU +00000.881921,-00000.471397,+00000.000000
      TextureV -00000.000000,+00000.000000,+00001.000000
      Vertex   -00003.500244,+00072.809326,+00011.800110
      Vertex   -00003.500244,+00072.809326,+00010.200012
      Vertex   +00000.027466,+00070.923584,+00010.200012
      Vertex   +00000.027466,+00070.923584,+00011.800110
   End Polygon
   Begin Polygon Item=OUTSIDE Texture=ShipWhitMetal_A Flags=1073741856 Link=63
      Origin   +00000.781738,+00072.334961,+00011.800110
      Normal   +00000.471397,+00000.881921,+00000.000000
      TextureU -00000.881921,+00000.471397,-00000.000000
      TextureV -00000.000000,+00000.000000,+00001.000000
      Vertex   +00000.781738,+00072.334961,+00011.800110
      Vertex   +00000.781738,+00072.334961,+00010.200012
      Vertex   -00002.745972,+00074.220459,+00010.200012
      Vertex   -00002.745972,+00074.220459,+00011.800110
   End Polygon
   Begin Polygon Item=OUTSIDE Texture=ShipWhitMetal_A Flags=1073741856 Link=64
      Origin   -00002.745972,+00074.220459,+00011.800110
      Normal   -00000.881921,+00000.471397,-00000.000000
      TextureU -00000.471397,-00000.881921,-00000.000000
      TextureV -00000.000000,+00000.000000,+00001.000000
      Vertex   -00002.745972,+00074.220459,+00011.800110
      Vertex   -00002.745972,+00074.220459,+00010.200012
      Vertex   -00003.500244,+00072.809326,+00010.200012
      Vertex   -00003.500244,+00072.809326,+00011.800110
   End Polygon
   Begin Polygon Item=OUTSIDE Texture=ShipWhitMetal_A Flags=1073741856 Link=65
      Origin   +00006.643188,+00073.573730,+00016.000000
      Normal   +00000.000000,+00001.000000,+00000.000000
      TextureU -00001.000000,+00000.000000,-00000.000000
      TextureV -00000.000000,+00000.000000,+00001.000000
      Vertex   +00006.643188,+00073.573730,+00016.000000
      Vertex   +00006.643188,+00073.573730,+00012.000000
      Vertex   -00001.356812,+00073.573730,+00012.000000
      Vertex   -00001.356812,+00073.573730,+00016.000000
   End Polygon
   Begin Polygon Item=OUTSIDE Texture=ShipWhitMetal_A Flags=1073741856 Link=66
      Origin   +00006.643188,+00069.573730,+00016.000000
      Normal   +00001.000000,-00000.000000,+00000.000000
      TextureU +00000.000000,+00001.000000,+00000.000000
      TextureV -00000.000000,+00000.000000,+00001.000000
      Vertex   +00006.643188,+00069.573730,+00016.000000
      Vertex   +00006.643188,+00069.573730,+00012.000000
      Vertex   +00006.643188,+00071.736328,+00011.800110
      Vertex   +00006.643188,+00073.408447,+00011.800110
      Vertex   +00006.643188,+00073.573730,+00012.000000
      Vertex   +00006.643188,+00073.573730,+00016.000000
   End Polygon
   Begin Polygon Item=OUTSIDE Texture=ShipWhitMetal_A Flags=1073741856 Link=67
      Origin   -00001.356812,+00073.573730,+00016.000000
      Normal   -00001.000000,+00000.000000,-00000.000000
      TextureU -00000.000000,-00001.000000,-00000.000000
      TextureV -00000.000000,+00000.000000,+00001.000000
      Vertex   -00001.356812,+00073.573730,+00016.000000
      Vertex   -00001.356812,+00073.573730,+00012.000000
      Vertex   -00001.356812,+00071.663574,+00011.800110
      Vertex   -00001.356812,+00069.573730,+00012.000000
      Vertex   -00001.356812,+00069.573730,+00016.000000
   End Polygon
   Begin Polygon Item=OUTSIDE Texture=ShipWhitMetal_A Flags=1073741856 Link=68
      Origin   -00003.500244,+00072.809326,+00011.800110
      Normal   -00000.000000,+00000.000000,+00001.000000
      TextureU +00000.471397,+00000.881921,+00000.000000
      TextureV -00000.881921,+00000.471397,-00000.000000
      Vertex   -00001.536011,+00073.573730,+00011.800110
      Vertex   -00002.745972,+00074.220459,+00011.800110
      Vertex   -00003.500244,+00072.809326,+00011.800110
      Vertex   -00001.356812,+00071.663574,+00011.800110
   End Polygon
   Begin Polygon Item=OUTSIDE Texture=ShipWhitMetal_A Flags=1073741856 Link=69
      Origin   +00004.960205,+00071.225830,+00011.800110
      Normal   -00000.000000,+00000.000000,+00001.000000
      TextureU -00000.290285,+00000.956940,-00000.000000
      TextureV -00000.956940,-00000.290285,-00000.000000
      Vertex   +00008.323486,+00073.918213,+00011.800110
      Vertex   +00006.643188,+00073.408447,+00011.800110
      Vertex   +00006.643188,+00071.736328,+00011.800110
      Vertex   +00008.787964,+00072.386963,+00011.800110
   End Polygon
   Begin Polygon Item=OUTSIDE Texture=ClenWhitPine_A Flags=1073741824 Link=70
      Origin   +00018.656372,+00099.640381,+00064.000000
      Normal   +00000.000000,+00001.000000,+00000.000000
      TextureU -00001.000000,+00000.000000,-00000.000000
      TextureV -00000.000000,+00000.000000,+00001.000000
      Vertex   -00013.343628,+00099.640381,+00064.000000
      Vertex   +00018.656372,+00099.640381,+00064.000000
      Vertex   +00018.656372,+00099.640381,+00020.000000
      Vertex   -00013.343628,+00099.640381,+00020.000000
   End Polygon
   Begin Polygon Item=OUTSIDE Texture=ClenWhitPine_A Flags=1073741824 Link=71
      Origin   -00013.343628,-00092.359619,+00064.000000
      Normal   -00000.000000,-00001.000000,-00000.000000
      TextureU +00001.000000,-00000.000000,+00000.000000
      TextureV -00000.000000,+00000.000000,+00001.000000
