Begin PolyList
   Begin Polygon Item=OUTSIDE Flags=-1073741824 Link=0
      Origin   -00032.000000,-00032.000000,+00064.000000
      Normal   +00000.000000,+00000.000000,+00001.000000
      TextureU +00000.000000,+00001.000000,+00000.000000
      TextureV -00001.000000,+00000.000000,+00000.000000
      Vertex   -00024.199951,-00015.598145,+00064.000000
      Vertex   -00024.199951,-00018.799744,+00064.000000
      Vertex   -00021.001709,-00020.398865,+00064.000000
      Vertex   -00017.800049,-00018.798096,+00064.000000
      Vertex   -00017.800049,-00015.599792,+00064.000000
      Vertex   -00021.001709,-00013.999023,+00064.000000
   End Polygon
   Begin Polygon Item=OUTSIDE Flags=-1073741824 Link=0
      Origin   -00032.000000,-00032.000000,+00064.000000
      Normal   +00000.000000,+00000.000000,+00001.000000
      TextureU +00000.000000,+00001.000000,+00000.000000
      TextureV -00001.000000,+00000.000000,+00000.000000
      Vertex   +00014.199951,-00015.599609,+00064.000000
      Vertex   +00011.000000,-00013.999695,+00064.000000
      Vertex   +00007.800049,-00015.599670,+00064.000000
      Vertex   +00007.800049,-00018.799622,+00064.000000
      Vertex   +00011.000000,-00020.399597,+00064.000000
      Vertex   +00014.199951,-00018.799683,+00064.000000
   End Polygon
   Begin Polygon Item=OUTSIDE Flags=-1073741824 Link=0
      Origin   -00032.000000,-00032.000000,+00064.000000
      Normal   +00000.000000,+00000.000000,+00001.000000
      TextureU +00000.000000,+00001.000000,+00000.000000
      TextureV -00001.000000,+00000.000000,+00000.000000
      Vertex   +00007.800049,+00016.400208,+00064.000000
      Vertex   +00007.800049,+00013.200439,+00064.000000
      Vertex   +00011.000244,+00011.600342,+00064.000000
      Vertex   +00014.199951,+00013.200256,+00064.000000
      Vertex   +00014.199951,+00016.400330,+00064.000000
      Vertex   +00011.000244,+00018.000244,+00064.000000
   End Polygon
   Begin Polygon Item=OUTSIDE Flags=-1073741824 Link=0
      Origin   -00032.000000,-00032.000000,+00064.000000
      Normal   +00000.000000,+00000.000000,+00001.000000
      TextureU +00000.000000,+00001.000000,+00000.000000
      TextureV -00001.000000,+00000.000000,+00000.000000
      Vertex   -00021.001709,+00018.000977,+00064.000000
      Vertex   -00024.199951,+00016.401855,+00064.000000
      Vertex   -00024.199951,+00013.200256,+00064.000000
      Vertex   -00021.001709,+00011.601135,+00064.000000
      Vertex   -00017.800049,+00013.201904,+00064.000000
      Vertex   -00017.800049,+00016.400146,+00064.000000
   End Polygon
   Begin Polygon Item=OUTSIDE Texture=un_woodfloor_a Flags=1082130464 Link=4
      Origin   -00029.000000,-00025.199707,+00112.000000
      Normal   +00000.000000,-00001.000000,+00000.000000
      TextureU -00001.000000,+00000.000000,-00000.000000
      TextureV -00000.000000,+00000.000000,+00001.000000
      Vertex   -00029.000000,-00025.199707,+00040.000000
      Vertex   -00029.000000,-00025.199707,+00032.000000
      Vertex   +00019.000000,-00025.199707,+00032.000000
      Vertex   +00019.000000,-00025.199707,+00040.000000
   End Polygon
   Begin Polygon Item=OUTSIDE Texture=un_woodfloor_a Flags=1082130464 Link=5
      Origin   +01403.000000,+03218.000244,+00040.020073
      Normal   -00000.000000,+00000.000000,+00001.000000
      TextureU -00001.000000,+00000.000000,-00000.000000
      TextureV +00000.000000,+00001.000000,+00000.000000
      Vertex   +00011.000000,-00025.199707,+00040.000031
      Vertex   +00019.000000,-00025.199707,+00040.000000
      Vertex   +00019.000000,-00021.199707,+00040.000031
   End Polygon
   Begin Polygon Item=2DLoftSIDE Texture=un_woodfloor_a Flags=1082130464 Link=6
      Origin   +02403.319336,+01217.361572,+00111.999435
      Normal   +00000.440226,-00000.880451,+00000.176090
      TextureU -00000.894427,-00000.447214,-00000.000000
      TextureV -00000.078750,+00000.157500,+00000.984374
      Vertex   +00014.199951,+00013.200317,+00063.999969
      Vertex   +00011.000000,+00011.600281,+00063.999969
      Vertex   +00011.000000,+00006.800293,+00040.000000
      Vertex   +00019.000000,+00010.800293,+00040.000000
   End Polygon
   Begin Polygon Item=2DLoftSIDE Texture=un_woodfloor_a Flags=1082130464 Link=7
      Origin   -00166.919922,+00078.159973,+00111.998672
      Normal   -00000.440225,-00000.880451,+00000.176090
      TextureU -00000.894427,+00000.447214,-00000.000000
      TextureV +00000.078750,+00000.157500,+00000.984374
      Vertex   +00011.000000,-00020.399719,+00064.000015
      Vertex   +00007.800049,-00018.799683,+00064.000015
      Vertex   +00003.000000,-00021.199707,+00040.000031
      Vertex   +00011.000000,-00025.199707,+00040.000031
   End Polygon
   Begin Polygon Item=2DLoftSIDE Texture=un_woodfloor_a Flags=1082130464 Link=8
      Origin   -00178.440186,+00055.119873,+00112.001122
      Normal   +00000.440225,+00000.880451,+00000.176090
      TextureU +00000.894427,-00000.447214,+00000.000000
      TextureV -00000.078750,-00000.157500,+00000.984374
      Vertex   -00021.000000,-00013.999695,+00063.999977
      Vertex   -00017.800049,-00015.599731,+00063.999977
      Vertex   -00013.000000,-00013.199707,+00040.000000
      Vertex   -00021.000000,-00009.199707,+00040.000000
   End Polygon
   Begin Polygon Item=2DLoftSIDE Texture=un_woodfloor_a Flags=1082130464 Link=9
      Origin   +02409.718750,+01204.562744,+00111.999420
      Normal   +00000.440226,-00000.880451,+00000.176090
      TextureU -00000.894427,-00000.447214,-00000.000000
      TextureV -00000.078750,+00000.157500,+00000.984374
      Vertex   -00017.800049,-00018.799683,+00063.999977
      Vertex   -00021.000000,-00020.399719,+00063.999977
      Vertex   -00021.000000,-00025.199707,+00040.000000
      Vertex   -00013.000000,-00021.199707,+00040.000000
   End Polygon
   Begin Polygon Item=2DLoftSIDE Texture=un_woodfloor_a Flags=1082130464 Link=10
      Origin   -00173.320068,+00065.359985,+00111.998856
      Normal   -00000.440225,-00000.880451,+00000.176090
      TextureU -00000.894427,+00000.447214,-00000.000000
      TextureV +00000.078750,+00000.157500,+00000.984374
      Vertex   -00021.000000,-00020.399719,+00063.999977
      Vertex   -00024.199951,-00018.799683,+00063.999977
      Vertex   -00029.000000,-00021.199707,+00040.000000
      Vertex   -00021.000000,-00025.199707,+00040.000000
   End Polygon
   Begin Polygon Item=2DLoftSIDE Texture=un_woodfloor_a Flags=1082130464 Link=11
      Origin   +02414.838623,+01194.322754,+00112.000763
      Normal   -00000.440226,+00000.880451,+00000.176090
      TextureU +00000.894427,+00000.447214,+00000.000000
      TextureV +00000.078750,-00000.157500,+00000.984374
      Vertex   -00024.199951,-00015.599731,+00063.999977
      Vertex   -00021.000000,-00013.999695,+00063.999977
      Vertex   -00021.000000,-00009.199707,+00040.000000
      Vertex   -00029.000000,-00013.199707,+00040.000000
   End Polygon
   Begin Polygon Item=2DLoftSIDE Texture=un_woodfloor_a Flags=1082130464 Link=12
      Origin   -00014.599854,+03218.000244,+00112.000633
      Normal   -00000.980581,-00000.000000,+00000.196116
      TextureU +00000.000000,+00001.000000,+00000.000000
      TextureV +00000.196116,-00000.000000,+00000.980581
      Vertex   -00024.199951,-00018.799683,+00063.999977
      Vertex   -00024.199951,-00015.599731,+00063.999977
      Vertex   -00029.000000,-00013.199707,+00040.000000
      Vertex   -00029.000000,-00021.199707,+00040.000000
   End Polygon
   Begin Polygon Item=2DLoftSIDE Texture=un_woodfloor_a Flags=1082130464 Link=13
      Origin   -00027.400146,+03218.000244,+00112.000069
      Normal   +00000.980581,-00000.000000,+00000.196116
      TextureU +00000.000000,-00001.000000,+00000.000000
      TextureV -00000.196116,-00000.000000,+00000.980581
      Vertex   -00017.800049,-00015.599731,+00063.999977
      Vertex   -00017.800049,-00018.799683,+00063.999977
      Vertex   -00013.000000,-00021.199707,+00040.000000
      Vertex   -00013.000000,-00013.199707,+00040.000000
   End Polygon
   Begin Polygon Item=2DLoftSIDE Texture=un_woodfloor_a Flags=1082130464 Link=14
      Origin   +02416.119385,+01191.761475,+00111.999420
      Normal   +00000.440226,-00000.880451,+00000.176090
      TextureU -00000.894427,-00000.447214,-00000.000000
      TextureV -00000.078750,+00000.157500,+00000.984374
      Vertex   +00014.199951,-00018.799683,+00064.000015
      Vertex   +00011.000000,-00020.399719,+00064.000015
      Vertex   +00011.000000,-00025.199707,+00040.000031
      Vertex   +00019.000000,-00021.199707,+00040.000031
   End Polygon
   Begin Polygon Item=2DLoftSIDE Texture=un_woodfloor_a Flags=1082130464 Link=15
      Origin   -00172.040039,+00067.919922,+00112.001320
      Normal   +00000.440225,+00000.880451,+00000.176090
      TextureU +00000.894427,-00000.447214,+00000.000000
      TextureV -00000.078750,-00000.157500,+00000.984374
      Vertex   +00011.000000,-00013.999695,+00064.000015
      Vertex   +00014.199951,-00015.599731,+00064.000015
      Vertex   +00019.000000,-00013.199707,+00040.000031
      Vertex   +00011.000000,-00009.199707,+00040.000031
   End Polygon
   Begin Polygon Item=2DLoftSIDE Texture=un_woodfloor_a Flags=1082130464 Link=16
      Origin   +00017.400146,+03218.000244,+00112.000626
      Normal   -00000.980581,-00000.000000,+00000.196116
      TextureU +00000.000000,+00001.000000,+00000.000000
      TextureV +00000.196116,-00000.000000,+00000.980581
      Vertex   +00007.800049,-00018.799683,+00064.000015
      Vertex   +00007.800049,-00015.599731,+00064.000015
      Vertex   +00003.000000,-00013.199707,+00040.000031
      Vertex   +00003.000000,-00021.199707,+00040.000031
   End Polygon
   Begin Polygon Item=2DLoftSIDE Texture=un_woodfloor_a Flags=1082130464 Link=17
      Origin   +02421.239258,+01181.521484,+00112.000786
      Normal   -00000.440226,+00000.880451,+00000.176090
      TextureU +00000.894427,+00000.447214,+00000.000000
      TextureV +00000.078750,-00000.157500,+00000.984374
      Vertex   +00007.800049,-00015.599731,+00064.000015
      Vertex   +00011.000000,-00013.999695,+00064.000015
      Vertex   +00011.000000,-00009.199707,+00040.000031
      Vertex   +00003.000000,-00013.199707,+00040.000031
   End Polygon
   Begin Polygon Item=2DLoftSIDE Texture=un_woodfloor_a Flags=1082130464 Link=18
      Origin   +00004.599854,+03218.000244,+00112.000107
      Normal   +00000.980581,-00000.000000,+00000.196116
      TextureU +00000.000000,-00001.000000,+00000.000000
      TextureV -00000.196116,-00000.000000,+00000.980581
      Vertex   +00014.199951,-00015.599731,+00064.000015
      Vertex   +00014.199951,-00018.799683,+00064.000015
      Vertex   +00019.000000,-00021.199707,+00040.000031
      Vertex   +00019.000000,-00013.199707,+00040.000031
   End Polygon
   Begin Polygon Item=2DLoftSIDE Texture=un_woodfloor_a Flags=1082130464 Link=13
      Origin   -00027.400146,+03218.000244,+00112.000069
      Normal   +00000.980581,-00000.000000,+00000.196116
      TextureU +00000.000000,-00001.000000,+00000.000000
      TextureV -00000.196116,-00000.000000,+00000.980581
      Vertex   -00017.800049,+00016.400269,+00063.999969
      Vertex   -00017.800049,+00013.200317,+00063.999969
      Vertex   -00013.000000,+00010.800293,+00040.000000
      Vertex   -00013.000000,+00018.800293,+00040.000000
   End Polygon
   Begin Polygon Item=2DLoftSIDE Texture=un_woodfloor_a Flags=1082130464 Link=20
      Origin   -00159.240234,+00093.519958,+00112.001358
      Normal   +00000.440225,+00000.880451,+00000.176090
      TextureU +00000.894427,-00000.447214,+00000.000000
      TextureV -00000.078750,-00000.157500,+00000.984374
      Vertex   +00011.000000,+00018.000305,+00063.999969
      Vertex   +00014.199951,+00016.400269,+00063.999969
      Vertex   +00019.000000,+00018.800293,+00040.000000
      Vertex   +00011.000000,+00022.800293,+00040.000000
   End Polygon
   Begin Polygon Item=2DLoftSIDE Texture=un_woodfloor_a Flags=1082130464 Link=18
      Origin   +00004.599854,+03218.000244,+00112.000107
      Normal   +00000.980581,-00000.000000,+00000.196116
      TextureU +00000.000000,-00001.000000,+00000.000000
      TextureV -00000.196116,-00000.000000,+00000.980581
      Vertex   +00014.199951,+00016.400269,+00063.999969
      Vertex   +00014.199951,+00013.200317,+00063.999969
      Vertex   +00019.000000,+00010.800293,+00040.000000
      Vertex   +00019.000000,+00018.800293,+00040.000000
   End Polygon
   Begin Polygon Item=2DLoftSIDE Texture=un_woodfloor_a Flags=1082130464 Link=22
      Origin   -00154.120117,+00103.760071,+00111.998672
      Normal   -00000.440225,-00000.880451,+00000.176090
      TextureU -00000.894427,+00000.447214,-00000.000000
      TextureV +00000.078750,+00000.157500,+00000.984374
      Vertex   +00011.000000,+00011.600281,+00063.999969
      Vertex   +00007.800049,+00013.200317,+00063.999969
      Vertex   +00003.000000,+00010.800293,+00040.000000
      Vertex   +00011.000000,+00006.800293,+00040.000000
   End Polygon
   Begin Polygon Item=2DLoftSIDE Texture=un_woodfloor_a Flags=1082130464 Link=16
      Origin   +00017.400146,+03218.000244,+00112.000626
      Normal   -00000.980581,-00000.000000,+00000.196116
      TextureU +00000.000000,+00001.000000,+00000.000000
      TextureV +00000.196116,-00000.000000,+00000.980581
      Vertex   +00007.800049,+00013.200317,+00063.999969
      Vertex   +00007.800049,+00016.400269,+00063.999969
      Vertex   +00003.000000,+00018.800293,+00040.000000
      Vertex   +00003.000000,+00010.800293,+00040.000000
   End Polygon
   Begin Polygon Item=2DLoftSIDE Texture=un_woodfloor_a Flags=1082130464 Link=24
      Origin   +02408.439453,+01207.121460,+00112.000786
      Normal   -00000.440226,+00000.880451,+00000.176090
      TextureU +00000.894427,+00000.447214,+00000.000000
      TextureV +00000.078750,-00000.157500,+00000.984374
      Vertex   +00007.800049,+00016.400269,+00063.999969
      Vertex   +00011.000000,+00018.000305,+00063.999969
      Vertex   +00011.000000,+00022.800293,+00040.000000
      Vertex   +00003.000000,+00018.800293,+00040.000000
   End Polygon
   Begin Polygon Item=2DLoftSIDE Texture=un_woodfloor_a Flags=1082130464 Link=12
      Origin   -00014.599854,+03218.000244,+00112.000633
      Normal   -00000.980581,-00000.000000,+00000.196116
      TextureU +00000.000000,+00001.000000,+00000.000000
      TextureV +00000.196116,-00000.000000,+00000.980581
      Vertex   -00024.199951,+00013.200317,+00063.999969
      Vertex   -00024.199951,+00016.400269,+00063.999969
      Vertex   -00029.000000,+00018.800293,+00040.000000
      Vertex   -00029.000000,+00010.800293,+00040.000000
   End Polygon
   Begin Polygon Item=2DLoftSIDE Texture=un_woodfloor_a Flags=1082130464 Link=26
      Origin   -00165.640137,+00080.719910,+00112.001068
      Normal   +00000.440225,+00000.880451,+00000.176090
      TextureU +00000.894427,-00000.447214,+00000.000000
      TextureV -00000.078750,-00000.157500,+00000.984374
      Vertex   -00021.000000,+00018.000305,+00063.999969
      Vertex   -00017.800049,+00016.400269,+00063.999969
      Vertex   -00013.000000,+00018.800293,+00040.000000
      Vertex   -00021.000000,+00022.800293,+00040.000000
   End Polygon
   Begin Polygon Item=2DLoftSIDE Texture=un_woodfloor_a Flags=1082130464 Link=27
      Origin   +02396.918701,+01230.162842,+00111.999420
      Normal   +00000.440226,-00000.880451,+00000.176090
      TextureU -00000.894427,-00000.447214,-00000.000000
      TextureV -00000.078750,+00000.157500,+00000.984374
      Vertex   -00017.800049,+00013.200317,+00063.999969
      Vertex   -00021.000000,+00011.600281,+00063.999969
      Vertex   -00021.000000,+00006.800293,+00040.000000
      Vertex   -00013.000000,+00010.800293,+00040.000000
   End Polygon
   Begin Polygon Item=2DLoftSIDE Texture=un_woodfloor_a Flags=1082130464 Link=28
      Origin   -00160.520020,+00090.959961,+00111.998871
      Normal   -00000.440225,-00000.880451,+00000.176090
      TextureU -00000.894427,+00000.447214,-00000.000000
      TextureV +00000.078750,+00000.157500,+00000.984374
      Vertex   -00021.000000,+00011.600281,+00063.999969
      Vertex   -00024.199951,+00013.200317,+00063.999969
      Vertex   -00029.000000,+00010.800293,+00040.000000
      Vertex   -00021.000000,+00006.800293,+00040.000000
   End Polygon
   Begin Polygon Item=2DLoftSIDE Texture=un_woodfloor_a Flags=1082130464 Link=29
      Origin   +02402.038818,+01219.922852,+00112.000801
      Normal   -00000.440226,+00000.880451,+00000.176090
      TextureU +00000.894427,+00000.447214,+00000.000000
      TextureV +00000.078750,-00000.157500,+00000.984374
      Vertex   -00024.199951,+00016.400269,+00063.999969
      Vertex   -00021.000000,+00018.000305,+00063.999969
      Vertex   -00021.000000,+00022.800293,+00040.000000
      Vertex   -00029.000000,+00018.800293,+00040.000000
   End Polygon
   Begin Polygon Item=OUTSIDE Texture=un_woodfloor_a Flags=1082130464 Link=30
      Origin   +01403.000000,+03218.000244,+00032.000000
      Normal   +00000.000000,+00000.000000,-00001.000000
      TextureU -00001.000000,+00000.000000,-00000.000000
      TextureV +00000.000000,+00001.000000,+00000.000000
      Vertex   -00027.000000,+00020.800293,+00032.000000
      Vertex   -00027.000000,+00022.800293,+00032.000000
      Vertex   +00017.000000,+00022.800293,+00032.000000
      Vertex   +00017.000000,+00020.800293,+00032.000000
   End Polygon
   Begin Polygon Item=OUTSIDE Texture=un_woodfloor_a Flags=1082130464 Link=31
      Origin   -00029.000000,+00022.800293,+00112.000000
      Normal   -00001.000000,+00000.000000,-00000.000000
      TextureU +00000.000000,+00001.000000,+00000.000000
      TextureV -00000.000000,+00000.000000,+00001.000000
      Vertex   -00029.000000,+00022.800293,+00040.000000
      Vertex   -00029.000000,+00022.800293,+00032.000000
      Vertex   -00029.000000,-00025.199707,+00032.000000
      Vertex   -00029.000000,-00025.199707,+00040.000000
   End Polygon
   Begin Polygon Item=OUTSIDE Texture=un_woodfloor_a Flags=1082130464 Link=32
      Origin   +00019.000000,+00022.800293,+00112.000000
      Normal   +00000.000000,+00001.000000,+00000.000000
      TextureU +00001.000000,+00000.000000,+00000.000000
      TextureV -00000.000000,+00000.000000,+00001.000000
      Vertex   +00019.000000,+00022.800293,+00040.000000
      Vertex   +00019.000000,+00022.800293,+00032.000000
      Vertex   -00029.000000,+00022.800293,+00032.000000
      Vertex   -00029.000000,+00022.800293,+00040.000000
   End Polygon
   Begin Polygon Item=OUTSIDE Texture=un_woodfloor_a Flags=1082130464 Link=33
      Origin   +00017.000000,-00023.199707,+00112.000000
      Normal   -00001.000000,+00000.000000,-00000.000000
      TextureU +00000.000000,+00001.000000,+00000.000000
      TextureV -00000.000000,+00000.000000,+00001.000000
      Vertex   +00017.000000,+00020.800293,+00036.000000
      Vertex   +00017.000000,+00020.800293,+00032.000000
      Vertex   +00017.000000,-00023.199707,+00032.000000
      Vertex   +00017.000000,-00023.199707,+00036.000000
   End Polygon
   Begin Polygon Item=OUTSIDE Texture=un_woodfloor_a Flags=1082130464 Link=34
      Origin   -00027.000000,+00020.800293,+00112.000000
      Normal   +00001.000000,+00000.000000,+00000.000000
      TextureU +00000.000000,-00001.000000,+00000.000000
      TextureV -00000.000000,+00000.000000,+00001.000000
      Vertex   -00027.000000,-00023.199707,+00036.000000
      Vertex   -00027.000000,-00023.199707,+00032.000000
      Vertex   -00027.000000,+00020.800293,+00032.000000
      Vertex   -00027.000000,+00020.800293,+00036.000000
   End Polygon
   Begin Polygon Item=OUTSIDE Texture=un_woodfloor_a Flags=1082130464 Link=35
      Origin   -00027.000000,-00023.199707,+00112.000000
      Normal   +00000.000000,+00001.000000,+00000.000000
      TextureU +00001.000000,+00000.000000,+00000.000000
      TextureV -00000.000000,+00000.000000,+00001.000000
      Vertex   +00017.000000,-00023.199707,+00036.000000
      Vertex   +00017.000000,-00023.199707,+00032.000000
      Vertex   -00027.000000,-00023.199707,+00032.000000
      Vertex   -00027.000000,-00023.199707,+00036.000000
   End Polygon
   Begin Polygon Item=OUTSIDE Texture=un_woodfloor_a Flags=1082130464 Link=36
      Origin   +00017.000000,+00020.800293,+00112.000000
      Normal   +00000.000000,-00001.000000,+00000.000000
      TextureU -00001.000000,+00000.000000,-00000.000000
      TextureV -00000.000000,+00000.000000,+00001.000000
      Vertex   -00027.000000,+00020.800293,+00036.000000
      Vertex   -00027.000000,+00020.800293,+00032.000000
      Vertex   +00017.000000,+00020.800293,+00032.000000
      Vertex   +00017.000000,+00020.800293,+00036.000000
   End Polygon
   Begin Polygon Item=OUTSIDE Texture=un_woodfloor_a Flags=1082130464 Link=37
      Origin   +01403.000000,+03218.000244,+00036.000000
      Normal   +00000.000000,+00000.000000,-00001.000000
      TextureU -00001.000000,+00000.000000,-00000.000000
      TextureV +00000.000000,+00001.000000,+00000.000000
      Vertex   +00017.000000,+00020.800293,+00036.000000
      Vertex   +00017.000000,-00023.199707,+00036.000000
      Vertex   -00027.000000,-00023.199707,+00036.000000
      Vertex   -00027.000000,+00020.800293,+00036.000000
   End Polygon
   Begin Polygon Item=OUTSIDE Texture=un_woodfloor_a Flags=1082130464 Link=38
      Origin   +00019.000000,-00025.199707,+00112.000000
      Normal   +00001.000000,+00000.000000,+00000.000000
      TextureU +00000.000000,-00001.000000,+00000.000000
      TextureV -00000.000000,+00000.000000,+00001.000000
      Vertex   +00019.000000,-00025.199707,+00040.000000
      Vertex   +00019.000000,-00025.199707,+00032.000000
      Vertex   +00019.000000,+00022.800293,+00032.000000
      Vertex   +00019.000000,+00022.800293,+00040.000000
   End Polygon
   Begin Polygon Item=OUTSIDE Texture=un_woodfloor_a Flags=1082130464 Link=30
      Origin   +01403.000000,+03218.000244,+00032.000000
      Normal   +00000.000000,+00000.000000,-00001.000000
      TextureU -00001.000000,+00000.000000,-00000.000000
      TextureV +00000.000000,+00001.000000,+00000.000000
      Vertex   -00027.000000,-00023.199707,+00032.000000
      Vertex   +00017.000000,-00023.199707,+00032.000000
      Vertex   +00017.000000,-00025.199707,+00032.000000
      Vertex   -00027.000000,-00025.199707,+00032.000000
   End Polygon
   Begin Polygon Item=OUTSIDE Texture=un_woodfloor_a Flags=1082130464 Link=30
      Origin   +01403.000000,+03218.000244,+00032.000000
      Normal   +00000.000000,+00000.000000,-00001.000000
      TextureU -00001.000000,+00000.000000,-00000.000000
      TextureV +00000.000000,+00001.000000,+00000.000000
      Vertex   +00017.000000,+00022.800293,+00032.000000
      Vertex   +00019.000000,+00022.800293,+00032.000000
      Vertex   +00019.000000,-00025.199707,+00032.000000
      Vertex   +00017.000000,-00025.199707,+00032.000000
   End Polygon
   Begin Polygon Item=OUTSIDE Texture=un_woodfloor_a Flags=1082130464 Link=30
      Origin   +01403.000000,+03218.000244,+00032.000000
      Normal   +00000.000000,+00000.000000,-00001.000000
      TextureU -00001.000000,+00000.000000,-00000.000000
      TextureV +00000.000000,+00001.000000,+00000.000000
      Vertex   -00027.000000,+00022.800293,+00032.000000
      Vertex   -00027.000000,-00025.199707,+00032.000000
      Vertex   -00029.000000,-00025.199707,+00032.000000
      Vertex   -00029.000000,+00022.800293,+00032.000000
   End Polygon
   Begin Polygon Item=OUTSIDE Texture=un_woodfloor_a Flags=1082130464 Link=5
      Origin   +01403.000000,+03218.000244,+00040.020073
      Normal   -00000.000000,+00000.000000,+00001.000000
      TextureU -00001.000000,+00000.000000,-00000.000000
      TextureV +00000.000000,+00001.000000,+00000.000000
      Vertex   -00013.000000,-00013.199707,+00040.000000
      Vertex   -00013.000000,-00025.199707,+00040.000000
      Vertex   +00011.000000,-00025.199707,+00040.000031
   End Polygon
   Begin Polygon Item=OUTSIDE Texture=un_woodfloor_a Flags=1082130464 Link=5
      Origin   +01403.000000,+03218.000244,+00040.020073
      Normal   -00000.000000,+00000.000000,+00001.000000
      TextureU -00001.000000,+00000.000000,-00000.000000
      TextureV +00000.000000,+00001.000000,+00000.000000
      Vertex   +00011.000000,+00022.800293,+00040.000000
      Vertex   +00019.000000,+00018.800293,+00040.000000
      Vertex   +00019.000000,+00022.800293,+00040.000000
   End Polygon
   Begin Polygon Item=OUTSIDE Texture=un_woodfloor_a Flags=1082130464 Link=5
      Origin   +01403.000000,+03218.000244,+00040.020073
      Normal   -00000.000000,+00000.000000,+00001.000000
      TextureU -00001.000000,+00000.000000,-00000.000000
      TextureV +00000.000000,+00001.000000,+00000.000000
      Vertex   -00005.000000,-00001.199768,+00040.000000
      Vertex   +00019.000000,-00013.199707,+00040.000031
      Vertex   +00019.000000,+00010.800293,+00040.000000
   End Polygon
   Begin Polygon Item=OUTSIDE Texture=un_woodfloor_a Flags=1082130464 Link=5
      Origin   +01403.000000,+03218.000244,+00040.020073
      Normal   -00000.000000,+00000.000000,+00001.000000
      TextureU -00001.000000,+00000.000000,-00000.000000
      TextureV +00000.000000,+00001.000000,+00000.000000
      Vertex   -00013.000000,-00021.199707,+00040.000000
      Vertex   -00021.000000,-00025.199707,+00040.000000
      Vertex   -00013.000000,-00025.199707,+00040.000000
   End Polygon
   Begin Polygon Item=OUTSIDE Texture=un_woodfloor_a Flags=1082130464 Link=5
      Origin   +01403.000000,+03218.000244,+00040.020073
      Normal   -00000.000000,+00000.000000,+00001.000000
      TextureU -00001.000000,+00000.000000,-00000.000000
      TextureV +00000.000000,+00001.000000,+00000.000000
      Vertex   -00021.000000,-00025.199707,+00040.000000
      Vertex   -00029.000000,-00021.199707,+00040.000000
      Vertex   -00029.000000,-00025.199707,+00040.000000
   End Polygon
   Begin Polygon Item=OUTSIDE Texture=un_woodfloor_a Flags=1082130464 Link=5
      Origin   +01403.000000,+03218.000244,+00040.020073
      Normal   -00000.000000,+00000.000000,+00001.000000
      TextureU -00001.000000,+00000.000000,-00000.000000
      TextureV +00000.000000,+00001.000000,+00000.000000
      Vertex   +00003.000000,-00021.199707,+00040.000031
      Vertex   +00003.000000,-00005.199768,+00040.000000
      Vertex   -00005.000000,-00001.199768,+00040.000000
      Vertex   -00021.000000,-00009.199707,+00040.000000
   End Polygon
   Begin Polygon Item=OUTSIDE Texture=un_woodfloor_a Flags=1082130464 Link=5
      Origin   +01403.000000,+03218.000244,+00040.020073
      Normal   -00000.000000,+00000.000000,+00001.000000
      TextureU -00001.000000,+00000.000000,-00000.000000
      TextureV +00000.000000,+00001.000000,+00000.000000
      Vertex   +00011.000000,-00009.199707,+00040.000031
      Vertex   +00003.000000,-00005.199768,+00040.000000
      Vertex   +00003.000000,-00013.199707,+00040.000031
   End Polygon
   Begin Polygon Item=OUTSIDE Texture=un_woodfloor_a Flags=1082130464 Link=5
      Origin   +01403.000000,+03218.000244,+00040.020073
      Normal   -00000.000000,+00000.000000,+00001.000000
      TextureU -00001.000000,+00000.000000,-00000.000000
      TextureV +00000.000000,+00001.000000,+00000.000000
      Vertex   -00013.000000,+00018.800293,+00040.000000
      Vertex   -00013.000244,-00005.199829,+00040.000000
      Vertex   +00011.000000,+00006.800293,+00040.000000
   End Polygon
   Begin Polygon Item=OUTSIDE Texture=un_woodfloor_a Flags=1082130464 Link=5
      Origin   +01403.000000,+03218.000244,+00040.020073
      Normal   -00000.000000,+00000.000000,+00001.000000
      TextureU -00001.000000,+00000.000000,-00000.000000
      TextureV +00000.000000,+00001.000000,+00000.000000
      Vertex   -00013.000244,-00005.199829,+00040.000000
      Vertex   -00013.000000,+00010.800293,+00040.000000
      Vertex   -00029.000000,+00002.800232,+00040.000000
      Vertex   -00029.000000,-00013.199707,+00040.000000
   End Polygon
   Begin Polygon Item=OUTSIDE Texture=un_woodfloor_a Flags=1082130464 Link=5
      Origin   +01403.000000,+03218.000244,+00040.020073
      Normal   -00000.000000,+00000.000000,+00001.000000
      TextureU -00001.000000,+00000.000000,-00000.000000
      TextureV +00000.000000,+00001.000000,+00000.000000
      Vertex   -00021.000000,+00006.800293,+00040.000000
      Vertex   -00029.000000,+00010.800293,+00040.000000
      Vertex   -00029.000000,+00002.800232,+00040.000000
   End Polygon
   Begin Polygon Item=OUTSIDE Texture=un_woodfloor_a Flags=1082130464 Link=5
      Origin   +01403.000000,+03218.000244,+00040.020073
      Normal   -00000.000000,+00000.000000,+00001.000000
      TextureU -00001.000000,+00000.000000,-00000.000000
      TextureV +00000.000000,+00001.000000,+00000.000000
      Vertex   -00021.000000,+00022.800293,+00040.000000
      Vertex   -00029.000000,+00022.800293,+00040.000000
      Vertex   -00029.000000,+00018.800293,+00040.000000
   End Polygon
   Begin Polygon Item=OUTSIDE Texture=un_woodfloor_a Flags=1082130464 Link=5
      Origin   +01403.000000,+03218.000244,+00040.020073
      Normal   -00000.000000,+00000.000000,+00001.000000
      TextureU -00001.000000,+00000.000000,-00000.000000
      TextureV +00000.000000,+00001.000000,+00000.000000
      Vertex   -00013.000244,+00020.800293,+00040.000000
      Vertex   -00013.000000,+00018.800293,+00040.000000
      Vertex   +00003.000000,+00010.800293,+00040.000000
      Vertex   +00003.000000,+00022.800293,+00040.000000
      Vertex   -00013.000244,+00022.800293,+00040.000000
   End Polygon
   Begin Polygon Item=OUTSIDE Texture=un_woodfloor_a Flags=1082130464 Link=5
      Origin   +01403.000000,+03218.000244,+00040.020073
      Normal   -00000.000000,+00000.000000,+00001.000000
      TextureU -00001.000000,+00000.000000,-00000.000000
      TextureV +00000.000000,+00001.000000,+00000.000000
      Vertex   -00013.000000,+00018.800293,+00040.000000
      Vertex   -00013.000244,+00020.800293,+00040.000000
      Vertex   -00013.000244,+00022.800293,+00040.000000
      Vertex   -00021.000000,+00022.800293,+00040.000000
   End Polygon
   Begin Polygon Item=OUTSIDE Texture=un_woodfloor_a Flags=1082130464 Link=5
      Origin   +01403.000000,+03218.000244,+00040.020073
      Normal   -00000.000000,+00000.000000,+00001.000000
      TextureU -00001.000000,+00000.000000,-00000.000000
      TextureV +00000.000000,+00001.000000,+00000.000000
      Vertex   +00003.000000,+00018.800293,+00040.000000
      Vertex   +00011.000000,+00022.800293,+00040.000000
      Vertex   +00003.000000,+00022.800293,+00040.000000
   End Polygon
End PolyList
