Begin PolyList
   Begin Polygon Item=OUTSIDE Flags=-1073741824 Link=0
      Origin   -00064.000000,+00032.000000,-00064.000000
      Normal   +00000.000000,+00000.000000,-00001.000000
      TextureU +00000.000000,-00001.000000,+00000.000000
      TextureV -00001.000000,+00000.000000,+00000.000000
      Vertex   +00033.999512,-00030.000031,-00064.000000
      Vertex   +00030.000000,-00030.000031,-00064.000000
      Vertex   +00030.000000,-00026.000000,-00064.000000
      Vertex   +00033.999512,-00026.000000,-00064.000000
   End Polygon
   Begin Polygon Item=OUTSIDE Flags=-1073741824 Link=0
      Origin   -00064.000000,+00032.000000,-00064.000000
      Normal   +00000.000000,+00000.000000,-00001.000000
      TextureU +00000.000000,-00001.000000,+00000.000000
      TextureV -00001.000000,+00000.000000,+00000.000000
      Vertex   -00062.000000,-00030.000031,-00064.000000
      Vertex   -00062.000000,-00026.000000,-00064.000000
      Vertex   -00058.000000,-00026.000000,-00064.000000
      Vertex   -00058.000000,-00030.000031,-00064.000000
   End Polygon
   Begin Polygon Item=OUTSIDE Flags=-1073741824 Link=0
      Origin   -00064.000000,+00032.000000,-00064.000000
      Normal   +00000.000000,+00000.000000,-00001.000000
      TextureU +00000.000000,-00001.000000,+00000.000000
      TextureV -00001.000000,+00000.000000,+00000.000000
      Vertex   +00033.999512,+00014.000000,-00064.000000
      Vertex   +00033.999512,+00010.000000,-00064.000000
      Vertex   +00030.000000,+00010.000000,-00064.000000
      Vertex   +00030.000000,+00014.000000,-00064.000000
   End Polygon
   Begin Polygon Item=OUTSIDE Flags=-1073741824 Link=0
      Origin   -00064.000000,+00032.000000,-00064.000000
      Normal   +00000.000000,+00000.000000,-00001.000000
      TextureU +00000.000000,-00001.000000,+00000.000000
      TextureV -00001.000000,+00000.000000,+00000.000000
      Vertex   -00062.000000,+00014.000000,-00064.000000
      Vertex   -00058.000000,+00014.000000,-00064.000000
      Vertex   -00058.000000,+00010.000000,-00064.000000
      Vertex   -00062.000000,+00010.000000,-00064.000000
   End Polygon
   Begin Polygon Item=OUTSIDE Texture=un_woodfloor_b Flags=1082130464 Link=4
      Origin   -00194.000000,+00254.000000,-00040.000000
      Normal   +00000.000000,+00000.000000,+00001.000000
      TextureU +00001.000000,+00000.000000,+00000.000000
      TextureV +00000.000000,+00001.000000,+00000.000000
      Vertex   -00058.000000,+00006.000000,-00040.000000
      Vertex   -00054.000000,+00006.000000,-00040.000000
      Vertex   -00054.000000,+00010.000000,-00040.000000
      Vertex   -00058.000000,+00010.000000,-00040.000000
   End Polygon
   Begin Polygon Item=OUTSIDE Texture=un_woodfloor_b Flags=1082130464 Link=5
      Origin   -00194.000000,+00254.000000,-00024.000000
      Normal   +00000.000000,+00000.000000,-00001.000000
      TextureU +00001.000000,+00000.000000,+00000.000000
      TextureV +00000.000000,+00001.000000,+00000.000000
      Vertex   -00062.000000,+00014.000000,-00024.000000
      Vertex   +00034.000000,+00014.000000,-00024.000000
      Vertex   +00034.000000,-00030.000000,-00024.000000
      Vertex   -00062.000000,-00030.000000,-00024.000000
   End Polygon
   Begin Polygon Item=OUTSIDE Texture=un_woodfloor_b Flags=1082130464 Link=6
      Origin   -00054.000000,+00006.000000,-00304.000000
      Normal   +00000.000000,-00001.000000,+00000.000000
      TextureU +00001.000000,+00000.000000,+00000.000000
      TextureV +00000.000000,+00000.000000,-00001.000000
      Vertex   -00054.000000,+00006.000000,-00040.000000
      Vertex   -00054.000000,+00006.000000,-00024.000000
      Vertex   -00058.000015,+00006.000000,-00024.000000
      Vertex   -00058.000000,+00006.000000,-00040.000000
   End Polygon
   Begin Polygon Item=OUTSIDE Texture=un_woodfloor_b Flags=1082130464 Link=7
      Origin   -00054.000000,-00022.000000,-00304.000000
      Normal   +00001.000000,+00000.000000,+00000.000000
      TextureU +00000.000000,+00001.000000,+00000.000000
      TextureV +00000.000000,+00000.000000,-00001.000000
      Vertex   -00054.000000,-00022.000000,-00040.000000
      Vertex   -00054.000000,-00022.000061,-00024.000000
      Vertex   -00054.000000,-00026.000000,-00024.000000
      Vertex   -00054.000000,-00026.000000,-00040.000000
   End Polygon
   Begin Polygon Item=OUTSIDE Texture=un_woodfloor_b Flags=1082130464 Link=8
      Origin   +00030.000000,-00022.000000,-00304.000000
      Normal   +00001.000000,+00000.000000,+00000.000000
      TextureU +00000.000000,+00001.000000,+00000.000000
      TextureV +00000.000000,+00000.000000,-00001.000000
      Vertex   +00030.000000,-00022.000000,-00040.000000
      Vertex   +00030.000000,-00022.000061,-00024.000000
      Vertex   +00030.000000,-00026.000000,-00024.000000
      Vertex   +00030.000000,-00026.000000,-00040.000000
   End Polygon
   Begin Polygon Item=OUTSIDE Texture=un_woodfloor_b Flags=1082130464 Link=9
      Origin   +00026.000000,-00026.000000,-00304.000000
      Normal   -00001.000000,+00000.000000,+00000.000000
      TextureU +00000.000000,-00001.000000,+00000.000000
      TextureV +00000.000000,+00000.000000,-00001.000000
      Vertex   +00026.000000,-00026.000000,-00040.000000
      Vertex   +00025.999985,-00026.000000,-00024.000000
      Vertex   +00025.999985,-00022.000061,-00024.000000
      Vertex   +00026.000000,-00022.000000,-00040.000000
   End Polygon
   Begin Polygon Item=OUTSIDE Texture=un_woodfloor_b Flags=1082130464 Link=10
      Origin   +00030.000000,-00026.000000,-00304.000000
      Normal   +00000.000000,-00001.000000,+00000.000000
      TextureU +00001.000000,+00000.000000,+00000.000000
      TextureV +00000.000000,+00000.000000,-00001.000000
      Vertex   +00030.000000,-00026.000000,-00040.000000
      Vertex   +00030.000000,-00026.000000,-00024.000000
      Vertex   +00025.999985,-00026.000000,-00024.000000
      Vertex   +00026.000000,-00026.000000,-00040.000000
   End Polygon
   Begin Polygon Item=OUTSIDE Texture=un_woodfloor_b Flags=1082130464 Link=11
      Origin   +00026.000000,-00022.000000,-00304.000000
      Normal   +00000.000000,+00001.000000,+00000.000000
      TextureU -00001.000000,+00000.000000,+00000.000000
      TextureV +00000.000000,+00000.000000,-00001.000000
      Vertex   +00026.000000,-00022.000000,-00040.000000
      Vertex   +00025.999985,-00022.000061,-00024.000000
      Vertex   +00030.000000,-00022.000061,-00024.000000
      Vertex   +00030.000000,-00022.000000,-00040.000000
   End Polygon
   Begin Polygon Item=OUTSIDE Texture=un_woodfloor_b Flags=1082130464 Link=12
      Origin   -00058.000000,-00022.000000,-00304.000000
      Normal   +00000.000000,+00001.000000,+00000.000000
      TextureU -00001.000000,+00000.000000,+00000.000000
      TextureV +00000.000000,+00000.000000,-00001.000000
      Vertex   -00058.000000,-00022.000000,-00040.000000
      Vertex   -00058.000015,-00022.000061,-00024.000000
      Vertex   -00054.000000,-00022.000061,-00024.000000
      Vertex   -00054.000000,-00022.000000,-00040.000000
   End Polygon
   Begin Polygon Item=OUTSIDE Texture=un_woodfloor_b Flags=1082130464 Link=13
      Origin   -00054.000000,-00026.000000,-00304.000000
      Normal   +00000.000000,-00001.000000,+00000.000000
      TextureU +00001.000000,+00000.000000,+00000.000000
      TextureV +00000.000000,+00000.000000,-00001.000000
      Vertex   -00054.000000,-00026.000000,-00040.000000
      Vertex   -00054.000000,-00026.000000,-00024.000000
      Vertex   -00058.000015,-00026.000000,-00024.000000
      Vertex   -00058.000000,-00026.000000,-00040.000000
   End Polygon
   Begin Polygon Item=OUTSIDE Texture=un_woodfloor_b Flags=1082130464 Link=14
      Origin   -00058.000000,-00026.000000,-00304.000000
      Normal   -00001.000000,+00000.000000,+00000.000000
      TextureU +00000.000000,-00001.000000,+00000.000000
      TextureV +00000.000000,+00000.000000,-00001.000000
      Vertex   -00058.000000,-00026.000000,-00040.000000
      Vertex   -00058.000015,-00026.000000,-00024.000000
      Vertex   -00058.000015,-00022.000061,-00024.000000
      Vertex   -00058.000000,-00022.000000,-00040.000000
   End Polygon
   Begin Polygon Item=OUTSIDE Texture=un_woodfloor_b Flags=1082130464 Link=15
      Origin   -00054.000000,+00010.000000,-00304.000000
      Normal   +00001.000000,+00000.000000,+00000.000000
      TextureU +00000.000000,+00001.000000,+00000.000000
      TextureV +00000.000000,+00000.000000,-00001.000000
      Vertex   -00054.000000,+00010.000000,-00040.000000
      Vertex   -00054.000000,+00009.999939,-00024.000000
      Vertex   -00054.000000,+00006.000000,-00024.000000
      Vertex   -00054.000000,+00006.000000,-00040.000000
   End Polygon
   Begin Polygon Item=OUTSIDE Texture=un_woodfloor_b Flags=1082130464 Link=16
      Origin   +00030.000000,+00010.000000,-00304.000000
      Normal   +00001.000000,+00000.000000,+00000.000000
      TextureU +00000.000000,+00001.000000,+00000.000000
      TextureV +00000.000000,+00000.000000,-00001.000000
      Vertex   +00030.000000,+00010.000000,-00040.000000
      Vertex   +00030.000000,+00009.999939,-00024.000000
      Vertex   +00030.000000,+00006.000000,-00024.000000
      Vertex   +00030.000000,+00006.000000,-00040.000000
   End Polygon
   Begin Polygon Item=OUTSIDE Texture=un_woodfloor_b Flags=1082130464 Link=17
      Origin   +00026.000000,+00006.000000,-00304.000000
      Normal   -00001.000000,+00000.000000,+00000.000000
      TextureU +00000.000000,-00001.000000,+00000.000000
      TextureV +00000.000000,+00000.000000,-00001.000000
      Vertex   +00026.000000,+00006.000000,-00040.000000
      Vertex   +00025.999985,+00006.000000,-00024.000000
      Vertex   +00025.999985,+00009.999939,-00024.000000
      Vertex   +00026.000000,+00010.000000,-00040.000000
   End Polygon
   Begin Polygon Item=OUTSIDE Texture=un_woodfloor_b Flags=1082130464 Link=18
      Origin   +00026.000000,+00010.000000,-00304.000000
      Normal   +00000.000000,+00001.000000,+00000.000000
      TextureU -00001.000000,+00000.000000,+00000.000000
      TextureV +00000.000000,+00000.000000,-00001.000000
      Vertex   +00026.000000,+00010.000000,-00040.000000
      Vertex   +00025.999985,+00009.999939,-00024.000000
      Vertex   +00030.000000,+00009.999939,-00024.000000
      Vertex   +00030.000000,+00010.000000,-00040.000000
   End Polygon
   Begin Polygon Item=OUTSIDE Texture=un_woodfloor_b Flags=1082130464 Link=19
      Origin   -00058.000000,+00010.000000,-00304.000000
      Normal   +00000.000000,+00001.000000,+00000.000000
      TextureU -00001.000000,+00000.000000,+00000.000000
      TextureV +00000.000000,+00000.000000,-00001.000000
      Vertex   -00058.000000,+00010.000000,-00040.000000
      Vertex   -00058.000015,+00009.999939,-00024.000000
      Vertex   -00054.000000,+00009.999939,-00024.000000
      Vertex   -00054.000000,+00010.000000,-00040.000000
   End Polygon
   Begin Polygon Item=OUTSIDE Texture=un_woodfloor_b Flags=1082130464 Link=20
      Origin   -00058.000000,+00006.000000,-00304.000000
      Normal   -00001.000000,+00000.000000,+00000.000000
      TextureU +00000.000000,-00001.000000,+00000.000000
      TextureV +00000.000000,+00000.000000,-00001.000000
      Vertex   -00058.000000,+00006.000000,-00040.000000
      Vertex   -00058.000015,+00006.000000,-00024.000000
      Vertex   -00058.000015,+00009.999939,-00024.000000
      Vertex   -00058.000000,+00010.000000,-00040.000000
   End Polygon
   Begin Polygon Item=OUTSIDE Texture=un_woodfloor_b Flags=1082130464 Link=21
      Origin   +00030.000000,+00006.000000,-00304.000000
      Normal   +00000.000000,-00001.000000,+00000.000000
      TextureU +00001.000000,+00000.000000,+00000.000000
      TextureV +00000.000000,+00000.000000,-00001.000000
      Vertex   +00030.000000,+00006.000000,-00040.000000
      Vertex   +00030.000000,+00006.000000,-00024.000000
      Vertex   +00025.999985,+00006.000000,-00024.000000
      Vertex   +00026.000000,+00006.000000,-00040.000000
   End Polygon
   Begin Polygon Item=OUTSIDE Texture=un_woodfloor_b Flags=1082130464 Link=22
      Origin   -00062.000000,+00014.000000,-00304.000000
      Normal   +00000.000000,+00001.000000,+00000.000000
      TextureU -00001.000000,+00000.000000,+00000.000000
      TextureV +00000.000000,+00000.000000,-00001.000000
      Vertex   -00062.000000,+00014.000000,-00024.000000
      Vertex   -00062.000000,+00014.000000,-00020.000000
      Vertex   +00034.000000,+00014.000000,-00020.000000
      Vertex   +00034.000000,+00014.000000,-00024.000000
   End Polygon
   Begin Polygon Item=OUTSIDE Texture=un_woodfloor_b Flags=1082130464 Link=23
      Origin   +00034.000000,-00030.000000,-00304.000000
      Normal   +00000.000000,-00001.000000,+00000.000000
      TextureU +00001.000000,+00000.000000,+00000.000000
      TextureV +00000.000000,+00000.000000,-00001.000000
      Vertex   +00034.000000,-00030.000000,-00024.000000
      Vertex   +00034.000000,-00030.000000,-00020.000000
      Vertex   -00062.000000,-00030.000000,-00020.000000
      Vertex   -00062.000000,-00030.000000,-00024.000000
   End Polygon
   Begin Polygon Item=OUTSIDE Texture=un_woodfloor_b Flags=1082130464 Link=24
      Origin   +00034.000000,+00034.000000,-00304.000000
      Normal   +00001.000000,+00000.000000,+00000.000000
      TextureU +00000.000000,+00001.000000,+00000.000000
      TextureV +00000.000000,+00000.000000,-00001.000000
      Vertex   +00034.000000,+00014.000000,-00024.000000
      Vertex   +00034.000000,+00014.000000,-00020.000000
      Vertex   +00034.000000,-00030.000000,-00020.000000
      Vertex   +00034.000000,-00030.000000,-00024.000000
   End Polygon
   Begin Polygon Item=OUTSIDE Texture=un_woodfloor_b Flags=1082130464 Link=25
      Origin   -00062.000000,-00030.000000,-00304.000000
      Normal   -00001.000000,+00000.000000,+00000.000000
      TextureU +00000.000000,-00001.000000,+00000.000000
      TextureV +00000.000000,+00000.000000,-00001.000000
      Vertex   -00062.000000,-00030.000000,-00024.000000
      Vertex   -00062.000000,-00030.000000,-00020.000000
      Vertex   -00062.000000,+00014.000000,-00020.000000
      Vertex   -00062.000000,+00014.000000,-00024.000000
   End Polygon
   Begin Polygon Item=OUTSIDE Texture=un_woodfloor_b Flags=1082130464 Link=26
      Origin   -00194.000000,+00050.000000,-00304.000000
      Normal   +00000.000000,-00000.986394,-00000.164399
      TextureU +00001.000000,+00000.000000,+00000.000000
      TextureV +00000.000000,+00000.164399,-00000.986394
      Vertex   -00062.000000,+00010.000000,-00064.000000
      Vertex   -00058.000000,+00010.000000,-00064.000000
      Vertex   -00054.000000,+00006.000000,-00040.000000
      Vertex   -00058.000000,+00006.000000,-00040.000000
   End Polygon
   Begin Polygon Item=OUTSIDE Texture=un_woodfloor_b Flags=1082130464 Link=27
      Origin   -00098.000000,+00254.000000,-00304.000000
      Normal   +00000.986394,+00000.000000,-00000.164399
      TextureU +00000.000000,+00001.000000,+00000.000000
      TextureV -00000.164399,+00000.000000,-00000.986394
      Vertex   -00058.000000,-00030.000000,-00064.000000
      Vertex   -00058.000000,-00026.000000,-00064.000000
      Vertex   -00054.000000,-00022.000000,-00040.000000
      Vertex   -00054.000000,-00026.000000,-00040.000000
   End Polygon
   Begin Polygon Item=OUTSIDE Texture=un_woodfloor_b Flags=1082130464 Link=28
      Origin   -00194.000000,-00070.000031,-00304.000000
      Normal   +00000.000000,-00000.986394,+00000.164399
      TextureU +00001.000000,+00000.000000,+00000.000000
      TextureV +00000.000000,-00000.164399,-00000.986394
      Vertex   +00030.000000,-00030.000000,-00064.000000
      Vertex   +00034.000000,-00030.000000,-00064.000000
      Vertex   +00030.000000,-00026.000000,-00040.000000
      Vertex   +00026.000000,-00026.000000,-00040.000000
   End Polygon
   Begin Polygon Item=OUTSIDE Texture=un_woodfloor_b Flags=1082130464 Link=29
      Origin   -00194.000000,-00066.000000,-00304.000000
      Normal   +00000.000000,+00000.986394,-00000.164399
      TextureU -00001.000000,+00000.000000,+00000.000000
      TextureV +00000.000000,-00000.164399,-00000.986394
      Vertex   +00034.000000,-00026.000000,-00064.000000
      Vertex   +00030.000000,-00026.000000,-00064.000000
      Vertex   +00026.000000,-00022.000000,-00040.000000
      Vertex   +00030.000000,-00022.000000,-00040.000000
   End Polygon
   Begin Polygon Item=OUTSIDE Texture=un_woodfloor_b Flags=1082130464 Link=30
      Origin   +00070.000000,+00254.000000,-00304.000000
      Normal   -00000.986394,+00000.000000,-00000.164399
      TextureU +00000.000000,-00001.000000,+00000.000000
      TextureV +00000.164399,+00000.000000,-00000.986394
      Vertex   +00030.000000,-00026.000000,-00064.000000
      Vertex   +00030.000000,-00030.000000,-00064.000000
      Vertex   +00026.000000,-00026.000000,-00040.000000
      Vertex   +00026.000000,-00022.000000,-00040.000000
   End Polygon
   Begin Polygon Item=OUTSIDE Texture=un_woodfloor_b Flags=1082130464 Link=31
      Origin   +00073.999908,+00254.000000,-00303.999481
      Normal   +00000.986394,-00000.000000,+00000.164401
      TextureU +00000.000000,+00001.000000,+00000.000000
      TextureV +00000.164399,+00000.000000,-00000.986394
      Vertex   +00034.000000,-00030.000000,-00064.000000
      Vertex   +00034.000000,-00026.000000,-00064.000000
      Vertex   +00030.000000,-00022.000000,-00040.000000
      Vertex   +00030.000000,-00026.000000,-00040.000000
   End Polygon
   Begin Polygon Item=OUTSIDE Texture=un_woodfloor_b Flags=1082130464 Link=32
      Origin   -00102.000000,+00254.000000,-00304.000000
      Normal   -00000.986394,+00000.000000,+00000.164399
      TextureU +00000.000000,-00001.000000,+00000.000000
      TextureV -00000.164399,+00000.000000,-00000.986394
      Vertex   -00062.000000,-00026.000000,-00064.000000
      Vertex   -00062.000000,-00030.000000,-00064.000000
      Vertex   -00058.000000,-00026.000000,-00040.000000
      Vertex   -00058.000000,-00022.000000,-00040.000000
   End Polygon
   Begin Polygon Item=OUTSIDE Texture=un_woodfloor_b Flags=1082130464 Link=33
      Origin   -00194.000000,-00066.000000,-00304.000000
      Normal   +00000.000000,+00000.986394,-00000.164399
      TextureU -00001.000000,+00000.000000,+00000.000000
      TextureV +00000.000000,-00000.164399,-00000.986394
      Vertex   -00058.000000,-00026.000000,-00064.000000
      Vertex   -00062.000000,-00026.000000,-00064.000000
      Vertex   -00058.000000,-00022.000000,-00040.000000
      Vertex   -00054.000000,-00022.000000,-00040.000000
   End Polygon
   Begin Polygon Item=OUTSIDE Texture=un_woodfloor_b Flags=1082130464 Link=34
      Origin   -00194.000000,-00070.000031,-00304.000000
      Normal   +00000.000000,-00000.986394,+00000.164399
      TextureU +00001.000000,+00000.000000,+00000.000000
      TextureV +00000.000000,-00000.164399,-00000.986394
      Vertex   -00062.000000,-00030.000000,-00064.000000
      Vertex   -00058.000000,-00030.000000,-00064.000000
      Vertex   -00054.000000,-00026.000000,-00040.000000
      Vertex   -00058.000000,-00026.000000,-00040.000000
   End Polygon
   Begin Polygon Item=OUTSIDE Texture=un_woodfloor_b Flags=1082130464 Link=35
      Origin   -00098.000000,+00254.000000,-00304.000000
      Normal   +00000.986394,+00000.000000,-00000.164399
      TextureU +00000.000000,+00001.000000,+00000.000000
      TextureV -00000.164399,+00000.000000,-00000.986394
      Vertex   -00058.000000,+00010.000000,-00064.000000
      Vertex   -00058.000000,+00014.000000,-00064.000000
      Vertex   -00054.000000,+00010.000000,-00040.000000
      Vertex   -00054.000000,+00006.000000,-00040.000000
   End Polygon
   Begin Polygon Item=OUTSIDE Texture=un_woodfloor_b Flags=1082130464 Link=36
      Origin   +00073.999908,+00254.000000,-00303.999481
      Normal   +00000.986394,-00000.000000,+00000.164401
      TextureU +00000.000000,+00001.000000,+00000.000000
      TextureV +00000.164399,+00000.000000,-00000.986394
      Vertex   +00034.000000,+00010.000000,-00064.000000
      Vertex   +00034.000000,+00014.000000,-00064.000000
      Vertex   +00030.000000,+00010.000000,-00040.000000
      Vertex   +00030.000000,+00006.000000,-00040.000000
   End Polygon
   Begin Polygon Item=OUTSIDE Texture=un_woodfloor_b Flags=1082130464 Link=37
      Origin   +00070.000000,+00254.000000,-00304.000000
      Normal   -00000.986394,+00000.000000,-00000.164399
      TextureU +00000.000000,-00001.000000,+00000.000000
      TextureV +00000.164399,+00000.000000,-00000.986394
      Vertex   +00030.000000,+00014.000000,-00064.000000
      Vertex   +00030.000000,+00010.000000,-00064.000000
      Vertex   +00026.000000,+00006.000000,-00040.000000
      Vertex   +00026.000000,+00010.000000,-00040.000000
   End Polygon
   Begin Polygon Item=OUTSIDE Texture=un_woodfloor_b Flags=1082130464 Link=38
      Origin   -00194.000000,+00054.000000,-00304.000000
      Normal   +00000.000000,+00000.986394,+00000.164399
      TextureU -00001.000000,+00000.000000,+00000.000000
      TextureV +00000.000000,+00000.164399,-00000.986394
      Vertex   +00034.000000,+00014.000000,-00064.000000
      Vertex   +00030.000000,+00014.000000,-00064.000000
      Vertex   +00026.000000,+00010.000000,-00040.000000
      Vertex   +00030.000000,+00010.000000,-00040.000000
   End Polygon
   Begin Polygon Item=OUTSIDE Texture=un_woodfloor_b Flags=1082130464 Link=39
      Origin   -00194.000000,+00054.000000,-00304.000000
      Normal   +00000.000000,+00000.986394,+00000.164399
      TextureU -00001.000000,+00000.000000,+00000.000000
      TextureV +00000.000000,+00000.164399,-00000.986394
      Vertex   -00058.000000,+00014.000000,-00064.000000
      Vertex   -00062.000000,+00014.000000,-00064.000000
      Vertex   -00058.000000,+00010.000000,-00040.000000
      Vertex   -00054.000000,+00010.000000,-00040.000000
   End Polygon
   Begin Polygon Item=OUTSIDE Texture=un_woodfloor_b Flags=1082130464 Link=40
      Origin   -00102.000000,+00254.000000,-00304.000000
      Normal   -00000.986394,+00000.000000,+00000.164399
      TextureU +00000.000000,-00001.000000,+00000.000000
      TextureV -00000.164399,+00000.000000,-00000.986394
      Vertex   -00062.000000,+00014.000000,-00064.000000
      Vertex   -00062.000000,+00010.000000,-00064.000000
      Vertex   -00058.000000,+00006.000000,-00040.000000
      Vertex   -00058.000000,+00010.000000,-00040.000000
   End Polygon
   Begin Polygon Item=OUTSIDE Texture=un_woodfloor_b Flags=1082130464 Link=41
      Origin   -00194.000000,+00050.000000,-00304.000000
      Normal   +00000.000000,-00000.986394,-00000.164399
      TextureU +00001.000000,+00000.000000,+00000.000000
      TextureV +00000.000000,+00000.164399,-00000.986394
      Vertex   +00030.000000,+00010.000000,-00064.000000
      Vertex   +00034.000000,+00010.000000,-00064.000000
      Vertex   +00030.000000,+00006.000000,-00040.000000
      Vertex   +00026.000000,+00006.000000,-00040.000000
   End Polygon
   Begin Polygon Item=OUTSIDE Texture=un_woodfloor_b Flags=1082130464 Link=42
      Origin   -00194.000000,+00254.000000,-00040.000000
      Normal   +00000.000000,+00000.000000,+00001.000000
      TextureU +00001.000000,+00000.000000,+00000.000000
      TextureV +00000.000000,+00001.000000,+00000.000000
      Vertex   -00054.000000,-00026.000000,-00040.000000
      Vertex   -00054.000000,-00022.000000,-00040.000000
      Vertex   -00058.000000,-00022.000000,-00040.000000
      Vertex   -00058.000000,-00026.000000,-00040.000000
   End Polygon
   Begin Polygon Item=OUTSIDE Texture=un_woodfloor_b Flags=1082130464 Link=43
      Origin   -00194.000000,+00254.000000,-00040.000000
      Normal   +00000.000000,+00000.000000,+00001.000000
      TextureU +00001.000000,+00000.000000,+00000.000000
      TextureV +00000.000000,+00001.000000,+00000.000000
      Vertex   +00030.000000,-00022.000000,-00040.000000
      Vertex   +00026.000000,-00022.000000,-00040.000000
      Vertex   +00026.000000,-00026.000000,-00040.000000
      Vertex   +00030.000000,-00026.000000,-00040.000000
   End Polygon
   Begin Polygon Item=OUTSIDE Texture=un_woodfloor_b Flags=1082130464 Link=44
      Origin   -00194.000000,+00254.000000,-00040.000000
      Normal   +00000.000000,+00000.000000,+00001.000000
      TextureU +00001.000000,+00000.000000,+00000.000000
      TextureV +00000.000000,+00001.000000,+00000.000000
      Vertex   +00026.000000,+00010.000000,-00040.000000
      Vertex   +00026.000000,+00006.000000,-00040.000000
      Vertex   +00030.000000,+00006.000000,-00040.000000
      Vertex   +00030.000000,+00010.000000,-00040.000000
   End Polygon
   Begin Polygon Item=OUTSIDE Texture=un_woodfloor_b Flags=1082130464 Link=45
      Origin   -00194.000000,+00254.000000,-00020.000000
      Normal   +00000.000000,+00000.000000,+00001.000000
      TextureU +00001.000000,+00000.000000,+00000.000000
      TextureV +00000.000000,+00001.000000,+00000.000000
      Vertex   -00062.000000,-00030.000000,-00020.000000
      Vertex   +00034.000000,-00030.000000,-00020.000000
      Vertex   +00034.000000,+00014.000000,-00020.000000
      Vertex   -00062.000000,+00014.000000,-00020.000000
   End Polygon
End PolyList
