Begin PolyList
   Begin Polygon Item=OUTSIDE Flags=-1073741824 Link=0
      Origin   -00064.000000,+00064.000000,-00045.000000
      Normal   +00000.000000,+00000.000000,-00001.000000
      TextureU +00000.000000,-00001.000000,+00000.000000
      TextureV -00001.000000,+00000.000000,+00000.000000
      Vertex   +00030.000000,-00032.000000,-00045.000000
      Vertex   -00018.000000,-00032.000000,-00045.000000
      Vertex   -00018.000000,+00032.000000,-00045.000000
      Vertex   +00030.000000,+00032.000000,-00045.000000
   End Polygon
   Begin Polygon Item=OUTSIDE Flags=-1073741824 Link=0
      Origin   -00064.000000,+00064.000000,-00045.000000
      Normal   +00000.000000,+00000.000000,-00001.000000
      TextureU +00000.000000,-00001.000000,+00000.000000
      TextureV -00001.000000,+00000.000000,+00000.000000
      Vertex   -00039.999512,-00004.000854,-00045.000000
      Vertex   -00039.999512,+00004.001099,-00045.000000
      Vertex   -00034.001953,+00007.999512,-00045.000000
      Vertex   -00018.000000,+00007.999512,-00045.000000
      Vertex   -00018.000000,-00008.000488,-00045.000000
      Vertex   -00034.000000,-00008.000488,-00045.000000
   End Polygon
   Begin Polygon Item=OUTSIDE Texture=ClenUtilVSide_C Flags=1073741824 Link=2
      Origin   -00018.000000,-00008.000488,-00045.000000
      Normal   +00000.000000,-00001.000000,+00000.000000
      TextureU -00001.000000,-00000.000000,+00000.000000
      TextureV +00000.000000,+00000.000000,-00001.000000
      Vertex   -00018.000000,-00008.000488,+00003.000000
      Vertex   -00034.000000,-00008.000488,+00003.000000
      Vertex   -00034.000000,-00008.000488,-00045.000000
      Vertex   -00018.000000,-00008.000488,-00045.000000
   End Polygon
   Begin Polygon Item=OUTSIDE Texture=ClenUtilVSide_C Flags=1073741824 Link=3
      Origin   -00018.000000,-00032.000000,-00013.000000
      Normal   -00001.000000,-00000.000000,+00000.000000
      TextureU -00000.000000,+00002.000000,+00000.000000
      TextureV +00000.000000,+00000.000000,-00002.000000
      Vertex   -00018.000000,-00008.000488,+00003.000000
      Vertex   -00018.000000,-00008.000488,-00013.000000
      Vertex   -00018.000000,-00032.000000,-00013.000000
      Vertex   -00018.000000,-00032.000000,+00003.000000
   End Polygon
   Begin Polygon Item=OUTSIDE Texture=ClenUtilVSide_C Flags=1073741824 Link=4
      Origin   +00030.000000,+00032.000000,-00045.000000
      Normal   +00001.000000,+00000.000000,+00000.000000
      Pan      U=0 V=-70
      TextureU +00000.000000,-00002.000000,+00000.000000
      TextureV +00000.000000,+00000.000000,-00002.000000
      Vertex   +00030.000000,-00032.000000,-00013.000000
      Vertex   +00030.000000,-00032.000000,-00045.000000
      Vertex   +00030.000000,+00032.000000,-00045.000000
      Vertex   +00030.000000,+00032.000000,-00013.000000
   End Polygon
   Begin Polygon Item=OUTSIDE Texture=ClenUtilVSide_C Flags=1073741824 Link=5
      Origin   +00030.000000,-00032.000000,-00013.000000
      Normal   +00000.000000,-00001.000000,+00000.000000
      TextureU -00001.600000,-00000.000000,-00001.200000
      TextureV +00001.200000,+00000.000000,-00001.600000
      Vertex   +00030.000000,-00032.000000,-00013.000000
      Vertex   +00018.000000,-00032.000000,+00003.000000
      Vertex   -00018.000000,-00032.000000,+00003.000000
      Vertex   -00018.000000,-00032.000000,-00013.000000
   End Polygon
   Begin Polygon Item=OUTSIDE Texture=ClenCntrlPanl_A Flags=1073741824 Link=6
      Origin   +00030.000000,+00032.000000,-00013.000000
      Normal   +00000.800000,+00000.000000,+00000.600000
      Pan      U=1 V=191
      TextureU +00000.000000,-00002.857143,+00000.000000
      TextureV +00001.714286,+00000.000000,-00002.285714
      Vertex   +00018.000000,-00032.000000,+00003.000000
      Vertex   +00030.000000,-00032.000000,-00013.000000
      Vertex   +00030.000000,+00032.000000,-00013.000000
      Vertex   +00018.000000,+00032.000000,+00003.000000
   End Polygon
   Begin Polygon Item=OUTSIDE Texture=ClenUtilVSide_C Flags=1073741824 Link=7
      Origin   +00030.000000,-00032.000000,+00003.000000
      Normal   +00000.000000,+00000.000000,+00001.000000
      TextureU -00002.000000,-00000.000000,+00000.000000
      TextureV +00000.000000,-00002.000000,+00000.000000
      Vertex   -00018.000000,-00032.000000,+00003.000000
      Vertex   +00018.000000,-00032.000000,+00003.000000
      Vertex   +00018.000000,+00032.000000,+00003.000000
      Vertex   -00018.000000,+00032.000000,+00003.000000
   End Polygon
   Begin Polygon Item=OUTSIDE Texture=ClenUtilVSide_A Flags=1073741824 Link=8
      Origin   +00030.000000,-00032.000000,-00045.000000
      Normal   +00000.000000,-00001.000000,+00000.000000
      Pan      U=2 V=71
      TextureU -00002.000000,-00000.000000,+00000.000000
      TextureV +00000.000000,+00000.000000,-00002.000000
      Vertex   +00030.000000,-00032.000000,-00045.000000
      Vertex   +00030.000000,-00032.000000,-00013.000000
      Vertex   -00018.000000,-00032.000000,-00013.000000
      Vertex   -00018.000000,-00032.000000,-00045.000000
   End Polygon
   Begin Polygon Item=OUTSIDE Texture=ClenUtilVSide_C Flags=1073741824 Link=9
      Origin   -00018.000000,-00032.000000,-00045.000000
      Normal   -00001.000000,-00000.000000,+00000.000000
      TextureU -00000.000000,+00002.000000,+00000.000000
      TextureV +00000.000000,+00000.000000,-00002.000000
      Vertex   -00018.000000,-00008.000488,-00013.000000
      Vertex   -00018.000000,-00008.000488,-00045.000000
      Vertex   -00018.000000,-00032.000000,-00045.000000
      Vertex   -00018.000000,-00032.000000,-00013.000000
   End Polygon
   Begin Polygon Item=OUTSIDE Texture=ClenUtilVSide_C Flags=1073741824 Link=10
      Origin   -00039.538086,+00004.308716,-00045.000000
      Normal   -00000.554700,+00000.832050,+00000.000000
      TextureU +00000.832050,+00000.554700,+00000.000000
      TextureV +00000.000000,+00000.000000,-00001.000000
      Vertex   -00039.999512,+00004.000977,+00003.000000
      Vertex   -00034.000000,+00007.999512,+00003.000000
      Vertex   -00034.000000,+00007.999512,-00045.000000
      Vertex   -00039.999512,+00004.000977,-00045.000000
   End Polygon
   Begin Polygon Item=OUTSIDE Texture=ClenUtilVSide_C Flags=1073741824 Link=11
      Origin   -00018.000000,+00007.999512,+00003.000000
      Normal   +00000.000000,+00000.000000,+00001.000000
      TextureU +00000.000000,-00001.000000,+00000.000000
      TextureV +00001.000000,+00000.000000,+00000.000000
      Vertex   -00018.000000,+00007.999512,+00003.000000
      Vertex   -00034.000000,+00007.999512,+00003.000000
      Vertex   -00034.000000,-00008.000488,+00003.000000
      Vertex   -00018.000000,-00008.000488,+00003.000000
   End Polygon
   Begin Polygon Item=OUTSIDE Texture=ClenUtilVSide_C Flags=1073741824 Link=12
      Origin   -00034.000000,-00008.000488,+00007.000000
      Normal   +00000.000000,+00000.000000,-00001.000000
      TextureU +00000.554700,+00000.832050,+00000.000000
      TextureV +00000.832050,-00000.554700,-00000.000000
      Vertex   -00034.000000,-00008.000488,+00007.000000
      Vertex   -00039.999512,-00003.999023,+00007.000000
      Vertex   -00039.999512,+00004.000977,+00007.000000
      Vertex   -00034.000000,+00007.999512,+00007.000000
   End Polygon
   Begin Polygon Item=2DLoftSIDE Texture=ClenCmandWall_J Flags=1073741856 Link=13
      Origin   -00027.999023,+00003.999512,+00003.000000
      Normal   -00000.447213,+00000.894427,+00000.000000
      TextureU +00000.000000,+00000.000000,+00001.000000
      TextureV +00000.894427,+00000.447214,+00000.000000
      Vertex   -00027.999023,+00003.999512,+00003.000000
      Vertex   -00031.999023,+00001.999512,+00003.000000
      Vertex   -00031.999023,+00001.999512,+00007.000000
      Vertex   -00027.999023,+00003.999512,+00007.000000
   End Polygon
   Begin Polygon Item=2DLoftSIDE Texture=ClenCmandWall_J Flags=1073741856 Link=14
      Origin   -00023.999023,+00001.999512,+00003.000000
      Normal   +00000.447214,+00000.894427,+00000.000000
      TextureU +00000.000000,+00000.000000,+00001.000000
      TextureV +00000.894427,-00000.447214,+00000.000000
      Vertex   -00023.999023,+00001.999512,+00003.000000
      Vertex   -00027.999023,+00003.999512,+00003.000000
      Vertex   -00027.999023,+00003.999512,+00007.000000
      Vertex   -00023.999023,+00001.999512,+00007.000000
   End Polygon
   Begin Polygon Item=2DLoftSIDE Texture=ClenCmandWall_J Flags=1073741856 Link=15
      Origin   -00023.999023,-00002.000488,+00003.000000
      Normal   +00001.000000,+00000.000000,+00000.000000
      TextureU +00000.000000,+00000.000000,+00001.000000
      TextureV +00000.000000,-00001.000000,+00000.000000
      Vertex   -00023.999023,-00002.000488,+00003.000000
      Vertex   -00023.999023,+00001.999512,+00003.000000
      Vertex   -00023.999023,+00001.999512,+00007.000000
      Vertex   -00023.999023,-00002.000488,+00007.000000
   End Polygon
   Begin Polygon Item=2DLoftSIDE Texture=ClenCmandWall_J Flags=1073741856 Link=16
      Origin   -00027.999023,-00004.000488,+00003.000000
      Normal   +00000.447213,-00000.894427,+00000.000000
      TextureU +00000.000000,+00000.000000,+00001.000000
      TextureV -00000.894427,-00000.447213,+00000.000000
      Vertex   -00027.999023,-00004.000488,+00003.000000
      Vertex   -00023.999023,-00002.000488,+00003.000000
      Vertex   -00023.999023,-00002.000488,+00007.000000
      Vertex   -00027.999023,-00004.000488,+00007.000000
   End Polygon
   Begin Polygon Item=2DLoftSIDE Texture=ClenCmandWall_J Flags=1073741856 Link=17
      Origin   -00031.999023,-00002.000488,+00003.000000
      Normal   -00000.447214,-00000.894427,+00000.000000
      TextureU +00000.000000,+00000.000000,+00001.000000
      TextureV -00000.894427,+00000.447214,+00000.000000
      Vertex   -00031.999023,-00002.000488,+00003.000000
      Vertex   -00027.999023,-00004.000488,+00003.000000
      Vertex   -00027.999023,-00004.000488,+00007.000000
      Vertex   -00031.999023,-00002.000488,+00007.000000
   End Polygon
   Begin Polygon Item=2DLoftSIDE Texture=ClenCmandWall_J Flags=1073741856 Link=18
      Origin   -00031.999023,+00001.999512,+00003.000000
      Normal   -00001.000000,-00000.000000,+00000.000000
      TextureU +00000.000000,+00000.000000,+00001.000000
      TextureV -00000.000000,+00001.000000,+00000.000000
      Vertex   -00031.999023,+00001.999512,+00003.000000
      Vertex   -00031.999023,-00002.000488,+00003.000000
      Vertex   -00031.999023,-00002.000488,+00007.000000
      Vertex   -00031.999023,+00001.999512,+00007.000000
   End Polygon
   Begin Polygon Item=OUTSIDE Texture=ClenUtilVSide_C Flags=1073741824 Link=19
      Origin   -00018.000000,+00007.999512,+00023.000000
      Normal   +00000.000000,+00000.000000,+00001.000000
      TextureU +00000.000000,-00001.000000,+00000.000000
      TextureV +00001.000000,+00000.000000,+00000.000000
      Vertex   -00018.000000,+00007.999512,+00023.000000
      Vertex   -00034.000000,+00007.999512,+00023.000000
      Vertex   -00034.000000,-00008.000488,+00023.000000
      Vertex   -00018.000000,-00008.000488,+00023.000000
   End Polygon
   Begin Polygon Item=OUTSIDE Texture=ClenUtilVSide_C Flags=1073741824 Link=20
      Origin   -00034.000000,+00007.999512,+00007.000000
      Normal   -00000.000000,+00001.000000,+00000.000000
      TextureU +00001.000000,+00000.000000,+00000.000000
      TextureV +00000.000000,+00000.000000,-00001.000000
      Vertex   -00034.000000,+00007.999512,+00023.000000
      Vertex   -00018.000000,+00007.999512,+00023.000000
      Vertex   -00018.000000,+00007.999512,+00007.000000
      Vertex   -00034.000000,+00007.999512,+00007.000000
   End Polygon
   Begin Polygon Item=OUTSIDE Texture=ClenUtilVSide_C Flags=1073741824 Link=21
      Origin   -00034.000000,-00008.000488,+00007.000000
      Normal   -00000.554700,-00000.832050,-00000.000000
      TextureU -00000.832050,+00000.554700,+00000.000000
      TextureV +00000.000000,+00000.000000,-00001.000000
      Vertex   -00034.000000,-00008.000488,+00023.000000
      Vertex   -00039.999512,-00003.999023,+00023.000000
      Vertex   -00039.999512,-00003.999023,+00007.000000
      Vertex   -00034.000000,-00008.000488,+00007.000000
   End Polygon
   Begin Polygon Item=OUTSIDE Texture=ClenUtilVSide_C Flags=1073741824 Link=22
      Origin   -00039.999512,-00007.999023,+00007.000000
      Normal   -00001.000000,-00000.000000,+00000.000000
      TextureU -00000.000000,+00001.000000,+00000.000000
      TextureV +00000.000000,+00000.000000,-00001.000000
      Vertex   -00039.999512,-00003.999023,+00023.000000
      Vertex   -00039.999512,+00004.000977,+00023.000000
      Vertex   -00039.999512,+00004.000977,+00007.000000
      Vertex   -00039.999512,-00003.999023,+00007.000000
   End Polygon
   Begin Polygon Item=OUTSIDE Texture=ClenUtilVSide_C Flags=1073741824 Link=23
      Origin   -00034.000000,+00007.999512,+00023.000000
      Normal   +00000.000000,+00000.000000,+00001.000000
      TextureU +00000.554700,-00000.832050,-00000.000000
      TextureV +00000.832050,+00000.554700,+00000.000000
      Vertex   -00034.000000,+00007.999512,+00023.000000
      Vertex   -00039.999512,+00004.000977,+00023.000000
      Vertex   -00039.999512,-00003.999023,+00023.000000
      Vertex   -00034.000000,-00008.000488,+00023.000000
   End Polygon
   Begin Polygon Item=OUTSIDE Texture=ClenUtilVSide_C Flags=1073741824 Link=24
      Origin   -00018.000000,-00008.000488,+00007.000000
      Normal   +00000.000000,+00000.000000,-00001.000000
      TextureU -00000.000000,+00001.000000,+00000.000000
      TextureV +00001.000000,+00000.000000,+00000.000000
      Vertex   -00018.000000,-00008.000488,+00007.000000
      Vertex   -00034.000000,-00008.000488,+00007.000000
      Vertex   -00034.000000,+00007.999512,+00007.000000
      Vertex   -00018.000000,+00007.999512,+00007.000000
   End Polygon
   Begin Polygon Item=OUTSIDE Texture=ClenUtilVSide_C Flags=1073741824 Link=25
      Origin   -00034.000000,+00007.999512,-00045.000000
      Normal   -00000.000000,+00001.000000,+00000.000000
      TextureU +00001.000000,+00000.000000,+00000.000000
      TextureV +00000.000000,+00000.000000,-00001.000000
      Vertex   -00034.000000,+00007.999512,+00003.000000
      Vertex   -00018.000000,+00007.999512,+00003.000000
      Vertex   -00018.000000,+00007.999512,-00045.000000
      Vertex   -00034.000000,+00007.999512,-00045.000000
   End Polygon
   Begin Polygon Item=OUTSIDE Texture=ClenUtilVSide_C Flags=1073741824 Link=26
      Origin   -00034.000000,-00008.000488,-00045.000000
      Normal   -00000.554700,-00000.832050,-00000.000000
      TextureU -00000.832050,+00000.554700,+00000.000000
      TextureV +00000.000000,+00000.000000,-00001.000000
      Vertex   -00034.000000,-00008.000488,+00003.000000
      Vertex   -00039.999512,-00003.999023,+00003.000000
      Vertex   -00039.999512,-00003.999023,-00045.000000
      Vertex   -00034.000000,-00008.000488,-00045.000000
   End Polygon
   Begin Polygon Item=OUTSIDE Texture=ClenUtilVSide_C Flags=1073741824 Link=27
      Origin   -00039.999512,-00007.999023,-00045.000000
      Normal   -00001.000000,-00000.000000,+00000.000000
      TextureU -00000.000000,+00001.000000,+00000.000000
      TextureV +00000.000000,+00000.000000,-00001.000000
      Vertex   -00039.999512,-00003.999023,+00003.000000
      Vertex   -00039.999512,+00004.000977,+00003.000000
      Vertex   -00039.999512,+00004.000977,-00045.000000
      Vertex   -00039.999512,-00003.999023,-00045.000000
   End Polygon
   Begin Polygon Item=OUTSIDE Texture=ClenUtilVSide_C Flags=1073741824 Link=28
      Origin   -00034.000000,+00007.999512,+00003.000000
      Normal   +00000.000000,+00000.000000,+00001.000000
      TextureU +00000.554700,-00000.832050,-00000.000000
      TextureV +00000.832050,+00000.554700,+00000.000000
      Vertex   -00034.000000,+00007.999512,+00003.000000
      Vertex   -00039.999512,+00004.000977,+00003.000000
      Vertex   -00039.999512,-00003.999023,+00003.000000
      Vertex   -00034.000000,-00008.000488,+00003.000000
   End Polygon
   Begin Polygon Item=OUTSIDE Texture=ClenUtilVSide_C Flags=1073741824 Link=29
      Origin   -00039.538086,+00004.308716,+00007.000000
      Normal   -00000.554700,+00000.832050,+00000.000000
      TextureU +00000.832050,+00000.554700,+00000.000000
      TextureV +00000.000000,+00000.000000,-00001.000000
      Vertex   -00039.999512,+00004.000977,+00023.000000
      Vertex   -00034.000000,+00007.999512,+00023.000000
      Vertex   -00034.000000,+00007.999512,+00007.000000
      Vertex   -00039.999512,+00004.000977,+00007.000000
   End Polygon
   Begin Polygon Item=2DLoftEND Texture=ClenCmandWall_J Flags=1073741856 Link=30
      Origin   -00014.000000,+00002.000000,+00019.000000
      Normal   +00001.000000,+00000.000000,+00000.000000
      TextureU -00000.000000,+00001.000000,+00000.000000
      TextureV +00000.000000,+00000.000000,+00001.000000
      Vertex   -00014.000000,-00002.000000,+00011.000000
      Vertex   -00014.000000,+00002.000000,+00011.000000
      Vertex   -00014.000000,+00004.000000,+00015.000000
      Vertex   -00014.000000,+00002.000000,+00019.000000
      Vertex   -00014.000000,-00002.000000,+00019.000000
      Vertex   -00014.000000,-00004.000000,+00015.000000
   End Polygon
   Begin Polygon Item=2DLoftSIDE Texture=ClenCmandWall_J Flags=1073741856 Link=31
      Origin   -00014.000000,+00004.000000,+00015.000000
      Normal   -00000.000000,+00000.894427,-00000.447214
      TextureU -00001.000000,-00000.000000,+00000.000000
      TextureV -00000.000000,+00000.447214,+00000.894427
      Vertex   -00014.000000,+00004.000000,+00015.000000
      Vertex   -00014.000000,+00002.000000,+00011.000000
      Vertex   -00018.000000,+00002.000000,+00011.000000
      Vertex   -00018.000000,+00004.000000,+00015.000000
   End Polygon
   Begin Polygon Item=2DLoftSIDE Texture=ClenCmandWall_J Flags=1073741856 Link=32
      Origin   -00014.000000,+00002.000000,+00019.000000
      Normal   +00000.000000,+00000.894427,+00000.447214
      TextureU -00001.000000,-00000.000000,+00000.000000
      TextureV +00000.000000,-00000.447214,+00000.894427
      Vertex   -00014.000000,+00002.000000,+00019.000000
      Vertex   -00014.000000,+00004.000000,+00015.000000
      Vertex   -00018.000000,+00004.000000,+00015.000000
      Vertex   -00018.000000,+00002.000000,+00019.000000
   End Polygon
   Begin Polygon Item=2DLoftSIDE Texture=ClenCmandWall_J Flags=1073741856 Link=33
      Origin   -00014.000000,-00002.000000,+00019.000000
      Normal   +00000.000000,+00000.000000,+00001.000000
      TextureU -00001.000000,-00000.000000,+00000.000000
      TextureV +00000.000000,-00001.000000,+00000.000000
      Vertex   -00014.000000,-00002.000000,+00019.000000
      Vertex   -00014.000000,+00002.000000,+00019.000000
      Vertex   -00018.000000,+00002.000000,+00019.000000
      Vertex   -00018.000000,-00002.000000,+00019.000000
   End Polygon
   Begin Polygon Item=2DLoftSIDE Texture=ClenCmandWall_J Flags=1073741856 Link=34
      Origin   -00014.000000,-00004.000000,+00015.000000
      Normal   -00000.000000,-00000.894427,+00000.447214
      TextureU -00001.000000,-00000.000000,+00000.000000
      TextureV +00000.000000,-00000.447214,-00000.894427
      Vertex   -00014.000000,-00004.000000,+00015.000000
      Vertex   -00014.000000,-00002.000000,+00019.000000
      Vertex   -00018.000000,-00002.000000,+00019.000000
      Vertex   -00018.000000,-00004.000000,+00015.000000
   End Polygon
   Begin Polygon Item=2DLoftSIDE Texture=ClenCmandWall_J Flags=1073741856 Link=35
      Origin   -00014.000000,-00002.000000,+00011.000000
      Normal   +00000.000000,-00000.894427,-00000.447214
      TextureU -00001.000000,-00000.000000,+00000.000000
      TextureV -00000.000000,+00000.447214,-00000.894427
      Vertex   -00014.000000,-00002.000000,+00011.000000
      Vertex   -00014.000000,-00004.000000,+00015.000000
      Vertex   -00018.000000,-00004.000000,+00015.000000
      Vertex   -00018.000000,-00002.000000,+00011.000000
   End Polygon
   Begin Polygon Item=2DLoftSIDE Texture=ClenCmandWall_J Flags=1073741856 Link=36
      Origin   -00014.000000,+00002.000000,+00011.000000
      Normal   +00000.000000,+00000.000000,-00001.000000
      TextureU -00001.000000,-00000.000000,+00000.000000
      TextureV -00000.000000,+00001.000000,+00000.000000
      Vertex   -00014.000000,+00002.000000,+00011.000000
      Vertex   -00014.000000,-00002.000000,+00011.000000
      Vertex   -00018.000000,-00002.000000,+00011.000000
      Vertex   -00018.000000,+00002.000000,+00011.000000
   End Polygon
   Begin Polygon Item=OUTSIDE Texture=ClenUtilVSide_C Flags=1073741824 Link=37
      Origin   -00018.000000,+00032.000000,-00013.000000
      Normal   -00000.000000,+00001.000000,+00000.000000
      TextureU +00002.000000,+00000.000000,+00000.000000
      TextureV +00000.000000,+00000.000000,-00002.000000
      Vertex   -00018.000000,+00032.000000,-00013.000000
      Vertex   -00018.000000,+00032.000000,+00003.000000
      Vertex   +00018.000000,+00032.000000,+00003.000000
      Vertex   +00030.000000,+00032.000000,-00013.000000
   End Polygon
   Begin Polygon Item=OUTSIDE Texture=ClenUtilVSide_C Flags=1073741824 Link=38
      Origin   -00018.000000,+00032.000000,-00045.000000
      Normal   -00000.000000,+00001.000000,+00000.000000
      TextureU +00002.000000,+00000.000000,+00000.000000
      TextureV +00000.000000,+00000.000000,-00002.000000
      Vertex   -00018.000000,+00032.000000,-00013.000000
      Vertex   +00030.000000,+00032.000000,-00013.000000
      Vertex   +00030.000000,+00032.000000,-00045.000000
      Vertex   -00018.000000,+00032.000000,-00045.000000
   End Polygon
   Begin Polygon Item=OUTSIDE Texture=ClenUtilVSide_C Flags=1073741824 Link=3
      Origin   -00018.000000,-00032.000000,-00013.000000
      Normal   -00001.000000,-00000.000000,+00000.000000
      TextureU -00000.000000,+00002.000000,+00000.000000
      TextureV +00000.000000,+00000.000000,-00002.000000
      Vertex   -00018.000000,+00007.999512,-00013.000000
      Vertex   -00018.000000,+00007.999512,+00003.000000
      Vertex   -00018.000000,+00032.000000,+00003.000000
      Vertex   -00018.000000,+00032.000000,-00013.000000
   End Polygon
   Begin Polygon Item=OUTSIDE Texture=ClenUtilVSide_C Flags=1073741824 Link=9
      Origin   -00018.000000,-00032.000000,-00045.000000
      Normal   -00001.000000,-00000.000000,+00000.000000
      TextureU -00000.000000,+00002.000000,+00000.000000
      TextureV +00000.000000,+00000.000000,-00002.000000
      Vertex   -00018.000000,+00007.999512,-00013.000000
      Vertex   -00018.000000,+00032.000000,-00013.000000
      Vertex   -00018.000000,+00032.000000,-00045.000000
      Vertex   -00018.000000,+00007.999512,-00045.000000
   End Polygon
   Begin Polygon Item=OUTSIDE Texture=ClenUtilVSide_C Flags=1073741824 Link=41
      Origin   -00018.000000,+00007.999512,+00007.000000
      Normal   +00001.000000,+00000.000000,+00000.000000
      TextureU +00000.000000,-00001.000000,+00000.000000
      TextureV +00000.000000,+00000.000000,-00001.000000
      Vertex   -00018.000000,+00007.999512,+00023.000000
      Vertex   -00018.000000,-00008.000488,+00023.000000
      Vertex   -00018.000000,-00008.000488,+00007.000000
      Vertex   -00018.000000,+00007.999512,+00007.000000
   End Polygon
   Begin Polygon Item=OUTSIDE Texture=ClenUtilVSide_C Flags=1073741824 Link=42
      Origin   -00018.000000,-00008.000488,+00007.000000
      Normal   +00000.000000,-00001.000000,+00000.000000
      TextureU -00001.000000,-00000.000000,+00000.000000
      TextureV +00000.000000,+00000.000000,-00001.000000
      Vertex   -00018.000000,-00008.000488,+00023.000000
      Vertex   -00034.000000,-00008.000488,+00023.000000
      Vertex   -00034.000000,-00008.000488,+00007.000000
      Vertex   -00018.000000,-00008.000488,+00007.000000
   End Polygon
End PolyList
