Begin PolyList
   Begin Polygon Item=OUTSIDE Flags=-1073741824 Link=0
      Origin   -00064.000000,+00128.000000,-00045.000000
      Normal   +00000.000000,+00000.000000,-00001.000000
      TextureU +00000.000000,-00001.000000,+00000.000000
      TextureV -00001.000000,+00000.000000,+00000.000000
      Vertex   +00019.999512,+00121.999512,-00045.000000
      Vertex   +00019.999512,+00057.999512,-00045.000000
      Vertex   -00028.000488,+00057.999512,-00045.000000
      Vertex   -00028.000488,+00121.999512,-00045.000000
   End Polygon
   Begin Polygon Item=OUTSIDE Flags=-1073741824 Link=0
      Origin   -00064.000000,+00128.000000,-00045.000000
      Normal   +00000.000000,+00000.000000,-00001.000000
      TextureU +00000.000000,-00001.000000,+00000.000000
      TextureV -00001.000000,+00000.000000,+00000.000000
      Vertex   -00028.000488,-00118.000488,-00045.000000
      Vertex   -00028.000488,-00054.000000,-00045.000000
      Vertex   +00019.999512,-00054.000000,-00045.000000
      Vertex   +00019.999512,-00118.000488,-00045.000000
   End Polygon
   Begin Polygon Item=2DLoftTOP Texture=ClenCommPanel_F Flags=1073741824 Link=2
      Origin   +00002.000000,-00054.000000,+00023.000000
      Normal   -00000.000000,+00001.000000,+00000.000000
      Pan      U=4 V=37
      TextureU -00000.371391,-00000.000000,-00000.928477
      TextureV -00000.928477,-00000.000000,+00000.371391
      Vertex   +00006.000000,-00054.000000,+00017.000000
      Vertex   +00007.833496,-00054.000000,+00020.666626
      Vertex   +00017.000000,-00054.000000,+00017.000000
   End Polygon
   Begin Polygon Item=OUTSIDE Texture=ClenCmandWall_J Flags=1073741824 Link=3
      Origin   -00028.000000,+00078.000000,-00001.000000
      Normal   +00000.000000,+00000.000000,+00001.000000
      TextureU -00001.000000,-00000.000000,+00000.000000
      TextureV -00000.000000,+00001.000000,+00000.000000
      Vertex   -00030.000000,+00078.000000,-00001.000000
      Vertex   -00030.000000,+00050.000000,-00001.000000
      Vertex   -00026.000000,+00050.000000,-00001.000000
      Vertex   -00026.000000,+00078.000000,-00001.000000
   End Polygon
   Begin Polygon Item=OUTSIDE Texture=ClenMetlAcnt_A Flags=1073741824 Link=4
      Origin   +00018.000000,+00040.000000,+00019.000000
      Normal   +00000.000000,-00001.000000,+00000.000000
      TextureU +00000.382683,+00000.000000,+00000.923880
      TextureV -00000.707107,+00000.000000,+00000.707107
      Vertex   -00014.000000,+00040.000000,+00023.000000
      Vertex   -00016.000000,+00040.000000,+00019.000000
      Vertex   +00018.000000,+00040.000000,+00019.000000
      Vertex   +00014.000000,+00040.000000,+00023.000000
   End Polygon
   Begin Polygon Item=2DLoftTOP Texture=DamgBlueGrte_A Flags=1073741824 Link=5
      Origin   +00002.000000,-00050.000000,+00011.000000
      Normal   +00000.000000,-00001.000000,+00000.000000
      Pan      U=61 V=-42
      TextureU -00000.894427,-00000.000000,+00000.447214
      TextureV -00000.447214,+00000.000001,-00000.894427
      Vertex   +00002.000000,-00050.000000,+00015.000000
      Vertex   +00002.000000,-00050.000000,+00011.000000
      Vertex   +00006.000000,-00050.000000,+00019.000000
   End Polygon
   Begin Polygon Item=2DLoftSIDE Texture=Galvanzd Flags=1073741824 Link=6
      Origin   -05194.000000,+01995.000000,+00017.000000
      Normal   +00000.000000,+00000.000000,+00001.000000
      TextureU +00000.000000,-00001.000000,+00000.000000
      TextureV +00001.000000,+00000.000000,+00000.000000
      Vertex   +00010.000000,-00050.000000,+00017.000000
      Vertex   +00006.000000,-00050.000000,+00017.000000
      Vertex   +00006.000000,-00054.000000,+00017.000000
      Vertex   +00010.000000,-00054.000000,+00017.000000
   End Polygon
   Begin Polygon Item=2DLoftSIDE Texture=Galvanzd Flags=1073741824 Link=7
      Origin   -01018.999023,+01995.000000,+02058.998047
      Normal   -00000.894427,-00000.000000,-00000.447214
      TextureU +00000.000000,-00001.000000,+00000.000000
      TextureV +00000.447214,+00000.000000,-00000.894427
      Vertex   +00004.000000,-00054.000000,+00013.000000
      Vertex   +00004.000000,-00050.000000,+00013.000000
      Vertex   +00006.000000,-00050.000000,+00009.000000
      Vertex   +00006.000000,-00054.000000,+00009.000000
   End Polygon
   Begin Polygon Item=2DLoftSIDE Texture=Galvanzd Flags=1073741824 Link=8
      Origin   +01027.001465,+01994.986084,+02059.002686
      Normal   -00000.894427,-00000.000000,+00000.447214
      TextureU +00000.000000,-00001.000000,+00000.000000
      TextureV -00000.447214,+00000.000001,-00000.894427
      Vertex   +00006.000000,-00050.000000,+00017.000000
      Vertex   +00004.000000,-00050.000000,+00013.000000
      Vertex   +00004.000000,-00054.000000,+00013.000000
      Vertex   +00006.000000,-00054.000000,+00017.000000
   End Polygon
   Begin Polygon Item=2DLoftSIDE Texture=Galvanzd Flags=1073741824 Link=9
      Origin   -01010.999023,+01995.000000,+02058.998047
      Normal   +00000.894427,+00000.000000,+00000.447214
      TextureU -00000.000000,+00001.000000,+00000.000000
      TextureV +00000.447214,+00000.000000,-00000.894427
      Vertex   +00012.000000,-00050.000000,+00013.000000
      Vertex   +00010.000000,-00050.000000,+00017.000000
      Vertex   +00010.000000,-00054.000000,+00017.000000
      Vertex   +00012.000000,-00054.000000,+00013.000000
   End Polygon
   Begin Polygon Item=2DLoftSIDE Texture=Galvanzd Flags=1073741824 Link=10
      Origin   +01035.001465,+01994.986084,+02059.002686
      Normal   +00000.894427,+00000.000000,-00000.447214
      TextureU -00000.000000,+00001.000000,+00000.000000
      TextureV -00000.447214,+00000.000001,-00000.894427
      Vertex   +00012.000000,-00050.000000,+00013.000000
      Vertex   +00012.000000,-00054.000000,+00013.000000
      Vertex   +00010.000000,-00054.000000,+00009.000000
      Vertex   +00010.000000,-00050.000000,+00009.000000
   End Polygon
   Begin Polygon Item=2DLoftSIDE Texture=Galvanzd Flags=1073741824 Link=11
      Origin   -05194.000000,+01995.000000,+00009.000000
      Normal   +00000.000000,+00000.000000,-00001.000000
      TextureU +00000.000000,-00001.000000,+00000.000000
      TextureV +00001.000000,+00000.000000,+00000.000000
      Vertex   +00006.000000,-00050.000000,+00009.000000
      Vertex   +00010.000000,-00050.000000,+00009.000000
      Vertex   +00010.000000,-00054.000000,+00009.000000
      Vertex   +00006.000000,-00054.000000,+00009.000000
   End Polygon
   Begin Polygon Item=2DLoftSIDE Texture=DamgBlueGrte_A Flags=1073741824 Link=12
      Origin   +00014.000000,-00050.000000,+00015.000000
      Normal   +00001.000000,+00000.000000,+00000.000000
      Pan      U=61 V=-42
      TextureU -00000.000000,+00001.000000,+00000.000000
      TextureV +00000.000000,+00000.000000,+00001.000000
      Vertex   +00014.000000,-00050.000000,+00015.000000
      Vertex   +00014.000000,-00050.000000,+00011.000000
      Vertex   +00014.000000,-00044.000000,+00011.000000
      Vertex   +00014.000000,-00044.000000,+00015.000000
   End Polygon
   Begin Polygon Item=2DLoftEND Texture=DamgBlueGrte_A Flags=1073741824 Link=13
      Origin   +00002.000000,-00044.000000,+00015.000000
      Normal   -00000.000000,+00001.000000,+00000.000000
      Pan      U=61 V=-42
      TextureU +00002.828427,+00000.000000,-00002.828427
      TextureV -00002.828427,-00000.000000,-00002.828427
      Vertex   +00006.000000,-00044.000000,+00007.000000
      Vertex   +00002.000000,-00044.000000,+00011.000000
      Vertex   +00002.000000,-00044.000000,+00015.000000
      Vertex   +00006.000000,-00044.000000,+00019.000000
      Vertex   +00010.000000,-00044.000000,+00019.000000
      Vertex   +00014.000000,-00044.000000,+00015.000000
      Vertex   +00014.000000,-00044.000000,+00011.000000
      Vertex   +00010.000000,-00044.000000,+00007.000000
   End Polygon
   Begin Polygon Item=2DLoftSIDE Texture=DamgBlueGrte_A Flags=1073741824 Link=14
      Origin   +00002.000000,-00050.000000,+00015.000000
      Normal   -00000.707107,+00000.000000,+00000.707107
      Pan      U=61 V=-42
      TextureU -00000.000000,+00001.000000,+00000.000000
      TextureV -00000.707107,-00000.000000,-00000.707107
      Vertex   +00002.000000,-00050.000000,+00015.000000
      Vertex   +00006.000000,-00050.000000,+00019.000000
      Vertex   +00006.000000,-00044.000000,+00019.000000
      Vertex   +00002.000000,-00044.000000,+00015.000000
   End Polygon
   Begin Polygon Item=2DLoftSIDE Texture=DamgBlueGrte_A Flags=1073741824 Link=15
      Origin   +00002.000000,-00050.000000,+00011.000000
      Normal   -00001.000000,-00000.000000,+00000.000000
      Pan      U=61 V=-42
      TextureU -00000.000000,+00001.000000,+00000.000000
      TextureV +00000.000000,+00000.000000,-00001.000000
      Vertex   +00002.000000,-00050.000000,+00011.000000
      Vertex   +00002.000000,-00050.000000,+00015.000000
      Vertex   +00002.000000,-00044.000000,+00015.000000
      Vertex   +00002.000000,-00044.000000,+00011.000000
   End Polygon
   Begin Polygon Item=2DLoftSIDE Texture=DamgBlueGrte_A Flags=1073741824 Link=16
      Origin   +00010.000000,-00050.000000,+00019.000000
      Normal   +00000.707107,-00000.000000,+00000.707107
      Pan      U=61 V=-42
      TextureU -00000.000000,+00001.000000,+00000.000000
      TextureV -00000.707107,+00000.000000,+00000.707107
      Vertex   +00010.000000,-00050.000000,+00019.000000
      Vertex   +00014.000000,-00050.000000,+00015.000000
      Vertex   +00014.000000,-00044.000000,+00015.000000
      Vertex   +00010.000000,-00044.000000,+00019.000000
   End Polygon
   Begin Polygon Item=2DLoftSIDE Texture=DamgBlueGrte_A Flags=1073741824 Link=17
      Origin   +00014.000000,-00050.000000,+00011.000000
      Normal   +00000.707107,+00000.000000,-00000.707107
      Pan      U=61 V=-42
      TextureU -00000.000000,+00001.000000,+00000.000000
      TextureV +00000.707107,-00000.000000,+00000.707107
      Vertex   +00014.000000,-00050.000000,+00011.000000
      Vertex   +00010.000000,-00050.000000,+00007.000000
      Vertex   +00010.000000,-00044.000000,+00007.000000
      Vertex   +00014.000000,-00044.000000,+00011.000000
   End Polygon
   Begin Polygon Item=2DLoftSIDE Texture=DamgBlueGrte_A Flags=1073741824 Link=18
      Origin   +00006.000000,-00050.000000,+00007.000000
      Normal   -00000.707107,-00000.000000,-00000.707107
      Pan      U=61 V=-42
      TextureU -00000.000000,+00001.000000,+00000.000000
      TextureV +00000.707107,+00000.000000,-00000.707107
      Vertex   +00006.000000,-00050.000000,+00007.000000
      Vertex   +00002.000000,-00050.000000,+00011.000000
      Vertex   +00002.000000,-00044.000000,+00011.000000
      Vertex   +00006.000000,-00044.000000,+00007.000000
   End Polygon
   Begin Polygon Item=2DLoftSIDE Texture=DamgBlueGrte_A Flags=1073741824 Link=19
      Origin   +00010.000000,-00050.000000,+00007.000000
      Normal   +00000.000000,+00000.000000,-00001.000000
      Pan      U=61 V=-42
      TextureU -00000.000000,+00001.000000,+00000.000000
      TextureV +00001.000000,+00000.000000,+00000.000000
      Vertex   +00010.000000,-00050.000000,+00007.000000
      Vertex   +00006.000000,-00050.000000,+00007.000000
      Vertex   +00006.000000,-00044.000000,+00007.000000
      Vertex   +00010.000000,-00044.000000,+00007.000000
   End Polygon
   Begin Polygon Item=2DLoftSIDE Texture=DamgBlueGrte_A Flags=1073741824 Link=20
      Origin   +00006.000000,-00050.000000,+00019.000000
      Normal   +00000.000000,+00000.000000,+00001.000000
      Pan      U=61 V=-42
      TextureU -00000.000000,+00001.000000,+00000.000000
      TextureV -00001.000000,-00000.000000,+00000.000000
      Vertex   +00006.000000,-00050.000000,+00019.000000
      Vertex   +00010.000000,-00050.000000,+00019.000000
      Vertex   +00010.000000,-00044.000000,+00019.000000
      Vertex   +00006.000000,-00044.000000,+00019.000000
   End Polygon
   Begin Polygon Item=2DLoftTOP Texture=DamgBlueGrte_A Flags=1073741824 Link=5
      Origin   +00002.000000,-00050.000000,+00011.000000
      Normal   +00000.000000,-00001.000000,+00000.000000
      Pan      U=61 V=-42
      TextureU -00000.894427,-00000.000000,+00000.447214
      TextureV -00000.447214,+00000.000001,-00000.894427
      Vertex   +00006.399902,-00050.000000,+00017.799805
      Vertex   +00006.000000,-00050.000000,+00019.000000
      Vertex   +00006.000000,-00050.000000,+00017.000000
      Vertex   +00006.666504,-00050.000000,+00017.000000
   End Polygon
   Begin Polygon Item=2DLoftTOP Texture=DamgBlueGrte_A Flags=1073741824 Link=5
      Origin   +00002.000000,-00050.000000,+00011.000000
      Normal   +00000.000000,-00001.000000,+00000.000000
      Pan      U=61 V=-42
      TextureU -00000.894427,-00000.000000,+00000.447214
      TextureV -00000.447214,+00000.000001,-00000.894427
      Vertex   +00014.000000,-00050.000000,+00011.000000
      Vertex   +00014.000000,-00050.000000,+00015.000000
      Vertex   +00010.000000,-00050.000000,+00007.000000
   End Polygon
   Begin Polygon Item=2DLoftTOP Texture=DamgBlueGrte_A Flags=1073741824 Link=5
      Origin   +00002.000000,-00050.000000,+00011.000000
      Normal   +00000.000000,-00001.000000,+00000.000000
      Pan      U=61 V=-42
      TextureU -00000.894427,-00000.000000,+00000.447214
      TextureV -00000.447214,+00000.000001,-00000.894427
      Vertex   +00010.000000,-00050.000000,+00019.000000
      Vertex   +00010.000000,-00050.000000,+00017.000000
      Vertex   +00012.500000,-00050.000000,+00012.000000
      Vertex   +00014.000000,-00050.000000,+00015.000000
   End Polygon
   Begin Polygon Item=2DLoftTOP Texture=DamgBlueGrte_A Flags=1073741824 Link=5
      Origin   +00002.000000,-00050.000000,+00011.000000
      Normal   +00000.000000,-00001.000000,+00000.000000
      Pan      U=61 V=-42
      TextureU -00000.894427,-00000.000000,+00000.447214
      TextureV -00000.447214,+00000.000001,-00000.894427
      Vertex   +00010.000000,-00050.000000,+00007.000000
      Vertex   +00012.500000,-00050.000000,+00012.000000
      Vertex   +00012.000000,-00050.000000,+00013.000000
      Vertex   +00010.000000,-00050.000000,+00009.000000
      Vertex   +00009.600098,-00050.000000,+00008.199707
      Vertex   +00009.000000,-00050.000000,+00007.000000
   End Polygon
   Begin Polygon Item=2DLoftTOP Texture=DamgBlueGrte_A Flags=1073741824 Link=5
      Origin   +00002.000000,-00050.000000,+00011.000000
      Normal   +00000.000000,-00001.000000,+00000.000000
      Pan      U=61 V=-42
      TextureU -00000.894427,-00000.000000,+00000.447214
      TextureV -00000.447214,+00000.000001,-00000.894427
      Vertex   +00006.000000,-00050.000000,+00019.000000
      Vertex   +00006.399902,-00050.000000,+00017.799805
      Vertex   +00006.666504,-00050.000000,+00017.000000
      Vertex   +00010.000000,-00050.000000,+00017.000000
      Vertex   +00010.000000,-00050.000000,+00019.000000
   End Polygon
   Begin Polygon Item=2DLoftTOP Texture=DamgBlueGrte_A Flags=1073741824 Link=5
      Origin   +00002.000000,-00050.000000,+00011.000000
      Normal   +00000.000000,-00001.000000,+00000.000000
      Pan      U=61 V=-42
      TextureU -00000.894427,-00000.000000,+00000.447214
      TextureV -00000.447214,+00000.000001,-00000.894427
      Vertex   +00003.500000,-00050.000000,+00014.000000
      Vertex   +00002.000000,-00050.000000,+00011.000000
      Vertex   +00006.000000,-00050.000000,+00007.000000
      Vertex   +00006.000000,-00050.000000,+00009.000000
   End Polygon
   Begin Polygon Item=2DLoftTOP Texture=DamgBlueGrte_A Flags=1073741824 Link=5
      Origin   +00002.000000,-00050.000000,+00011.000000
      Normal   +00000.000000,-00001.000000,+00000.000000
      Pan      U=61 V=-42
      TextureU -00000.894427,-00000.000000,+00000.447214
      TextureV -00000.447214,+00000.000001,-00000.894427
      Vertex   +00004.000000,-00050.000000,+00013.000000
      Vertex   +00006.000000,-00050.000000,+00017.000000
      Vertex   +00006.000000,-00050.000000,+00019.000000
      Vertex   +00003.500000,-00050.000000,+00014.000000
   End Polygon
   Begin Polygon Item=2DLoftTOP Texture=DamgBlueGrte_A Flags=1073741824 Link=5
      Origin   +00002.000000,-00050.000000,+00011.000000
      Normal   +00000.000000,-00001.000000,+00000.000000
      Pan      U=61 V=-42
      TextureU -00000.894427,-00000.000000,+00000.447214
      TextureV -00000.447214,+00000.000001,-00000.894427
      Vertex   +00006.000000,-00050.000000,+00009.000000
      Vertex   +00006.000000,-00050.000000,+00007.000000
      Vertex   +00009.000000,-00050.000000,+00007.000000
      Vertex   +00009.600098,-00050.000000,+00008.199707
      Vertex   +00010.000000,-00050.000000,+00009.000000
   End Polygon
   Begin Polygon Item=OUTSIDE Texture=ClenCmandWall_J Flags=1073741824 Link=29
      Origin   -00030.000000,+00088.000000,-00009.000000
      Normal   +00000.894427,+00000.000000,-00000.447214
      TextureU +00000.000000,-00001.000000,+00000.000000
      TextureV -00000.447214,+00000.000001,-00000.894427
      Vertex   -00016.000000,+00048.000000,+00019.000000
      Vertex   -00016.000000,+00040.000000,+00019.000000
      Vertex   -00028.000488,+00040.000000,-00005.000977
      Vertex   -00028.000000,+00048.000000,-00005.000000
   End Polygon
   Begin Polygon Item=OUTSIDE Texture=ClenUtilVSide_C Flags=1073741824 Link=30
      Origin   -00028.000488,+00121.999390,+00003.000000
      Normal   +00000.000000,+00000.000000,+00001.000000
      TextureU +00002.000000,+00000.000000,+00000.000000
      TextureV -00000.000000,+00002.000000,+00000.000000
      Vertex   -00016.000488,+00121.999390,+00003.000000
      Vertex   -00016.000488,+00057.999390,+00003.000000
      Vertex   +00035.999512,+00057.999390,+00003.000000
      Vertex   +00035.999512,+00121.999390,+00003.000000
   End Polygon
   Begin Polygon Item=OUTSIDE Texture=ClenUtilVSide_C Flags=1073741824 Link=31
      Origin   -00014.000000,+00088.000000,+00023.000000
      Normal   +00000.000000,+00000.000000,+00001.000000
      TextureU -00000.923880,-00000.382683,+00000.000000
      TextureV +00000.000000,-00001.000000,+00000.000000
      Vertex   -00014.000000,+00088.000000,+00023.000000
      Vertex   -00014.000000,+00040.000000,+00023.000000
      Vertex   +00014.000000,+00040.000000,+00023.000000
      Vertex   +00014.000000,+00088.000000,+00023.000000
   End Polygon
   Begin Polygon Item=OUTSIDE Texture=ClenMetlAcnt_A Flags=1073741824 Link=32
      Origin   +00018.000000,+00088.000000,+00019.000000
      Normal   +00000.000000,+00000.000000,-00001.000000
      TextureU +00000.923879,-00000.382684,+00000.000000
      TextureV +00000.000000,-00001.000000,+00000.000000
      Vertex   -00016.000000,+00040.000000,+00019.000000
      Vertex   -00016.000000,+00088.000000,+00019.000000
      Vertex   +00018.000000,+00088.000000,+00019.000000
      Vertex   +00018.000000,+00040.000000,+00019.000000
   End Polygon
   Begin Polygon Item=OUTSIDE Texture=ClenMetlAcnt_A Flags=1073741824 Link=33
      Origin   -00014.000000,+00088.000000,+00019.000000
      Normal   -00000.000000,+00001.000000,+00000.000000
      TextureU +00000.447214,+00000.000000,+00000.894427
      TextureV +00000.948683,-00000.000000,+00000.316228
      Vertex   -00016.000000,+00088.000000,+00019.000000
      Vertex   -00014.000000,+00088.000000,+00023.000000
      Vertex   +00014.000000,+00088.000000,+00023.000000
      Vertex   +00018.000000,+00088.000000,+00019.000000
   End Polygon
   Begin Polygon Item=OUTSIDE Texture=ClenCmandWall_J Flags=1073741824 Link=34
      Origin   +00018.000000,+00088.000000,+00019.000000
      Normal   +00000.707107,-00000.000000,+00000.707107
      TextureU -00000.270598,+00000.923879,+00000.270598
      TextureV -00000.707107,+00000.000000,+00000.707107
      Vertex   +00014.000000,+00040.000000,+00023.000000
      Vertex   +00018.000000,+00040.000000,+00019.000000
      Vertex   +00018.000000,+00088.000000,+00019.000000
      Vertex   +00014.000000,+00088.000000,+00023.000000
   End Polygon
   Begin Polygon Item=OUTSIDE Texture=ClenUtilVSide_C Flags=1073741824 Link=35
      Origin   +00019.999512,+00057.999390,-00013.000000
      Normal   +00000.000000,-00001.000000,+00000.000000
      TextureU -00002.000000,-00000.000000,+00000.000000
      TextureV +00000.000000,+00000.000000,-00002.000000
      Vertex   -00016.000488,+00057.999390,+00003.000000
      Vertex   -00019.000488,+00057.999390,-00001.000000
      Vertex   +00035.999512,+00057.999390,-00001.000000
      Vertex   +00035.999512,+00057.999390,+00003.000000
   End Polygon
   Begin Polygon Item=OUTSIDE Texture=ClenUtilVSide_C Flags=1073741824 Link=36
      Origin   -00028.000488,+00121.999512,-00013.000000
      Normal   -00000.000000,+00001.000000,+00000.000000
      TextureU +00001.600000,+00000.000000,-00001.200000
      TextureV -00001.200000,-00000.000000,-00001.600000
      Vertex   -00016.000488,+00121.999390,+00003.000000
      Vertex   +00035.999512,+00121.999390,+00003.000000
      Vertex   +00035.999512,+00121.999512,-00013.000000
      Vertex   -00028.000488,+00121.999512,-00013.000000
   End Polygon
   Begin Polygon Item=OUTSIDE Texture=ClenUtilVSide_A Flags=1073741824 Link=37
      Origin   -00028.000488,+00057.999512,-00013.000000
      Normal   -00000.800000,-00000.000000,+00000.600000
      Pan      U=-92 V=313
      TextureU -00001.714286,-00000.000000,-00002.285714
      TextureV +00000.000000,-00002.857143,+00000.000000
      Vertex   -00016.000488,+00057.999390,+00003.000000
      Vertex   -00016.000488,+00121.999390,+00003.000000
      Vertex   -00028.000488,+00121.999512,-00013.000000
      Vertex   -00028.000488,+00057.999512,-00013.000000
   End Polygon
   Begin Polygon Item=OUTSIDE Texture=ClenUtilVSide_C Flags=1073741824 Link=38
      Origin   +00035.999512,+00121.999512,-00013.000000
      Normal   +00001.000000,+00000.000000,+00000.000000
      TextureU +00000.000000,-00002.000000,+00000.000000
      TextureV +00000.000000,+00000.000000,-00002.000000
      Vertex   +00035.999512,+00121.999390,+00003.000000
      Vertex   +00035.999512,+00057.999390,+00003.000000
      Vertex   +00035.999512,+00057.999512,-00013.000000
      Vertex   +00035.999512,+00121.999512,-00013.000000
   End Polygon
   Begin Polygon Item=OUTSIDE Texture=ClenUtilVSide_C Flags=1073741824 Link=39
      Origin   -00034.000000,+00040.000000,-00009.000000
      Normal   -00000.894427,-00000.000000,+00000.447214
      TextureU -00000.000000,+00001.000000,+00000.000000
      TextureV -00000.447214,+00000.000001,-00000.894427
      Vertex   -00020.000000,+00040.000000,+00019.000000
      Vertex   -00018.000000,+00040.000000,+00023.000000
      Vertex   -00018.000000,+00088.000000,+00023.000000
      Vertex   -00020.000000,+00088.000000,+00019.000000
   End Polygon
   Begin Polygon Item=OUTSIDE Texture=ClenMetlAcnt_A Flags=1073741824 Link=40
      Origin   -00034.000000,+00088.000000,-00009.000000
      Normal   -00000.000000,+00001.000000,+00000.000000
      TextureU +00000.894427,+00000.000000,-00000.447214
      TextureV -00000.447214,+00000.000001,-00000.894427
      Vertex   -00018.000000,+00088.000000,+00023.000000
      Vertex   -00014.000000,+00088.000000,+00023.000000
      Vertex   -00030.000000,+00088.000000,-00009.000000
      Vertex   -00034.000000,+00088.000000,-00009.000000
   End Polygon
   Begin Polygon Item=OUTSIDE Texture=ClenCmandWall_J Flags=1073741824 Link=41
      Origin   -00032.000000,+00078.000000,+00015.000000
      Normal   +00000.000000,+00000.000000,-00001.000000
      TextureU +00001.000000,+00000.000000,+00000.000000
      TextureV -00000.000000,+00001.000000,+00000.000000
      Vertex   -00018.000000,+00078.000000,+00015.000000
      Vertex   -00018.000000,+00050.000000,+00015.000000
      Vertex   -00022.000000,+00050.000000,+00015.000000
      Vertex   -00022.000000,+00078.000000,+00015.000000
   End Polygon
   Begin Polygon Item=OUTSIDE Texture=ClenCmandWall_J Flags=1073741824 Link=42
      Origin   -00028.000000,+00050.000000,-00005.000000
      Normal   -00000.000000,+00001.000000,+00000.000000
      TextureU -00000.894427,-00000.000000,+00000.447214
      TextureV -00000.447214,+00000.000001,-00000.894427
      Vertex   -00022.000000,+00050.000000,+00015.000000
      Vertex   -00018.000000,+00050.000000,+00015.000000
      Vertex   -00026.000000,+00050.000000,-00001.000000
      Vertex   -00030.000000,+00050.000000,-00001.000000
   End Polygon
   Begin Polygon Item=OUTSIDE Texture=ClenCmandWall_J Flags=1073741824 Link=43
      Origin   -00032.000000,+00078.000000,-00005.000000
      Normal   +00000.000000,-00001.000000,+00000.000000
      TextureU +00000.894427,+00000.000000,-00000.447214
      TextureV -00000.447214,+00000.000001,-00000.894427
      Vertex   -00018.000000,+00078.000000,+00015.000000
      Vertex   -00022.000000,+00078.000000,+00015.000000
      Vertex   -00030.000000,+00078.000000,-00001.000000
      Vertex   -00026.000000,+00078.000000,-00001.000000
   End Polygon
   Begin Polygon Texture=WindOpacStrek_B Flags=1074266380 Link=44
      Origin   -00028.000000,+00078.000000,-00001.000000
      Normal   +00000.894427,+00000.000000,-00000.447214
      TextureU +00000.000000,-00001.571430,+00000.000000
      TextureV -00000.447214,+00000.000001,-00000.894427
      Vertex   -00020.000000,+00078.000000,+00015.000000
      Vertex   -00020.000000,+00050.000000,+00015.000000
      Vertex   -00028.000000,+00050.000000,-00001.000000
      Vertex   -00028.000000,+00078.000000,-00001.000000
   End Polygon
   Begin Polygon Item=OUTSIDE Texture=ClenUtilVSide_C Flags=1073741824 Link=45
      Origin   -00034.000000,+00088.000000,+00023.000000
      Normal   +00000.000000,+00000.000000,+00001.000000
      TextureU +00001.000000,+00000.000000,+00000.000000
      TextureV -00000.000000,+00001.000000,+00000.000000
      Vertex   -00018.000000,+00040.000000,+00023.000000
      Vertex   -00014.000000,+00040.000000,+00023.000000
      Vertex   -00014.000000,+00088.000000,+00023.000000
      Vertex   -00018.000000,+00088.000000,+00023.000000
   End Polygon
   Begin Polygon Item=OUTSIDE Texture=ClenUtilVSide_C Flags=1073741824 Link=39
      Origin   -00034.000000,+00040.000000,-00009.000000
      Normal   -00000.894427,-00000.000000,+00000.447214
      TextureU -00000.000000,+00001.000000,+00000.000000
      TextureV -00000.447214,+00000.000001,-00000.894427
      Vertex   -00020.000000,+00040.000000,+00019.000000
      Vertex   -00020.000000,+00048.000000,+00019.000000
      Vertex   -00032.000000,+00048.000000,-00005.000000
      Vertex   -00032.000000,+00040.000000,-00005.000000
   End Polygon
   Begin Polygon Item=OUTSIDE Texture=ClenCmandWall_J Flags=1073741824 Link=47
      Origin   -00032.000000,+00048.000000,-00005.000000
      Normal   -00000.894427,-00000.000000,+00000.447214
      TextureU -00000.000000,+00001.000000,+00000.000000
      TextureV -00000.447214,+00000.000001,-00000.894427
      Vertex   -00022.000000,+00078.000000,+00015.000000
      Vertex   -00022.000000,+00048.000000,+00015.000000
      Vertex   -00020.000000,+00048.000000,+00019.000000
      Vertex   -00020.000000,+00077.999512,+00019.000000
   End Polygon
   Begin Polygon Item=OUTSIDE Texture=ClenCmandWall_J Flags=1073741824 Link=47
      Origin   -00032.000000,+00048.000000,-00005.000000
      Normal   -00000.894427,-00000.000000,+00000.447214
      TextureU -00000.000000,+00001.000000,+00000.000000
      TextureV -00000.447214,+00000.000001,-00000.894427
      Vertex   -00022.000000,+00048.000000,+00015.000000
      Vertex   -00022.000000,+00050.000000,+00015.000000
      Vertex   -00030.000000,+00050.000000,-00001.000000
      Vertex   -00030.000000,+00048.000000,-00001.000000
   End Polygon
   Begin Polygon Item=OUTSIDE Texture=ClenUtilVSide_C Flags=1073741824 Link=39
      Origin   -00034.000000,+00040.000000,-00009.000000
      Normal   -00000.894427,-00000.000000,+00000.447214
      TextureU -00000.000000,+00001.000000,+00000.000000
      TextureV -00000.447214,+00000.000001,-00000.894427
      Vertex   -00020.000000,+00080.000000,+00019.000000
      Vertex   -00020.000000,+00088.000000,+00019.000000
      Vertex   -00032.000000,+00088.000000,-00005.000000
      Vertex   -00032.000000,+00080.000000,-00005.000000
   End Polygon
   Begin Polygon Item=OUTSIDE Texture=ClenCmandWall_J Flags=1073741824 Link=47
      Origin   -00032.000000,+00048.000000,-00005.000000
      Normal   -00000.894427,-00000.000000,+00000.447214
      TextureU -00000.000000,+00001.000000,+00000.000000
      TextureV -00000.447214,+00000.000001,-00000.894427
      Vertex   -00020.000000,+00077.999512,+00019.000000
      Vertex   -00020.000000,+00080.000000,+00019.000000
      Vertex   -00030.000000,+00080.000000,-00001.000000
      Vertex   -00030.000000,+00078.000000,-00001.000000
   End Polygon
   Begin Polygon Item=OUTSIDE Texture=ClenCmandWall_J Flags=1073741824 Link=51
      Origin   -00028.000000,+00080.000000,-00005.000000
      Normal   +00000.894427,+00000.000000,-00000.447214
      TextureU +00000.000000,-00001.000000,+00000.000000
      TextureV -00000.447214,+00000.000001,-00000.894427
      Vertex   -00018.000000,+00078.000000,+00015.000000
      Vertex   -00016.000000,+00077.999512,+00019.000000
      Vertex   -00016.000000,+00048.000000,+00019.000000
      Vertex   -00018.000000,+00048.000000,+00015.000000
   End Polygon
   Begin Polygon Item=OUTSIDE Texture=ClenCmandWall_J Flags=1073741824 Link=51
      Origin   -00028.000000,+00080.000000,-00005.000000
      Normal   +00000.894427,+00000.000000,-00000.447214
      TextureU +00000.000000,-00001.000000,+00000.000000
      TextureV -00000.447214,+00000.000001,-00000.894427
      Vertex   -00018.000000,+00050.000000,+00015.000000
      Vertex   -00018.000000,+00048.000000,+00015.000000
      Vertex   -00026.000000,+00048.000000,-00001.000000
      Vertex   -00026.000000,+00050.000000,-00001.000000
   End Polygon
   Begin Polygon Item=OUTSIDE Texture=ClenCmandWall_J Flags=1073741824 Link=29
      Origin   -00030.000000,+00088.000000,-00009.000000
      Normal   +00000.894427,+00000.000000,-00000.447214
      TextureU +00000.000000,-00001.000000,+00000.000000
      TextureV -00000.447214,+00000.000001,-00000.894427
      Vertex   -00016.000000,+00088.000000,+00019.000000
      Vertex   -00016.000000,+00080.000000,+00019.000000
      Vertex   -00028.000000,+00080.000000,-00005.000000
      Vertex   -00028.000488,+00088.000000,-00005.000977
   End Polygon
   Begin Polygon Item=OUTSIDE Texture=ClenCmandWall_J Flags=1073741824 Link=51
      Origin   -00028.000000,+00080.000000,-00005.000000
      Normal   +00000.894427,+00000.000000,-00000.447214
      TextureU +00000.000000,-00001.000000,+00000.000000
      TextureV -00000.447214,+00000.000001,-00000.894427
      Vertex   -00016.000000,+00080.000000,+00019.000000
      Vertex   -00016.000000,+00077.999512,+00019.000000
      Vertex   -00026.000000,+00078.000000,-00001.000000
      Vertex   -00026.000000,+00080.000000,-00001.000000
   End Polygon
   Begin Polygon Item=OUTSIDE Texture=ClenCmandWall_J Flags=1073741824 Link=55
      Origin   -00030.000000,+00040.000000,-00009.000000
      Normal   +00000.000000,-00001.000000,+00000.000000
      TextureU -00000.894427,-00000.000000,+00000.447214
      TextureV -00000.447214,+00000.000001,-00000.894427
      Vertex   -00014.000000,+00040.000000,+00023.000000
      Vertex   -00018.000000,+00040.000000,+00023.000000
      Vertex   -00034.000000,+00040.000000,-00009.000000
      Vertex   -00030.000000,+00040.000000,-00009.000000
   End Polygon
   Begin Polygon Item=OUTSIDE Texture=ClenUtilVSide_C Flags=1073741824 Link=56
      Origin   -00028.000488,+00057.999512,-00045.000000
      Normal   -00001.000000,-00000.000000,+00000.000000
      Pan      U=0 V=-70
      TextureU -00000.000000,+00001.000000,+00000.000000
      TextureV +00000.000000,+00000.000000,-00001.000000
      Vertex   -00028.000488,+00057.999512,-00045.000000
      Vertex   -00028.000000,+00057.999512,-00041.000000
      Vertex   -00028.000488,+00121.999512,-00041.000000
      Vertex   -00028.000488,+00121.999512,-00045.000000
   End Polygon
   Begin Polygon Item=OUTSIDE Texture=ClenCmandWall_J Flags=1073741824 Link=57
      Origin   -00030.000000,+00088.000000,-00041.000000
      Normal   +00000.000000,+00000.000000,-00001.000000
      TextureU -00001.000000,-00000.000000,+00000.000000
      TextureV -00000.000000,+00001.000000,+00000.000000
      Vertex   -00030.000000,+00088.000000,-00041.000000
      Vertex   -00030.000000,+00040.000000,-00041.000000
      Vertex   -00034.000000,+00040.000000,-00041.000000
      Vertex   -00034.000000,+00088.000000,-00041.000000
   End Polygon
   Begin Polygon Item=OUTSIDE Texture=ClenMetlAcnt_A Flags=1073741824 Link=58
      Origin   -00030.000000,+00040.000000,-00041.000000
      Normal   +00000.000000,-00001.000000,+00000.000000
      TextureU -00001.000000,-00000.000000,+00000.000000
      TextureV +00000.000000,+00000.000000,-00001.000000
      Vertex   -00034.000000,+00040.000000,-00041.000000
      Vertex   -00030.000000,+00040.000000,-00041.000000
      Vertex   -00030.000000,+00040.000000,-00009.000000
      Vertex   -00034.000000,+00040.000000,-00009.000000
   End Polygon
   Begin Polygon Item=OUTSIDE Texture=ClenMetlAcnt_A Flags=1073741824 Link=59
      Origin   -00034.000000,+00088.000000,-00041.000000
      Normal   -00000.000000,+00001.000000,+00000.000000
      TextureU +00001.000000,+00000.000000,+00000.000000
      TextureV +00000.000000,+00000.000000,-00001.000000
      Vertex   -00030.000000,+00088.000000,-00009.000000
      Vertex   -00030.000000,+00088.000000,-00041.000000
      Vertex   -00034.000000,+00088.000000,-00041.000000
      Vertex   -00034.000000,+00088.000000,-00009.000000
   End Polygon
   Begin Polygon Item=OUTSIDE Texture=ClenCmandWall_J Flags=1073741824 Link=60
      Origin   -00030.000000,+00088.000000,-00041.000000
      Normal   +00001.000000,+00000.000000,+00000.000000
      TextureU +00000.000000,-00001.000000,+00000.000000
      TextureV +00000.000000,+00000.000000,-00001.000000
      Vertex   -00030.000000,+00088.000000,-00009.000000
      Vertex   -00030.000000,+00040.000000,-00009.000000
      Vertex   -00030.000000,+00040.000000,-00041.000000
      Vertex   -00030.000000,+00088.000000,-00041.000000
   End Polygon
   Begin Polygon Item=OUTSIDE Texture=ClenCmandWall_J Flags=1073741824 Link=29
      Origin   -00030.000000,+00088.000000,-00009.000000
      Normal   +00000.894427,+00000.000000,-00000.447214
      TextureU +00000.000000,-00001.000000,+00000.000000
      TextureV -00000.447214,+00000.000001,-00000.894427
      Vertex   -00030.000000,+00088.000000,-00009.000000
      Vertex   -00028.000488,+00088.000000,-00005.000977
      Vertex   -00028.000000,+00080.000000,-00005.000000
      Vertex   -00028.000000,+00048.000000,-00005.000000
      Vertex   -00028.000488,+00040.000000,-00005.000977
      Vertex   -00030.000000,+00040.000000,-00009.000000
   End Polygon
   Begin Polygon Item=OUTSIDE Texture=ClenUtilVSide_C Flags=1073741824 Link=62
      Origin   -00034.000000,+00040.000000,-00041.000000
      Normal   -00001.000000,-00000.000000,+00000.000000
      TextureU -00000.000000,+00001.000000,+00000.000000
      TextureV +00000.000000,+00000.000000,-00001.000000
      Vertex   -00034.000000,+00088.000000,-00041.000000
      Vertex   -00034.000000,+00040.000000,-00041.000000
      Vertex   -00034.000000,+00040.000000,-00009.000000
      Vertex   -00034.000000,+00088.000000,-00009.000000
   End Polygon
   Begin Polygon Item=OUTSIDE Texture=ClenUtilVSide_C Flags=1073741824 Link=39
      Origin   -00034.000000,+00040.000000,-00009.000000
      Normal   -00000.894427,-00000.000000,+00000.447214
      TextureU -00000.000000,+00001.000000,+00000.000000
      TextureV -00000.447214,+00000.000001,-00000.894427
      Vertex   -00034.000000,+00040.000000,-00009.000000
      Vertex   -00032.000000,+00040.000000,-00005.000000
      Vertex   -00032.000000,+00088.000000,-00005.000000
      Vertex   -00034.000000,+00088.000000,-00009.000000
   End Polygon
   Begin Polygon Item=OUTSIDE Texture=ClenCmandWall_J Flags=1073741824 Link=47
      Origin   -00032.000000,+00048.000000,-00005.000000
      Normal   -00000.894427,-00000.000000,+00000.447214
      TextureU -00000.000000,+00001.000000,+00000.000000
      TextureV -00000.447214,+00000.000001,-00000.894427
      Vertex   -00032.000000,+00048.000000,-00005.000000
      Vertex   -00030.000000,+00048.000000,-00001.000000
      Vertex   -00030.000000,+00080.000000,-00001.000000
      Vertex   -00032.000000,+00080.000000,-00005.000000
   End Polygon
   Begin Polygon Item=OUTSIDE Texture=ClenMetlAcnt_A Flags=1073741824 Link=65
      Origin   -00028.000000,+00090.000000,-00013.000000
      Normal   +00000.000000,+00000.000000,+00001.000000
      TextureU +00001.000000,+00000.000000,+00000.000000
      TextureV -00000.000000,+00001.000000,+00000.000000
      Vertex   -00028.000488,+00057.999512,-00013.000000
      Vertex   -00028.000488,-00054.000488,-00013.000000
      Vertex   -00026.000000,-00054.000000,-00013.000000
      Vertex   -00026.000000,+00057.999390,-00013.000000
   End Polygon
   Begin Polygon Item=OUTSIDE Texture=ClenCmandWall_J Flags=1073741824 Link=51
      Origin   -00028.000000,+00080.000000,-00005.000000
      Normal   +00000.894427,+00000.000000,-00000.447214
      TextureU +00000.000000,-00001.000000,+00000.000000
      TextureV -00000.447214,+00000.000001,-00000.894427
      Vertex   -00028.000000,+00080.000000,-00005.000000
      Vertex   -00026.000000,+00080.000000,-00001.000000
      Vertex   -00026.000000,+00048.000000,-00001.000000
      Vertex   -00028.000000,+00048.000000,-00005.000000
   End Polygon
   Begin Polygon Item=OUTSIDE Texture=ClenUtilVSide_C Flags=1073741824 Link=35
      Origin   +00019.999512,+00057.999390,-00013.000000
      Normal   +00000.000000,-00001.000000,+00000.000000
      TextureU -00002.000000,-00000.000000,+00000.000000
      TextureV +00000.000000,+00000.000000,-00002.000000
      Vertex   -00012.000000,+00057.999512,-00013.000000
      Vertex   -00012.000000,+00058.000000,-00001.000000
      Vertex   -00019.000488,+00057.999390,-00001.000000
      Vertex   -00028.000488,+00057.999512,-00013.000000
   End Polygon
   Begin Polygon Item=2DLoftSIDE Texture=DrtyMetalWall_C Flags=1073741824 Link=68
      Origin   -00012.000000,+00058.000000,-00001.000000
      Normal   -00001.000000,-00000.000000,+00000.000000
      Pan      U=9 V=-23
      TextureU +00000.000000,-00001.000000,+00000.000000
      TextureV +00000.000000,+00000.000000,+00001.000000
      Vertex   -00012.000000,+00058.000000,-00001.000000
      Vertex   -00012.000000,+00058.000000,-00009.000000
      Vertex   -00012.000000,-00054.000000,-00009.000000
      Vertex   -00012.000000,-00054.000000,-00001.000000
   End Polygon
   Begin Polygon Item=2DLoftSIDE Texture=DrtyMetalWall_C Flags=1073741824 Link=69
      Origin   +00020.000000,+00058.000000,-00029.000000
      Normal   +00000.857493,-00000.000000,-00000.514496
      Pan      U=9 V=-23
      TextureU +00000.000000,-00001.000000,+00000.000000
      TextureV -00000.514496,+00000.000000,-00000.857493
      Vertex   +00032.000000,+00058.000000,-00009.000000
      Vertex   +00032.000000,-00054.000000,-00009.000000
      Vertex   +00020.000000,-00054.000000,-00029.000000
      Vertex   +00020.000000,+00058.000000,-00029.000000
   End Polygon
   Begin Polygon Item=2DLoftSIDE Texture=DrtyMetalWall_C Flags=1073741824 Link=70
      Origin   -00012.000000,+00058.000000,-00009.000000
      Normal   -00000.857493,-00000.000000,-00000.514496
      Pan      U=9 V=-23
      TextureU +00000.000000,-00001.000000,+00000.000000
      TextureV -00000.514496,-00000.000000,+00000.857493
      Vertex   -00012.000000,-00054.000000,-00009.000000
      Vertex   -00012.000000,+00058.000000,-00009.000000
      Vertex   -00000.000000,+00058.000000,-00029.000000
      Vertex   +00000.000000,-00054.000000,-00029.000000
