Begin PolyList
   Begin Polygon Item=OUTSIDE Flags=-1073741824 Link=0
      Origin   -00200.000000,-00064.000000,+00064.000000
      Normal   +00000.000000,+00000.000000,+00001.000000
      TextureU +00000.000000,+00001.000000,+00000.000000
      TextureV -00001.000000,+00000.000000,+00000.000000
      Vertex   +00048.000000,+00032.000000,+00064.000000
      Vertex   -00016.000000,+00032.000000,+00064.000000
      Vertex   -00016.000000,-00032.000000,+00064.000000
      Vertex   +00048.000000,-00032.000000,+00064.000000
   End Polygon
   Begin Polygon Item=OUTSIDE Flags=-1073741824 Link=0
      Origin   -00200.000000,-00064.000000,+00064.000000
      Normal   +00000.000000,+00000.000000,+00001.000000
      TextureU +00000.000000,+00001.000000,+00000.000000
      TextureV -00001.000000,+00000.000000,+00000.000000
      Vertex   +00128.000000,-00064.000000,+00064.000000
      Vertex   +00160.000000,-00064.000000,+00064.000000
      Vertex   +00160.000000,+00064.000000,+00064.000000
      Vertex   +00128.000000,+00064.000000,+00064.000000
   End Polygon
   Begin Polygon Item=OUTSIDE Flags=-1073741824 Link=0
      Origin   -00200.000000,-00064.000000,+00064.000000
      Normal   +00000.000000,+00000.000000,+00001.000000
      TextureU +00000.000000,+00001.000000,+00000.000000
      TextureV -00001.000000,+00000.000000,+00000.000000
      Vertex   -00128.000000,-00064.000000,+00064.000000
      Vertex   -00096.000000,-00064.000000,+00064.000000
      Vertex   -00096.000000,+00064.000000,+00064.000000
      Vertex   -00128.000000,+00064.000000,+00064.000000
   End Polygon
   Begin Polygon Item=OUTSIDE Texture=NSF_Concrete_A Flags=1082130432 Link=3
      Origin   +00128.000000,-00064.000000,-00464.000000
      Normal   +00000.000000,-00001.000000,+00000.000000
      TextureU -00001.000000,+00000.000000,+00000.000000
      TextureV +00000.000000,+00000.000000,+00001.000000
      Vertex   +00128.000000,-00064.000000,+00064.000000
      Vertex   +00128.000000,-00064.000000,+00056.000000
      Vertex   +00160.000000,-00064.000000,+00056.000000
      Vertex   +00160.000000,-00064.000000,+00064.000000
   End Polygon
   Begin Polygon Item=OUTSIDE Texture=NSF_Concrete_A Flags=1082130432 Link=4
      Origin   -00096.000000,-00064.000000,-00464.000000
      Normal   +00001.000000,+00000.000000,+00000.000000
      TextureU +00000.000000,-00001.000000,+00000.000000
      TextureV +00000.000000,+00000.000000,+00001.000000
      Vertex   -00096.000000,-00056.000000,+00032.000000
      Vertex   -00096.000000,+00056.000000,+00032.000000
      Vertex   -00096.000000,+00064.000000,+00056.000000
      Vertex   -00096.000000,-00064.000000,+00056.000000
   End Polygon
   Begin Polygon Item=OUTSIDE Texture=NSF_Concrete_A Flags=1082130432 Link=5
      Origin   +00128.000000,+00064.000000,-00464.000000
      Normal   -00001.000000,+00000.000000,+00000.000000
      TextureU +00000.000000,+00001.000000,-00000.000000
      TextureV +00000.000000,+00000.000000,+00001.000000
      Vertex   +00128.000000,+00055.999512,+00032.000000
      Vertex   +00128.000000,-00056.000488,+00032.000000
      Vertex   +00128.000000,-00064.000000,+00056.000000
      Vertex   +00128.000000,+00064.000000,+00056.000000
   End Polygon
   Begin Polygon Item=OUTSIDE Texture=NSF_Concrete_A Flags=1082130432 Link=6
      Origin   +01040.000000,+01792.000000,+00020.000000
      Normal   +00000.000000,+00000.000000,+00001.000000
      TextureU +00001.000000,+00000.000000,+00000.000000
      TextureV +00000.000000,-00001.000000,+00000.000000
      Vertex   +00064.000000,+00048.000000,+00020.000000
      Vertex   -00032.000000,+00048.000000,+00020.000000
      Vertex   -00032.000000,-00048.000000,+00020.000000
      Vertex   +00064.000000,-00048.000000,+00020.000000
   End Polygon
   Begin Polygon Item=OUTSIDE Texture=NSF_Concrete_A Flags=1082130464 Link=7
      Origin   +01040.000000,+01792.000000,+00024.000000
      Normal   +00000.000000,-00000.000000,-00001.000000
      TextureU +00001.000000,+00000.000000,+00000.000000
      TextureV +00000.000000,-00001.000000,+00000.000000
      Vertex   +00012.000000,+00004.000000,+00024.000000
      Vertex   +00020.000000,+00004.000000,+00024.000000
      Vertex   +00020.000000,-00004.000000,+00024.000000
      Vertex   +00012.000000,-00004.000000,+00024.000000
   End Polygon
   Begin Polygon Item=OUTSIDE Texture=NSF_Concrete_A Flags=1082130464 Link=8
      Origin   -00032.000000,-00048.000000,-00464.000000
      Normal   +00000.000000,-00001.000000,+00000.000000
      TextureU -00001.000000,+00000.000000,+00000.000000
      TextureV +00000.000000,+00000.000000,+00001.000000
      Vertex   -00032.000000,-00048.000000,+00024.000000
      Vertex   -00032.000000,-00048.000000,+00020.000000
      Vertex   +00064.000000,-00048.000000,+00020.000000
      Vertex   +00064.000000,-00048.000000,+00024.000000
   End Polygon
   Begin Polygon Item=OUTSIDE Texture=NSF_Concrete_A Flags=1082130464 Link=9
      Origin   +00064.000000,+00048.000000,-00464.000000
      Normal   +00000.000000,+00001.000000,-00000.000000
      TextureU +00001.000000,+00000.000000,+00000.000000
      TextureV +00000.000000,+00000.000000,+00001.000000
      Vertex   +00064.000000,+00048.000000,+00024.000000
      Vertex   +00064.000000,+00048.000000,+00020.000000
      Vertex   -00032.000000,+00048.000000,+00020.000000
      Vertex   -00032.000000,+00048.000000,+00024.000000
   End Polygon
   Begin Polygon Item=OUTSIDE Texture=NSF_Concrete_A Flags=1082130464 Link=10
      Origin   +00064.000000,-00048.000000,-00464.000000
      Normal   +00001.000000,+00000.000000,+00000.000000
      TextureU +00000.000000,-00001.000000,+00000.000000
      TextureV +00000.000000,+00000.000000,+00001.000000
      Vertex   +00064.000000,-00048.000000,+00024.000000
      Vertex   +00064.000000,-00048.000000,+00020.000000
      Vertex   +00064.000000,+00048.000000,+00020.000000
      Vertex   +00064.000000,+00048.000000,+00024.000000
   End Polygon
   Begin Polygon Item=OUTSIDE Texture=NSF_Concrete_A Flags=1082130464 Link=11
      Origin   -00032.000000,+00048.000000,-00464.000000
      Normal   -00001.000000,+00000.000000,+00000.000000
      TextureU +00000.000000,+00001.000000,-00000.000000
      TextureV +00000.000000,+00000.000000,+00001.000000
      Vertex   -00032.000000,+00048.000000,+00024.000000
      Vertex   -00032.000000,+00048.000000,+00020.000000
      Vertex   -00032.000000,-00048.000000,+00020.000000
      Vertex   -00032.000000,-00048.000000,+00024.000000
   End Polygon
   Begin Polygon Item=OUTSIDE Texture=NSF_Concrete_A Flags=1082130464 Link=12
      Origin   +01040.000000,+01792.000000,+00056.000000
      Normal   +00000.000000,-00000.000000,-00001.000000
      TextureU +00001.000000,+00000.000000,+00000.000000
      TextureV +00000.000000,-00001.000000,+00000.000000
      Vertex   -00016.000000,+00032.000000,+00056.000000
      Vertex   +00048.000000,+00032.000000,+00056.000000
      Vertex   +00048.000000,-00032.000000,+00056.000000
      Vertex   -00016.000000,-00032.000000,+00056.000000
   End Polygon
   Begin Polygon Item=OUTSIDE Texture=NSF_Concrete_A Flags=1082130464 Link=13
      Origin   +01040.000000,+00117.999756,-00463.999207
      Normal   +00000.000000,-00000.970142,-00000.242536
      TextureU -00001.000000,+00000.000000,+00000.000000
      TextureV +00000.000000,-00000.242536,+00000.970142
      Vertex   +00012.000000,-00004.000000,+00024.000000
      Vertex   +00020.000000,-00004.000000,+00024.000000
      Vertex   +00028.000000,-00012.000000,+00056.000000
      Vertex   +00004.000000,-00012.000000,+00056.000000
   End Polygon
   Begin Polygon Item=OUTSIDE Texture=NSF_Concrete_A Flags=1082130464 Link=14
      Origin   +01040.000000,-00118.000244,-00464.000916
      Normal   +00000.000000,+00000.970142,-00000.242536
      TextureU +00001.000000,+00000.000000,+00000.000000
      TextureV +00000.000000,+00000.242536,+00000.970142
      Vertex   +00020.000000,+00004.000000,+00024.000000
      Vertex   +00012.000000,+00004.000000,+00024.000000
      Vertex   +00004.000000,+00012.000000,+00056.000000
      Vertex   +00028.000000,+00012.000000,+00056.000000
   End Polygon
   Begin Polygon Item=OUTSIDE Texture=NSF_Concrete_A Flags=1082130464 Link=15
      Origin   -00102.000366,+01792.000000,-00464.001648
      Normal   +00000.970142,-00000.000000,-00000.242536
      TextureU +00000.000000,-00001.000000,+00000.000000
      TextureV +00000.242536,+00000.000000,+00000.970142
      Vertex   +00020.000000,-00004.000000,+00024.000000
      Vertex   +00020.000000,+00004.000000,+00024.000000
      Vertex   +00028.000000,+00012.000000,+00056.000000
      Vertex   +00028.000000,-00012.000000,+00056.000000
   End Polygon
   Begin Polygon Item=OUTSIDE Texture=NSF_Concrete_A Flags=1082130464 Link=16
      Origin   +00134.000000,+01792.000000,-00464.000031
      Normal   -00000.970142,-00000.000000,-00000.242536
      TextureU +00000.000000,+00001.000000,-00000.000000
      TextureV -00000.242536,+00000.000000,+00000.970142
      Vertex   +00012.000000,+00004.000000,+00024.000000
      Vertex   +00012.000000,-00004.000000,+00024.000000
      Vertex   +00004.000000,-00012.000000,+00056.000000
      Vertex   +00004.000000,+00012.000000,+00056.000000
   End Polygon
   Begin Polygon Item=OUTSIDE Texture=NSF_Concrete_A Flags=1082130464 Link=17
      Origin   -00016.000000,-00032.000000,-00464.000000
      Normal   +00000.000000,-00001.000000,+00000.000000
      TextureU -00001.000000,+00000.000000,+00000.000000
      TextureV +00000.000000,+00000.000000,+00001.000000
      Vertex   -00016.000000,-00032.000000,+00064.000000
      Vertex   -00016.000000,-00032.000000,+00056.000000
      Vertex   +00048.000000,-00032.000000,+00056.000000
      Vertex   +00048.000000,-00032.000000,+00064.000000
   End Polygon
   Begin Polygon Item=OUTSIDE Texture=NSF_Concrete_A Flags=1082130464 Link=18
      Origin   +00048.000000,+00032.000000,-00464.000000
      Normal   +00000.000000,+00001.000000,-00000.000000
      TextureU +00001.000000,+00000.000000,+00000.000000
      TextureV +00000.000000,+00000.000000,+00001.000000
      Vertex   +00048.000000,+00032.000000,+00064.000000
      Vertex   +00048.000000,+00032.000000,+00056.000000
      Vertex   -00016.000000,+00032.000000,+00056.000000
      Vertex   -00016.000000,+00032.000000,+00064.000000
   End Polygon
   Begin Polygon Item=OUTSIDE Texture=NSF_Concrete_A Flags=1082130464 Link=19
      Origin   +00048.000000,-00032.000000,-00464.000000
      Normal   +00001.000000,+00000.000000,+00000.000000
      TextureU +00000.000000,-00001.000000,+00000.000000
      TextureV +00000.000000,+00000.000000,+00001.000000
      Vertex   +00048.000000,-00032.000000,+00064.000000
      Vertex   +00048.000000,-00032.000000,+00056.000000
      Vertex   +00048.000000,+00032.000000,+00056.000000
      Vertex   +00048.000000,+00032.000000,+00064.000000
   End Polygon
   Begin Polygon Item=OUTSIDE Texture=NSF_Concrete_A Flags=1082130464 Link=20
      Origin   -00016.000000,+00032.000000,-00464.000000
      Normal   -00001.000000,+00000.000000,+00000.000000
      TextureU +00000.000000,+00001.000000,-00000.000000
      TextureV +00000.000000,+00000.000000,+00001.000000
      Vertex   -00016.000000,+00032.000000,+00064.000000
      Vertex   -00016.000000,+00032.000000,+00056.000000
      Vertex   -00016.000000,-00032.000000,+00056.000000
      Vertex   -00016.000000,-00032.000000,+00064.000000
   End Polygon
   Begin Polygon Item=OUTSIDE Texture=NSF_Concrete_A Flags=1082130464 Link=21
      Origin   +01040.000000,+01792.000000,+00024.000000
      Normal   +00000.000000,+00000.000000,+00001.000000
      TextureU +00001.000000,+00000.000000,+00000.000000
      TextureV +00000.000000,-00001.000000,+00000.000000
      Vertex   -00032.000000,-00004.000000,+00024.000000
      Vertex   -00032.000000,-00048.000000,+00024.000000
      Vertex   +00064.000000,-00048.000000,+00024.000000
      Vertex   +00064.000000,-00004.000000,+00024.000000
   End Polygon
   Begin Polygon Item=OUTSIDE Texture=NSF_Concrete_A Flags=1082130464 Link=21
      Origin   +01040.000000,+01792.000000,+00024.000000
      Normal   +00000.000000,+00000.000000,+00001.000000
      TextureU +00001.000000,+00000.000000,+00000.000000
      TextureV +00000.000000,-00001.000000,+00000.000000
      Vertex   -00032.000000,+00004.000000,+00024.000000
      Vertex   +00064.000000,+00004.000000,+00024.000000
      Vertex   +00064.000000,+00048.000000,+00024.000000
      Vertex   -00032.000000,+00048.000000,+00024.000000
   End Polygon
   Begin Polygon Item=OUTSIDE Texture=NSF_Concrete_A Flags=1082130464 Link=21
      Origin   +01040.000000,+01792.000000,+00024.000000
      Normal   +00000.000000,+00000.000000,+00001.000000
      TextureU +00001.000000,+00000.000000,+00000.000000
      TextureV +00000.000000,-00001.000000,+00000.000000
      Vertex   +00020.000000,+00004.000000,+00024.000000
      Vertex   +00020.000000,-00004.000000,+00024.000000
      Vertex   +00064.000000,-00004.000000,+00024.000000
      Vertex   +00064.000000,+00004.000000,+00024.000000
   End Polygon
   Begin Polygon Item=OUTSIDE Texture=NSF_Concrete_A Flags=1082130464 Link=21
      Origin   +01040.000000,+01792.000000,+00024.000000
      Normal   +00000.000000,+00000.000000,+00001.000000
      TextureU +00001.000000,+00000.000000,+00000.000000
      TextureV +00000.000000,-00001.000000,+00000.000000
      Vertex   +00012.000000,+00004.000000,+00024.000000
      Vertex   -00032.000000,+00004.000000,+00024.000000
      Vertex   -00032.000000,-00004.000000,+00024.000000
      Vertex   +00012.000000,-00004.000000,+00024.000000
   End Polygon
   Begin Polygon Item=OUTSIDE Texture=NSF_Concrete_A Flags=1082130432 Link=25
      Origin   -00420.000000,+01792.000000,-00464.000000
      Normal   +00000.707107,-00000.000000,-00000.707107
      TextureU +00000.000000,-00001.000000,+00000.000000
      TextureV +00000.707107,+00000.000000,+00000.707107
      Vertex   +00060.000000,+00044.000000,+00016.000000
      Vertex   +00064.000000,+00048.000000,+00020.000000
      Vertex   +00064.000000,-00048.000000,+00020.000000
      Vertex   +00060.000000,-00044.000000,+00016.000000
   End Polygon
   Begin Polygon Item=OUTSIDE Texture=NSF_Concrete_A Flags=1082130432 Link=26
      Origin   +00452.000000,+01792.000000,-00464.000000
      Normal   -00000.707107,-00000.000000,-00000.707107
      TextureU +00000.000000,+00001.000000,-00000.000000
      TextureV -00000.707107,+00000.000000,+00000.707107
      Vertex   -00032.000000,+00048.000000,+00020.000000
      Vertex   -00028.000000,+00044.000000,+00016.000000
      Vertex   -00028.000000,-00044.000000,+00016.000000
      Vertex   -00032.000000,-00048.000000,+00020.000000
   End Polygon
   Begin Polygon Item=OUTSIDE Texture=NSF_Concrete_A Flags=1082130432 Link=27
      Origin   +01040.000000,-00436.000000,-00464.000000
      Normal   +00000.000000,+00000.707107,-00000.707107
      TextureU +00001.000000,+00000.000000,+00000.000000
      TextureV +00000.000000,+00000.707107,+00000.707107
      Vertex   +00064.000000,+00048.000000,+00020.000000
      Vertex   +00060.000000,+00044.000000,+00016.000000
      Vertex   -00028.000000,+00044.000000,+00016.000000
      Vertex   -00032.000000,+00048.000000,+00020.000000
   End Polygon
   Begin Polygon Item=OUTSIDE Texture=NSF_Concrete_A Flags=1082130432 Link=28
      Origin   +01040.000000,+00436.000000,-00464.000000
      Normal   +00000.000000,-00000.707107,-00000.707107
      TextureU -00001.000000,+00000.000000,+00000.000000
      TextureV +00000.000000,-00000.707107,+00000.707107
      Vertex   -00032.000000,-00048.000000,+00020.000000
      Vertex   -00028.000000,-00044.000000,+00016.000000
      Vertex   +00060.000000,-00044.000000,+00016.000000
      Vertex   +00064.000000,-00048.000000,+00020.000000
   End Polygon
   Begin Polygon Item=OUTSIDE Texture=NSF_Concrete_A Flags=1082130432 Link=29
      Origin   +01040.000000,+01792.000000,+00016.000000
      Normal   +00000.000000,-00000.000000,-00001.000000
      TextureU +00001.000000,+00000.000000,+00000.000000
      TextureV +00000.000000,-00001.000000,+00000.000000
      Vertex   -00028.000000,+00044.000000,+00016.000000
      Vertex   +00060.000000,+00044.000000,+00016.000000
      Vertex   +00060.000000,-00044.000000,+00016.000000
      Vertex   -00028.000000,-00044.000000,+00016.000000
   End Polygon
   Begin Polygon Item=OUTSIDE Texture=NSF_Concrete_A Flags=1082130432 Link=30
      Origin   -00186.666626,+01792.000000,-00464.000000
      Normal   +00000.832050,+00000.000000,-00000.554700
      TextureU +00000.000000,-00001.000000,+00000.000000
      TextureV +00000.554700,+00000.000000,+00000.832050
      Vertex   +00144.000000,-00056.000488,+00032.000000
      Vertex   +00144.000000,+00055.999512,+00032.000000
      Vertex   +00160.000000,+00064.000000,+00056.000000
      Vertex   +00160.000000,-00064.000000,+00056.000000
   End Polygon
   Begin Polygon Item=OUTSIDE Texture=NSF_Concrete_A Flags=1082130432 Link=31
      Origin   +01040.000000,+01792.000000,+00032.000000
      Normal   +00000.000000,-00000.000000,-00001.000000
      TextureU +00001.000000,+00000.000000,+00000.000000
      TextureV +00000.000000,-00001.000000,+00000.000000
      Vertex   +00128.000000,+00055.999512,+00032.000000
      Vertex   +00144.000000,+00055.999512,+00032.000000
      Vertex   +00144.000000,-00056.000488,+00032.000000
      Vertex   +00128.000000,-00056.000488,+00032.000000
   End Polygon
   Begin Polygon Item=OUTSIDE Texture=NSF_Concrete_A Flags=1082130432 Link=32
      Origin   +01040.000000,+00109.333374,-00464.000000
      Normal   +00000.000000,-00000.948683,-00000.316228
      TextureU -00001.000000,+00000.000000,+00000.000000
      TextureV +00000.000000,-00000.316228,+00000.948683
      Vertex   +00128.000000,-00056.000488,+00032.000000
      Vertex   +00144.000000,-00056.000488,+00032.000000
      Vertex   +00160.000000,-00064.000000,+00056.000000
      Vertex   +00128.000000,-00064.000000,+00056.000000
   End Polygon
   Begin Polygon Item=OUTSIDE Texture=NSF_Concrete_A Flags=1082130432 Link=33
      Origin   +00160.000000,-00064.000000,-00464.000000
      Normal   +00001.000000,+00000.000000,+00000.000000
      TextureU +00000.000000,-00001.000000,+00000.000000
      TextureV +00000.000000,+00000.000000,+00001.000000
      Vertex   +00160.000000,-00064.000000,+00064.000000
      Vertex   +00160.000000,-00064.000000,+00056.000000
      Vertex   +00160.000000,+00064.000000,+00056.000000
      Vertex   +00160.000000,+00064.000000,+00064.000000
   End Polygon
   Begin Polygon Item=OUTSIDE Texture=NSF_Concrete_A Flags=1082130432 Link=34
      Origin   +00160.000000,+00064.000000,-00464.000000
      Normal   +00000.000000,+00001.000000,-00000.000000
      TextureU +00001.000000,+00000.000000,+00000.000000
      TextureV +00000.000000,+00000.000000,+00001.000000
      Vertex   +00160.000000,+00064.000000,+00064.000000
      Vertex   +00160.000000,+00064.000000,+00056.000000
      Vertex   +00128.000000,+00064.000000,+00056.000000
      Vertex   +00128.000000,+00064.000000,+00064.000000
   End Polygon
   Begin Polygon Item=OUTSIDE Texture=NSF_Concrete_A Flags=1082130432 Link=35
      Origin   +00128.000000,+00064.000000,-00464.000000
      Normal   -00001.000000,+00000.000000,+00000.000000
      TextureU +00000.000000,+00001.000000,-00000.000000
      TextureV +00000.000000,+00000.000000,+00001.000000
      Vertex   +00128.000000,+00064.000000,+00064.000000
      Vertex   +00128.000000,+00064.000000,+00056.000000
      Vertex   +00128.000000,-00064.000000,+00056.000000
      Vertex   +00128.000000,-00064.000000,+00064.000000
   End Polygon
   Begin Polygon Item=OUTSIDE Texture=NSF_Concrete_A Flags=1082130432 Link=36
      Origin   -00096.000000,+00064.000000,-00464.000000
      Normal   +00000.000000,+00001.000000,-00000.000000
      TextureU +00001.000000,+00000.000000,+00000.000000
      TextureV +00000.000000,+00000.000000,+00001.000000
      Vertex   -00096.000000,+00064.000000,+00064.000000
      Vertex   -00096.000000,+00064.000000,+00056.000000
      Vertex   -00128.000000,+00064.000000,+00056.000000
      Vertex   -00128.000000,+00064.000000,+00064.000000
   End Polygon
   Begin Polygon Item=OUTSIDE Texture=NSF_Concrete_A Flags=1082130432 Link=37
      Origin   -00128.000000,+00064.000000,-00464.000000
      Normal   -00001.000000,+00000.000000,+00000.000000
      TextureU +00000.000000,+00001.000000,-00000.000000
      TextureV +00000.000000,+00000.000000,+00001.000000
      Vertex   -00128.000000,+00064.000000,+00064.000000
      Vertex   -00128.000000,+00064.000000,+00056.000000
      Vertex   -00128.000000,-00064.000000,+00056.000000
      Vertex   -00128.000000,-00064.000000,+00064.000000
   End Polygon
   Begin Polygon Item=OUTSIDE Texture=NSF_Concrete_A Flags=1082130432 Link=38
      Origin   +00218.666626,+01792.000000,-00464.000000
      Normal   -00000.832050,-00000.000000,-00000.554700
      TextureU +00000.000000,+00001.000000,-00000.000000
      TextureV -00000.554700,+00000.000000,+00000.832050
      Vertex   -00112.000000,+00056.000000,+00032.000000
      Vertex   -00112.000000,-00056.000000,+00032.000000
      Vertex   -00128.000000,-00064.000000,+00056.000000
      Vertex   -00128.000000,+00064.000000,+00056.000000
   End Polygon
   Begin Polygon Item=OUTSIDE Texture=NSF_Concrete_A Flags=1082130432 Link=39
      Origin   +01040.000000,+00109.333374,-00464.000000
      Normal   +00000.000000,-00000.948683,-00000.316228
      TextureU -00001.000000,+00000.000000,+00000.000000
      TextureV +00000.000000,-00000.316228,+00000.948683
      Vertex   -00112.000000,-00056.000000,+00032.000000
      Vertex   -00096.000000,-00056.000000,+00032.000000
      Vertex   -00096.000000,-00064.000000,+00056.000000
      Vertex   -00128.000000,-00064.000000,+00056.000000
   End Polygon
   Begin Polygon Item=OUTSIDE Texture=NSF_Concrete_A Flags=1082130432 Link=40
      Origin   +01040.000000,+01792.000000,+00032.000000
      Normal   +00000.000000,-00000.000000,-00001.000000
      TextureU +00001.000000,+00000.000000,+00000.000000
      TextureV +00000.000000,-00001.000000,+00000.000000
      Vertex   -00112.000000,+00056.000000,+00032.000000
      Vertex   -00096.000000,+00056.000000,+00032.000000
      Vertex   -00096.000000,-00056.000000,+00032.000000
      Vertex   -00112.000000,-00056.000000,+00032.000000
   End Polygon
   Begin Polygon Item=OUTSIDE Texture=NSF_Concrete_A Flags=1082130432 Link=41
      Origin   -00096.000000,-00064.000000,-00464.000000
      Normal   +00001.000000,+00000.000000,+00000.000000
      TextureU +00000.000000,-00001.000000,+00000.000000
      TextureV +00000.000000,+00000.000000,+00001.000000
      Vertex   -00096.000000,-00064.000000,+00064.000000
      Vertex   -00096.000000,-00064.000000,+00056.000000
      Vertex   -00096.000000,+00064.000000,+00056.000000
      Vertex   -00096.000000,+00064.000000,+00064.000000
   End Polygon
   Begin Polygon Item=OUTSIDE Texture=NSF_Concrete_A Flags=1082130432 Link=42
      Origin   +01040.000000,-00109.333496,-00464.000610
      Normal   +00000.000000,+00000.948683,-00000.316228
      TextureU +00001.000000,+00000.000000,+00000.000000
      TextureV +00000.000000,+00000.316228,+00000.948683
      Vertex   -00096.000000,+00056.000000,+00032.000000
      Vertex   -00112.000000,+00056.000000,+00032.000000
      Vertex   -00128.000000,+00064.000000,+00056.000000
      Vertex   -00096.000000,+00064.000000,+00056.000000
   End Polygon
   Begin Polygon Item=OUTSIDE Texture=NSF_Concrete_A Flags=1082130432 Link=43
      Origin   +01040.000000,-00109.333496,-00464.000610
      Normal   +00000.000000,+00000.948683,-00000.316228
      TextureU +00001.000000,+00000.000000,+00000.000000
      TextureV +00000.000000,+00000.316228,+00000.948683
      Vertex   +00144.000000,+00055.999512,+00032.000000
      Vertex   +00128.000000,+00055.999512,+00032.000000
      Vertex   +00128.000000,+00064.000000,+00056.000000
      Vertex   +00160.000000,+00064.000000,+00056.000000
   End Polygon
   Begin Polygon Item=OUTSIDE Texture=NSF_Concrete_A Flags=1082130432 Link=44
      Origin   -00128.000000,-00064.000000,-00464.000000
      Normal   +00000.000000,-00001.000000,+00000.000000
      TextureU -00001.000000,+00000.000000,+00000.000000
      TextureV +00000.000000,+00000.000000,+00001.000000
      Vertex   -00128.000000,-00064.000000,+00064.000000
      Vertex   -00128.000000,-00064.000000,+00056.000000
      Vertex   -00096.000000,-00064.000000,+00056.000000
      Vertex   -00096.000000,-00064.000000,+00064.000000
   End Polygon
End PolyList
