Begin PolyList
   Begin Polygon Texture=Thrug-grn Flags=1082654752 Link=0
      Origin   +00045.999939,-00016.399902,+00056.000046
      Normal   -00001.000000,+00000.000000,+00000.000000
      TextureU +00000.000000,-00001.000000,+00000.000000
      TextureV +00000.000000,+00000.000000,-00001.000000
      Vertex   +00045.999939,-00014.945313,-00009.600006
      Vertex   +00046.000000,+00022.000000,-00009.600006
      Vertex   +00046.000000,+00022.000000,-00019.200012
      Vertex   +00045.999939,-00013.199951,-00019.200012
   End Polygon
   Begin Polygon Texture=Thrug-grn Flags=1082654752 Link=1
      Origin   +00236.400146,+00056.466797,-00019.200005
      Normal   +00000.000000,+00000.000000,+00001.000000
      TextureU +00001.000000,+00000.000000,+00000.000000
      TextureV +00000.000000,+00001.000000,+00000.000000
      Vertex   -00056.400024,+00022.000031,-00019.200012
      Vertex   -00056.400024,-00013.199921,-00019.200012
      Vertex   +00045.999939,-00013.199951,-00019.200012
      Vertex   +00046.000000,+00022.000000,-00019.200012
   End Polygon
   Begin Polygon Texture=Thrug-grn Flags=1082654752 Link=2
      Origin   +00236.400513,-00026.871887,+00056.000015
      Normal   -00000.000003,+00000.983870,+00000.178884
      TextureU -00001.000000,+00000.000000,+00000.000000
      TextureV -00000.000001,+00000.178884,-00000.983870
      Vertex   +00045.999939,-00016.109131,-00003.200012
      Vertex   -00062.800049,-00016.109100,-00003.200008
      Vertex   -00062.800049,-00019.599823,+00015.999973
      Vertex   +00045.999939,-00019.599854,+00015.999973
   End Polygon
   Begin Polygon Texture=Cab5 Flags=1082654752 Link=3
      Origin   -00062.800049,-00016.399872,+00056.000038
      Normal   -00001.000000,+00000.000000,+00000.000000
      TextureU +00000.000000,-00001.000000,+00000.000000
      TextureV +00000.000000,+00000.000000,-00001.000000
      Vertex   -00062.800049,-00014.072723,-00014.400024
      Vertex   -00062.800049,+00022.000031,-00014.400024
      Vertex   -00062.800049,+00022.000031,-00026.000000
      Vertex   -00062.800049,-00011.963623,-00026.000000
   End Polygon
   Begin Polygon Item=Wall Texture=Thrug-grn Flags=1082654752 Link=4
      Origin   +00001.084839,+00056.466827,+00055.998940
      Normal   -00000.707109,+00000.000000,+00000.707105
      TextureU +00000.000000,-00001.000000,+00000.000000
      TextureV -00000.707108,+00000.000000,-00000.707105
      Vertex   -00064.400024,+00022.000031,-00009.486328
      Vertex   -00064.400024,-00014.966034,-00009.486328
      Vertex   -00062.800049,-00015.257050,-00007.886318
      Vertex   -00062.056885,-00015.392059,-00007.143154
      Vertex   -00062.056885,+00022.000031,-00007.143154
   End Polygon
   Begin Polygon Item=Wall Texture=Thrug-grn Flags=1082654752 Link=5
      Origin   -00133.200439,+00056.466797,+00056.001053
      Normal   -00000.707108,+00000.000000,-00000.707105
      TextureU +00000.000000,-00001.000000,+00000.000000
      TextureV +00000.707107,+00000.000000,-00000.707107
      Vertex   -00064.400024,+00022.000031,-00012.800018
      Vertex   -00062.800049,+00022.000031,-00014.400024
      Vertex   -00062.800049,-00019.600067,-00014.400024
      Vertex   -00064.400024,-00019.600067,-00012.800018
   End Polygon
   Begin Polygon Item=Wall Texture=Thrug-grn Flags=1082654752 Link=6
      Origin   -00064.400024,+00022.000031,+00056.000038
      Normal   -00001.000000,+00000.000000,+00000.000000
      TextureU +00000.000000,-00001.000000,+00000.000000
      TextureV +00000.000000,+00000.000000,-00001.000000
      Vertex   -00064.400024,+00022.000031,-00009.486328
      Vertex   -00064.400024,+00022.000031,-00012.800018
      Vertex   -00064.400024,-00019.600067,-00012.800018
      Vertex   -00064.400024,-00019.600067,-00009.486328
   End Polygon
   Begin Polygon Texture=Cab5 Flags=1082130464 Link=7
      Origin   -00056.400024,+00022.000031,+00044.000000
      Normal   +00000.000000,+00001.000000,+00000.000000
      TextureU +00000.000000,+00000.000000,-00001.000000
      TextureV +00001.000000,+00000.000000,+00000.000000
      Vertex   -00062.800049,+00022.000031,-00014.400024
      Vertex   -00064.400024,+00022.000031,-00012.800018
      Vertex   -00064.400024,+00022.000031,-00009.486328
      Vertex   -00062.800049,+00022.000031,-00007.886330
   End Polygon
   Begin Polygon Texture=Thrug-grn Flags=1082654752 Link=8
      Origin   -00056.400024,+00022.000031,+00056.000038
      Normal   +00001.000000,+00000.000000,+00000.000000
      TextureU +00000.000000,+00001.000000,+00000.000000
      TextureV +00000.000000,+00000.000000,-00001.000000
      Vertex   -00056.400024,+00022.000031,-00009.486328
      Vertex   -00056.400024,-00014.966034,-00009.486328
      Vertex   -00056.400024,-00013.199921,-00019.200012
      Vertex   -00056.400024,+00022.000031,-00019.200012
   End Polygon
   Begin Polygon Item=Wall Texture=Thrug-grn Flags=1082654752 Link=9
      Origin   +00236.400146,+00056.466797,-00007.143158
      Normal   +00000.000000,+00000.000000,+00001.000000
      TextureU +00001.000000,+00000.000000,+00000.000000
      TextureV +00000.000000,+00001.000000,+00000.000000
      Vertex   -00058.743164,+00022.000031,-00007.143154
      Vertex   -00062.056885,+00022.000031,-00007.143154
      Vertex   -00062.056885,-00015.392059,-00007.143154
      Vertex   -00058.743164,-00015.392059,-00007.143154
   End Polygon
   Begin Polygon Item=Wall Texture=Thrug-grn Flags=1082654752 Link=10
      Origin   -00121.886902,+00056.466797,+00056.001450
      Normal   +00000.707109,-00000.000000,+00000.707105
      TextureU +00000.000000,+00001.000000,+00000.000000
      TextureV +00000.707107,+00000.000000,-00000.707107
      Vertex   -00056.400024,+00022.000031,-00009.486328
      Vertex   -00058.743164,+00022.000031,-00007.143154
      Vertex   -00058.743164,-00015.392059,-00007.143154
      Vertex   -00056.400024,-00014.966034,-00009.486328
   End Polygon
   Begin Polygon Texture=Cab5 Flags=1082130464 Link=7
      Origin   -00056.400024,+00022.000031,+00044.000000
      Normal   +00000.000000,+00001.000000,+00000.000000
      TextureU +00000.000000,+00000.000000,-00001.000000
      TextureV +00001.000000,+00000.000000,+00000.000000
      Vertex   -00062.800049,+00022.000031,-00007.886330
      Vertex   -00062.056885,+00022.000031,-00007.143154
      Vertex   -00058.743164,+00022.000031,-00007.143154
      Vertex   -00056.400024,+00022.000031,-00009.486328
      Vertex   -00056.400024,+00022.000031,-00048.000000
      Vertex   -00062.800049,+00022.000031,-00048.000000
   End Polygon
   Begin Polygon Texture=Cab5 Flags=1082654752 Link=12
      Origin   -00062.800049,-00019.600067,+00056.000038
      Normal   -00001.000000,+00000.000000,+00000.000000
      TextureU +00000.000000,-00001.000000,+00000.000000
      TextureV +00000.000000,+00000.000000,-00001.000000
      Vertex   -00062.800049,-00019.600067,-00019.200012
      Vertex   -00062.800049,-00025.999969,+00016.000008
      Vertex   -00062.800049,-00019.599823,+00015.999973
   End Polygon
   Begin Polygon Item=Cap Texture=Cab5 Flags=1082654752 Link=13
      Origin   -00058.743164,-00019.600067,+00056.000038
      Normal   +00000.000000,-00001.000000,+00000.000000
      TextureU +00001.000000,+00000.000000,+00000.000000
      TextureV +00000.000000,+00000.000000,-00001.000000
      Vertex   -00062.800049,-00019.600067,-00007.886318
      Vertex   -00064.400024,-00019.600067,-00009.486328
      Vertex   -00064.400024,-00019.600067,-00012.800018
      Vertex   -00062.800049,-00019.600067,-00014.400024
   End Polygon
   Begin Polygon Item=Wall Texture=Thrug-grn Flags=1082654752 Link=4
      Origin   +00001.084839,+00056.466827,+00055.998940
      Normal   -00000.707109,+00000.000000,+00000.707105
      TextureU +00000.000000,-00001.000000,+00000.000000
      TextureV -00000.707108,+00000.000000,-00000.707105
      Vertex   -00064.400024,-00014.966034,-00009.486328
      Vertex   -00064.400024,-00019.600067,-00009.486328
      Vertex   -00062.800049,-00019.600067,-00007.886318
      Vertex   -00062.800049,-00015.257050,-00007.886318
   End Polygon
   Begin Polygon Texture=Cab5 Flags=1082654752 Link=15
      Origin   +00236.400513,-00033.272583,+00055.999634
      Normal   -00000.000000,-00000.983869,-00000.178889
      TextureU +00001.000000,+00000.000000,+00000.000000
      TextureV -00000.000001,+00000.178884,-00000.983870
      Vertex   -00062.800049,-00025.999969,+00016.000008
      Vertex   -00062.800049,-00019.600067,-00019.200012
      Vertex   +00052.399963,-00019.600098,-00019.200012
      Vertex   +00052.399963,-00026.000000,+00015.999973
   End Polygon
   Begin Polygon Texture=Thrug-grn Flags=1082654752 Link=16
      Origin   +00236.400146,+00056.466797,+00015.999741
      Normal   +00000.000000,+00000.000000,+00001.000000
      TextureU +00001.000000,+00000.000000,+00000.000000
      TextureV +00000.000000,+00001.000000,+00000.000000
      Vertex   -00062.800049,-00019.599823,+00015.999973
      Vertex   -00062.800049,-00025.999969,+00016.000008
      Vertex   +00052.399963,-00026.000000,+00015.999973
      Vertex   +00052.399963,-00019.599854,+00015.999973
   End Polygon
   Begin Polygon Texture=Cab5 Flags=1082654752 Link=17
      Origin   -00062.800049,-00019.600067,+00056.000038
      Normal   -00001.000000,+00000.000000,+00000.000000
      TextureU +00000.000000,-00001.000000,+00000.000000
      TextureV +00000.000000,+00000.000000,-00001.000000
      Vertex   -00062.800049,-00019.600067,-00014.400024
      Vertex   -00062.800049,-00019.600052,-00016.554527
      Vertex   -00062.800049,-00019.339485,-00019.200012
      Vertex   -00062.800049,-00019.600067,-00019.200012
   End Polygon
   Begin Polygon Texture=Cab5 Flags=1082654752 Link=17
      Origin   -00062.800049,-00019.600067,+00056.000038
      Normal   -00001.000000,+00000.000000,+00000.000000
      TextureU +00000.000000,-00001.000000,+00000.000000
      TextureV +00000.000000,+00000.000000,-00001.000000
      Vertex   -00062.800049,-00019.600052,-00016.554527
      Vertex   -00062.800049,-00019.600067,-00014.400024
      Vertex   -00062.800049,-00014.072723,-00014.400024
      Vertex   -00062.800049,-00013.199997,-00019.200005
      Vertex   -00062.800049,-00019.339485,-00019.200012
   End Polygon
   Begin Polygon Texture=Cab5 Flags=1082654752 Link=17
      Origin   -00062.800049,-00019.600067,+00056.000038
      Normal   -00001.000000,+00000.000000,+00000.000000
      TextureU +00000.000000,-00001.000000,+00000.000000
      TextureV +00000.000000,+00000.000000,-00001.000000
      Vertex   -00062.800049,-00015.257050,-00007.886318
      Vertex   -00062.800049,-00019.600067,-00007.886318
      Vertex   -00062.800049,-00019.599823,+00015.999973
   End Polygon
   Begin Polygon Texture=Thrug-grn Flags=1082654752 Link=2
      Origin   +00236.400513,-00026.871887,+00056.000015
      Normal   -00000.000003,+00000.983870,+00000.178884
      TextureU -00001.000000,+00000.000000,+00000.000000
      TextureV -00000.000001,+00000.178884,-00000.983870
      Vertex   -00056.400024,-00013.199921,-00019.200012
      Vertex   -00056.400024,-00016.109100,-00003.200008
      Vertex   +00045.999939,-00016.109131,-00003.200012
      Vertex   +00045.999939,-00013.199951,-00019.200012
   End Polygon
   Begin Polygon Texture=Thrug-grn Flags=1082654752 Link=2
      Origin   +00236.400513,-00026.871887,+00056.000015
      Normal   -00000.000003,+00000.983870,+00000.178884
      TextureU -00001.000000,+00000.000000,+00000.000000
      TextureV -00000.000001,+00000.178884,-00000.983870
      Vertex   -00058.113831,-00016.109100,-00003.200008
      Vertex   -00062.800049,-00015.257050,-00007.886318
      Vertex   -00062.800049,-00016.109100,-00003.200008
   End Polygon
   Begin Polygon Texture=Thrug-grn Flags=1082654752 Link=2
      Origin   +00236.400513,-00026.871887,+00056.000015
      Normal   -00000.000003,+00000.983870,+00000.178884
      TextureU -00001.000000,+00000.000000,+00000.000000
      TextureV -00000.000001,+00000.178884,-00000.983870
      Vertex   -00062.056885,-00015.392059,-00007.143154
      Vertex   -00058.113831,-00016.109100,-00003.200008
      Vertex   -00056.400024,-00016.109100,-00003.200008
      Vertex   -00056.400024,-00015.392059,-00007.143154
   End Polygon
   Begin Polygon Texture=Thrug-grn Flags=1082654752 Link=2
      Origin   +00236.400513,-00026.871887,+00056.000015
      Normal   -00000.000003,+00000.983870,+00000.178884
      TextureU -00001.000000,+00000.000000,+00000.000000
      TextureV -00000.000001,+00000.178884,-00000.983870
      Vertex   -00058.743164,-00015.392059,-00007.143154
      Vertex   -00056.400024,-00015.392059,-00007.143154
      Vertex   -00056.400024,-00014.966034,-00009.486328
   End Polygon
   Begin Polygon Texture=Thrug-grn Flags=1082654752 Link=24
      Origin   +00052.399963,-00013.199951,+00056.000046
      Normal   +00000.000000,+00001.000000,+00000.000000
      TextureU -00001.000000,+00000.000000,+00000.000000
      TextureV +00000.000000,+00000.000000,-00001.000000
      Vertex   -00056.400024,-00013.199921,-00025.600006
      Vertex   +00045.999939,-00013.199951,-00025.600006
      Vertex   +00046.000000,-00013.199951,-00048.000000
      Vertex   -00056.400024,-00013.199921,-00048.000000
   End Polygon
   Begin Polygon Texture=Thrug-grn Flags=1082654752 Link=8
      Origin   -00056.400024,+00022.000031,+00056.000038
      Normal   +00001.000000,+00000.000000,+00000.000000
      TextureU +00000.000000,+00001.000000,+00000.000000
      TextureV +00000.000000,+00000.000000,-00001.000000
      Vertex   -00056.400024,-00013.199921,-00048.000000
      Vertex   -00056.400024,+00022.000031,-00048.000000
      Vertex   -00056.400024,+00022.000031,-00025.600006
      Vertex   -00056.400024,-00013.199921,-00025.600006
   End Polygon
   Begin Polygon Texture=Cab4 Flags=1082654752 Link=26
      Origin   -00062.800049,+00022.000031,+00056.000038
      Normal   +00000.000000,+00001.000000,+00000.000000
      Pan      U=16 V=0
      TextureU -00001.923077,+00000.000000,+00000.000000
      TextureV +00000.000000,+00000.000000,-00005.555555
      Vertex   -00056.400024,+00022.000031,-00019.200012
      Vertex   +00046.000000,+00022.000000,-00019.200012
      Vertex   +00046.000000,+00022.000000,-00025.600006
      Vertex   -00056.400024,+00022.000031,-00025.600006
   End Polygon
   Begin Polygon Texture=Thrug-grn Flags=1082654752 Link=27
      Origin   +00236.400146,+00056.466797,-00025.600006
      Normal   +00000.000000,+00000.000000,-00001.000000
      TextureU +00001.000000,+00000.000000,+00000.000000
      TextureV +00000.000000,+00001.000000,+00000.000000
      Vertex   -00056.400024,-00013.199921,-00025.600006
      Vertex   -00056.400024,+00022.000031,-00025.600006
      Vertex   +00046.000000,+00022.000000,-00025.600006
      Vertex   +00045.999939,-00013.199951,-00025.600006
   End Polygon
   Begin Polygon Texture=Thrug-grn Flags=1082654752 Link=28
      Origin   +00236.400146,+00056.466797,-00047.999977
      Normal   +00000.000000,+00000.000000,-00001.000000
      TextureU +00001.000000,+00000.000000,+00000.000000
      TextureV +00000.000000,+00001.000000,+00000.000000
      Vertex   -00062.800049,+00022.000031,-00048.000000
      Vertex   -00056.400024,+00022.000031,-00048.000000
      Vertex   -00056.400024,-00013.199921,-00048.000000
      Vertex   -00062.800049,-00013.199921,-00048.000000
   End Polygon
   Begin Polygon Texture=Cab5 Flags=1082654752 Link=3
      Origin   -00062.800049,-00016.399872,+00056.000038
      Normal   -00001.000000,+00000.000000,+00000.000000
      TextureU +00000.000000,-00001.000000,+00000.000000
      TextureV +00000.000000,+00000.000000,-00001.000000
      Vertex   -00062.800049,+00022.000031,-00048.000000
      Vertex   -00062.800049,-00013.199921,-00048.000000
      Vertex   -00062.800049,-00013.199921,-00026.000000
      Vertex   -00062.800049,+00022.000031,-00026.000000
   End Polygon
   Begin Polygon Texture=Cab5 Flags=1082654752 Link=3
      Origin   -00062.800049,-00016.399872,+00056.000038
      Normal   -00001.000000,+00000.000000,+00000.000000
      TextureU +00000.000000,-00001.000000,+00000.000000
      TextureV +00000.000000,+00000.000000,-00001.000000
      Vertex   -00062.800049,-00011.963623,-00026.000000
      Vertex   -00062.800049,-00013.199921,-00026.000000
      Vertex   -00062.800049,-00013.054535,-00020.000000
   End Polygon
   Begin Polygon Texture=Cab5 Flags=1082654752 Link=31
      Origin   -00062.800049,-00013.200012,+00056.000038
      Normal   -00001.000000,+00000.000000,+00000.000000
      TextureU +00000.000000,-00001.000000,+00000.000000
      TextureV +00000.000000,+00000.000000,-00001.000000
      Vertex   -00062.800049,-00019.600067,-00020.000000
      Vertex   -00062.800049,-00019.600067,-00019.200012
      Vertex   -00062.800049,-00013.199997,-00019.200005
      Vertex   -00062.800049,-00013.054535,-00020.000000
      Vertex   -00062.800049,-00013.199921,-00026.000000
      Vertex   -00062.800049,-00018.088928,-00026.000000
   End Polygon
   Begin Polygon Texture=Cab5 Flags=1082654752 Link=32
      Origin   +00052.399963,-00019.600098,+00056.000046
      Normal   +00000.000000,-00001.000000,+00000.000000
      TextureU +00001.000000,+00000.000000,+00000.000000
      TextureV +00000.000000,+00000.000000,-00001.000000
      Vertex   -00062.800049,-00019.600067,-00019.200012
      Vertex   -00062.800049,-00019.600067,-00048.000000
      Vertex   +00052.399963,-00019.600098,-00048.000000
      Vertex   +00052.399963,-00019.600098,-00019.200012
   End Polygon
   Begin Polygon Texture=Thrug-grn Flags=1082654752 Link=33
      Origin   +00236.400146,+00056.466797,-00047.999977
      Normal   +00000.000000,+00000.000000,-00001.000000
      TextureU +00001.000000,+00000.000000,+00000.000000
      TextureV +00000.000000,+00001.000000,+00000.000000
      Vertex   -00062.800049,-00019.600067,-00048.000000
      Vertex   -00062.800049,-00013.199921,-00048.000000
      Vertex   +00052.399963,-00013.199951,-00048.000000
      Vertex   +00052.399963,-00019.600098,-00048.000000
   End Polygon
   Begin Polygon Texture=Cab5 Flags=1082654752 Link=31
      Origin   -00062.800049,-00013.200012,+00056.000038
      Normal   -00001.000000,+00000.000000,+00000.000000
      TextureU +00000.000000,-00001.000000,+00000.000000
      TextureV +00000.000000,+00000.000000,-00001.000000
      Vertex   -00062.800049,-00013.199921,-00048.000000
      Vertex   -00062.800049,-00018.088928,-00026.000000
      Vertex   -00062.800049,-00013.199921,-00026.000000
   End Polygon
   Begin Polygon Texture=Cab5 Flags=1082654752 Link=35
      Origin   -00062.800049,-00019.600067,+00056.000038
      Normal   -00001.000000,+00000.000000,+00000.000000
      TextureU +00000.000000,-00001.000000,+00000.000000
      TextureV +00000.000000,+00000.000000,-00001.000000
      Vertex   -00062.800049,-00018.088928,-00026.000000
      Vertex   -00062.800049,-00013.199921,-00048.000000
      Vertex   -00062.800049,-00019.600067,-00048.000000
      Vertex   -00062.800049,-00019.600067,-00020.000000
   End Polygon
   Begin Polygon Texture=Cab5 Flags=1082654752 Link=36
      Origin   +00052.399963,-00026.000000,+00044.000000
      Normal   +00001.000000,+00000.000000,+00000.000000
      TextureU +00000.000000,+00001.000000,+00000.000000
      TextureV +00000.000000,+00000.000000,-00001.000000
      Vertex   +00052.399963,-00019.600098,-00019.200012
      Vertex   +00052.399963,-00019.600098,-00014.513733
      Vertex   +00052.399963,-00020.442581,-00008.000282
      Vertex   +00052.399963,-00021.191162,-00000.399971
      Vertex   +00052.399963,-00023.018234,-00000.399971
   End Polygon
   Begin Polygon Item=Wall Texture=Thrug-grn Flags=1082654752 Link=37
      Origin   -00011.600586,+00056.466797,+00056.000710
      Normal   +00000.707109,-00000.000000,+00000.707105
      TextureU +00000.000000,+00001.000000,+00000.000000
      TextureV +00000.707107,+00000.000000,-00000.707107
      Vertex   +00054.000000,+00022.000000,-00009.600006
      Vertex   +00052.399963,+00022.000000,-00007.999969
      Vertex   +00052.399963,-00019.600098,-00008.000000
      Vertex   +00054.000000,-00019.600098,-00009.600006
   End Polygon
   Begin Polygon Item=Wall Texture=Thrug-grn Flags=1082654752 Link=38
      Origin   +00122.913597,+00056.466812,+00055.999657
      Normal   +00000.707107,+00000.000000,-00000.707107
      TextureU +00000.000000,+00001.000000,+00000.000000
      TextureV -00000.707108,+00000.000000,-00000.707105
      Vertex   +00052.399963,+00022.000000,-00014.513733
      Vertex   +00054.000000,+00022.000000,-00012.913727
      Vertex   +00054.000000,-00019.600098,-00012.913727
      Vertex   +00052.399963,-00019.600098,-00014.513733
   End Polygon
   Begin Polygon Item=Wall Texture=Thrug-grn Flags=1082654752 Link=39
      Origin   +00053.999969,+00022.000000,+00056.000046
      Normal   +00001.000000,+00000.000000,+00000.000000
      TextureU +00000.000000,+00001.000000,+00000.000000
      TextureV +00000.000000,+00000.000000,-00001.000000
      Vertex   +00054.000000,+00022.000000,-00012.913727
      Vertex   +00054.000000,+00022.000000,-00009.600006
      Vertex   +00054.000000,-00019.600098,-00009.600006
      Vertex   +00054.000000,-00019.600098,-00012.913727
   End Polygon
   Begin Polygon Texture=Cab5 Flags=1082130464 Link=40
      Origin   +00301.999969,+00022.000000,+00044.000000
      Normal   +00000.000000,+00001.000000,+00000.000000
      TextureU +00000.000000,+00000.000000,-00001.000000
      TextureV +00001.000000,+00000.000000,+00000.000000
      Vertex   +00054.000000,+00022.000000,-00012.913727
      Vertex   +00052.399963,+00022.000000,-00014.513733
      Vertex   +00052.399963,+00022.000000,-00007.999969
      Vertex   +00054.000000,+00022.000000,-00009.600006
   End Polygon
   Begin Polygon Item=Cap Texture=Cab5 Flags=1082654752 Link=13
      Origin   -00058.743164,-00019.600067,+00056.000038
      Normal   +00000.000000,-00001.000000,+00000.000000
      TextureU +00001.000000,+00000.000000,+00000.000000
      TextureV +00000.000000,+00000.000000,-00001.000000
      Vertex   +00052.399963,-00019.600098,-00014.513733
      Vertex   +00054.000000,-00019.600098,-00012.913727
      Vertex   +00054.000000,-00019.600098,-00009.600006
      Vertex   +00052.399963,-00019.600098,-00008.000000
   End Polygon
   Begin Polygon Texture=Thrug-grn Flags=1082654752 Link=2
      Origin   +00236.400513,-00026.871887,+00056.000015
      Normal   -00000.000003,+00000.983870,+00000.178884
      TextureU -00001.000000,+00000.000000,+00000.000000
      TextureV -00000.000001,+00000.178884,-00000.983870
      Vertex   +00052.399963,-00016.109131,-00003.200012
      Vertex   +00052.399963,-00015.371582,-00007.256866
      Vertex   +00048.343140,-00015.371582,-00007.256866
   End Polygon
   Begin Polygon Item=Wall Texture=Thrug-grn Flags=1082654752 Link=37
      Origin   -00011.600586,+00056.466797,+00056.000710
      Normal   +00000.707109,-00000.000000,+00000.707105
      TextureU +00000.000000,+00001.000000,+00000.000000
      TextureV +00000.707107,+00000.000000,-00000.707107
      Vertex   +00052.399963,-00015.236397,-00007.999969
      Vertex   +00052.399963,+00022.000000,-00007.999969
      Vertex   +00051.656860,+00022.000000,-00007.256866
      Vertex   +00051.656860,-00015.371582,-00007.256866
   End Polygon
   Begin Polygon Item=Wall Texture=Thrug-grn Flags=1082654752 Link=44
      Origin   +00111.599297,+00056.466812,+00055.999260
      Normal   -00000.707109,+00000.000000,+00000.707105
      TextureU +00000.000000,-00001.000000,+00000.000000
      TextureV -00000.707108,+00000.000000,-00000.707105
      Vertex   +00048.343140,+00022.000000,-00007.256866
      Vertex   +00046.000000,+00022.000000,-00009.600006
      Vertex   +00045.999939,-00014.945313,-00009.600006
      Vertex   +00048.343140,-00015.371582,-00007.256866
   End Polygon
   Begin Polygon Item=Wall Texture=Thrug-grn Flags=1082654752 Link=45
      Origin   +00236.400146,+00056.466797,-00007.143158
      Normal   +00000.000000,+00000.000000,+00001.000000
      TextureU +00001.000000,+00000.000000,+00000.000000
      TextureV +00000.000000,+00001.000000,+00000.000000
      Vertex   +00051.656860,+00022.000000,-00007.256866
      Vertex   +00048.343140,+00022.000000,-00007.256866
      Vertex   +00048.343140,-00015.371582,-00007.256866
      Vertex   +00051.656860,-00015.371582,-00007.256866
   End Polygon
   Begin Polygon Texture=Cab5 Flags=1082130464 Link=40
      Origin   +00301.999969,+00022.000000,+00044.000000
      Normal   +00000.000000,+00001.000000,+00000.000000
      TextureU +00000.000000,+00000.000000,-00001.000000
      TextureV +00001.000000,+00000.000000,+00000.000000
      Vertex   +00046.000000,+00022.000000,-00009.600006
      Vertex   +00048.343140,+00022.000000,-00007.256866
      Vertex   +00051.656860,+00022.000000,-00007.256866
      Vertex   +00052.399963,+00022.000000,-00007.999969
      Vertex   +00052.399963,+00022.000000,-00048.000000
      Vertex   +00046.000000,+00022.000000,-00048.000000
   End Polygon
   Begin Polygon Texture=Thrug-grn Flags=1082654752 Link=28
      Origin   +00236.400146,+00056.466797,-00047.999977
      Normal   +00000.000000,+00000.000000,-00001.000000
      TextureU +00001.000000,+00000.000000,+00000.000000
      TextureV +00000.000000,+00001.000000,+00000.000000
      Vertex   +00046.000000,+00022.000000,-00048.000000
      Vertex   +00052.399963,+00022.000000,-00048.000000
      Vertex   +00052.399963,-00013.199951,-00048.000000
      Vertex   +00046.000000,-00013.199951,-00048.000000
   End Polygon
   Begin Polygon Texture=Thrug-grn Flags=1082654752 Link=2
      Origin   +00236.400513,-00026.871887,+00056.000015
      Normal   -00000.000003,+00000.983870,+00000.178884
      TextureU -00001.000000,+00000.000000,+00000.000000
      TextureV -00000.000001,+00000.178884,-00000.983870
      Vertex   +00052.399963,-00016.109131,-00003.200012
      Vertex   +00045.999939,-00014.945313,-00009.600006
      Vertex   +00045.999939,-00019.599854,+00015.999973
      Vertex   +00052.399963,-00019.599854,+00015.999973
   End Polygon
   Begin Polygon Texture=Thrug-grn Flags=1082654752 Link=2
      Origin   +00236.400513,-00026.871887,+00056.000015
      Normal   -00000.000003,+00000.983870,+00000.178884
      TextureU -00001.000000,+00000.000000,+00000.000000
      TextureV -00000.000001,+00000.178884,-00000.983870
      Vertex   +00051.656860,-00015.371582,-00007.256866
      Vertex   +00052.399963,-00015.371582,-00007.256866
      Vertex   +00052.399963,-00015.236397,-00007.999969
   End Polygon
   Begin Polygon Texture=Cab5 Flags=1082654752 Link=50
      Origin   +00052.399963,-00013.199951,+00044.000000
      Normal   +00001.000000,+00000.000000,+00000.000000
      TextureU +00000.000000,+00001.000000,+00000.000000
      TextureV +00000.000000,+00000.000000,-00001.000000
      Vertex   +00052.399963,-00019.600098,-00014.513733
      Vertex   +00052.399963,-00019.600098,-00019.200012
      Vertex   +00052.399963,-00019.339485,-00019.200012
   End Polygon
   Begin Polygon Texture=Cab5 Flags=1082654752 Link=51
      Origin   +00052.399963,-00013.199951,+00044.000000
      Normal   +00001.000000,+00000.000000,+00000.000000
      TextureU +00000.000000,+00001.000000,+00000.000000
      TextureV +00000.000000,+00000.000000,-00001.000000
      Vertex   +00052.399963,-00013.199951,-00019.200012
      Vertex   +00052.399963,-00019.600098,-00019.200012
      Vertex   +00052.399963,-00019.600098,-00020.000000
      Vertex   +00052.399963,-00018.177849,-00025.600006
      Vertex   +00052.399963,-00012.036324,-00025.600006
   End Polygon
   Begin Polygon Texture=Cab5 Flags=1082654752 Link=51
      Origin   +00052.399963,-00013.199951,+00044.000000
      Normal   +00001.000000,+00000.000000,+00000.000000
      TextureU +00000.000000,+00001.000000,+00000.000000
      TextureV +00000.000000,+00000.000000,-00001.000000
      Vertex   +00052.399963,+00022.000000,-00014.513733
      Vertex   +00052.399963,-00014.052002,-00014.513733
      Vertex   +00052.399963,-00012.036324,-00025.600006
      Vertex   +00052.399963,+00022.000000,-00025.600006
   End Polygon
   Begin Polygon Texture=Cab5 Flags=1082654752 Link=50
      Origin   +00052.399963,-00013.199951,+00044.000000
      Normal   +00001.000000,+00000.000000,+00000.000000
      TextureU +00000.000000,+00001.000000,+00000.000000
      TextureV +00000.000000,+00000.000000,-00001.000000
      Vertex   +00052.399963,-00014.052002,-00014.513733
      Vertex   +00052.399963,-00019.600098,-00014.513733
      Vertex   +00052.399963,-00019.600082,-00016.554222
      Vertex   +00052.399963,-00019.339485,-00019.200012
      Vertex   +00052.399963,-00013.199951,-00019.200012
   End Polygon
   Begin Polygon Texture=Cab5 Flags=1082654752 Link=50
      Origin   +00052.399963,-00013.199951,+00044.000000
      Normal   +00001.000000,+00000.000000,+00000.000000
      TextureU +00000.000000,+00001.000000,+00000.000000
      TextureV +00000.000000,+00000.000000,-00001.000000
      Vertex   +00052.399963,-00019.600098,-00008.000000
      Vertex   +00052.399963,-00015.236397,-00007.999969
      Vertex   +00052.399963,-00015.371582,-00007.256866
      Vertex   +00052.399963,-00019.599854,+00015.999973
   End Polygon
   Begin Polygon Texture=Cab5 Flags=1082654752 Link=36
      Origin   +00052.399963,-00026.000000,+00044.000000
      Normal   +00001.000000,+00000.000000,+00000.000000
      TextureU +00000.000000,+00001.000000,+00000.000000
      TextureV +00000.000000,+00000.000000,-00001.000000
      Vertex   +00052.399963,-00020.442581,-00008.000282
      Vertex   +00052.399963,-00019.600098,-00014.513733
      Vertex   +00052.399963,-00019.600021,-00000.399971
      Vertex   +00052.399963,-00021.191162,-00000.399971
   End Polygon
   Begin Polygon Texture=Cab5 Flags=1082654752 Link=51
      Origin   +00052.399963,-00013.199951,+00044.000000
      Normal   +00001.000000,+00000.000000,+00000.000000
      TextureU +00000.000000,+00001.000000,+00000.000000
      TextureV +00000.000000,+00000.000000,-00001.000000
      Vertex   +00052.399963,-00013.199951,-00048.000000
      Vertex   +00052.399963,+00022.000000,-00048.000000
      Vertex   +00052.399963,+00022.000000,-00025.600006
      Vertex   +00052.399963,-00018.177849,-00025.600006
   End Polygon
   Begin Polygon Texture=Cab5 Flags=1082654752 Link=57
      Origin   +00052.399963,-00013.199951,+00044.000000
      Normal   +00001.000000,+00000.000000,+00000.000000
      TextureU +00000.000000,+00001.000000,+00000.000000
      TextureV +00000.000000,+00000.000000,-00001.000000
      Vertex   +00052.399963,-00019.600098,-00048.000000
      Vertex   +00052.399963,-00013.199951,-00048.000000
      Vertex   +00052.399963,-00018.088959,-00026.000000
      Vertex   +00052.399963,-00019.600098,-00026.000000
   End Polygon
   Begin Polygon Texture=Cab5 Flags=1082654752 Link=57
      Origin   +00052.399963,-00013.199951,+00044.000000
      Normal   +00001.000000,+00000.000000,+00000.000000
      TextureU +00000.000000,+00001.000000,+00000.000000
      TextureV +00000.000000,+00000.000000,-00001.000000
      Vertex   +00052.399963,-00018.669739,-00026.000000
      Vertex   +00052.399963,-00018.719910,-00025.600006
      Vertex   +00052.399963,-00019.600098,-00020.000000
      Vertex   +00052.399963,-00019.600098,-00026.000000
   End Polygon
   Begin Polygon Texture=Cab5 Flags=1082654752 Link=57
      Origin   +00052.399963,-00013.199951,+00044.000000
      Normal   +00001.000000,+00000.000000,+00000.000000
      TextureU +00000.000000,+00001.000000,+00000.000000
      TextureV +00000.000000,+00000.000000,-00001.000000
      Vertex   +00052.399963,-00018.719910,-00025.600006
      Vertex   +00052.399963,-00018.669739,-00026.000000
      Vertex   +00052.399963,-00018.088959,-00026.000000
      Vertex   +00052.399963,-00018.177849,-00025.600006
      Vertex   +00052.399963,-00019.600098,-00020.000000
   End Polygon
   Begin Polygon Texture=Cab5 Flags=1082654752 Link=36
      Origin   +00052.399963,-00026.000000,+00044.000000
      Normal   +00001.000000,+00000.000000,+00000.000000
      TextureU +00000.000000,+00001.000000,+00000.000000
      TextureV +00000.000000,+00000.000000,-00001.000000
      Vertex   +00052.399963,-00019.599854,+00015.999973
      Vertex   +00052.399963,-00026.000000,+00015.999973
      Vertex   +00052.399963,-00023.018234,-00000.399971
      Vertex   +00052.399963,-00019.600021,-00000.399971
   End Polygon
   Begin Polygon Texture=Thrug-grn Flags=1082654752 Link=0
      Origin   +00045.999939,-00016.399902,+00056.000046
      Normal   -00001.000000,+00000.000000,+00000.000000
      TextureU +00000.000000,-00001.000000,+00000.000000
      TextureV +00000.000000,+00000.000000,-00001.000000
      Vertex   +00046.000000,+00022.000000,-00048.000000
      Vertex   +00046.000000,-00013.199951,-00048.000000
      Vertex   +00045.999939,-00013.199951,-00025.600006
      Vertex   +00046.000000,+00022.000000,-00025.600006
   End Polygon
End PolyList
