Begin PolyList
   Begin Polygon Item=OUTSIDE Flags=-1073741824 Link=0
      Origin   -00128.000000,+00064.000000,-00032.000000
      Normal   +00000.000000,+00000.000000,-00001.000000
      TextureU +00000.000000,-00001.000000,+00000.000000
      TextureV -00001.000000,+00000.000000,+00000.000000
      Vertex   +00049.000000,-00027.000000,-00032.000000
      Vertex   -00047.000000,-00027.000000,-00032.000000
      Vertex   -00047.000000,+00021.000000,-00032.000000
      Vertex   +00049.000000,+00021.000000,-00032.000000
   End Polygon
   Begin Polygon Item=OUTSIDE Texture=Street_B Flags=1073741824 Link=1
      Origin   -00051.000000,+00033.000000,+00020.000000
      Normal   +00000.000000,+00001.000000,+00000.000000
      TextureU +00001.000000,+00000.000000,+00000.000000
      TextureV +00000.000000,+00000.000000,-00001.000000
      Vertex   -00051.000000,+00033.000000,+00020.000000
      Vertex   -00051.000000,+00033.000000,+00024.000000
      Vertex   +00053.000000,+00033.000000,+00024.000000
      Vertex   +00053.000000,+00033.000000,+00020.000000
   End Polygon
   Begin Polygon Item=OUTSIDE Texture=Street_B Flags=1073741824 Link=2
      Origin   -00051.000000,+00033.000000,+00020.000000
      Normal   +00000.000000,+00000.000000,-00001.000000
      TextureU +00000.000000,-00001.000000,+00000.000000
      TextureV -00001.000000,+00000.000000,+00000.000000
      Vertex   -00051.000000,+00033.000000,+00020.000000
      Vertex   +00053.000000,+00033.000000,+00020.000000
      Vertex   +00053.000000,-00039.000000,+00020.000000
      Vertex   -00051.000000,-00039.000000,+00020.000000
   End Polygon
   Begin Polygon Item=OUTSIDE Texture=un_woodfloor_a Flags=1073741856 Link=3
      Origin   -00047.000000,+00021.185059,-00030.797688
      Normal   +00000.000000,+00000.988372,-00000.152057
      TextureU +00001.000000,+00000.000000,+00000.000000
      TextureV +00000.000000,-00000.152057,-00000.988372
      Vertex   -00047.000000,+00021.000000,-00032.000000
      Vertex   -00047.000000,+00029.000000,+00020.000000
      Vertex   +00049.000000,+00029.000000,+00020.000000
      Vertex   +00049.000000,+00021.000000,-00032.000000
   End Polygon
   Begin Polygon Item=OUTSIDE Texture=un_woodfloor_a Flags=1073741856 Link=4
      Origin   +00049.000000,-00027.185059,-00030.797688
      Normal   +00000.000000,-00000.988372,-00000.152057
      TextureU -00001.000000,+00000.000000,+00000.000000
      TextureV +00000.000000,+00000.152057,-00000.988372
      Vertex   +00049.000000,-00027.000000,-00032.000000
      Vertex   +00049.000000,-00035.000000,+00020.000000
      Vertex   -00047.000000,-00035.000000,+00020.000000
      Vertex   -00047.000000,-00027.000000,-00032.000000
   End Polygon
   Begin Polygon Item=OUTSIDE Texture=un_woodfloor_a Flags=1073741856 Link=5
      Origin   +00049.000000,+00029.000000,-00032.000000
      Normal   +00001.000000,+00000.000000,+00000.000000
      TextureU +00000.000000,-00000.988372,+00000.152057
      TextureV +00000.000000,-00000.152057,-00000.988372
      Vertex   +00049.000000,+00021.000000,-00032.000000
      Vertex   +00049.000000,+00029.000000,+00020.000000
      Vertex   +00049.000000,-00035.000000,+00020.000000
      Vertex   +00049.000000,-00027.000000,-00032.000000
   End Polygon
   Begin Polygon Item=OUTSIDE Texture=un_woodfloor_a Flags=1073741856 Link=6
      Origin   -00047.000000,-00035.000000,-00032.000000
      Normal   -00001.000000,+00000.000000,+00000.000000
      TextureU +00000.000000,+00000.988372,+00000.152057
      TextureV +00000.000000,+00000.152057,-00000.988372
      Vertex   -00047.000000,-00027.000000,-00032.000000
      Vertex   -00047.000000,-00035.000000,+00020.000000
      Vertex   -00047.000000,+00029.000000,+00020.000000
      Vertex   -00047.000000,+00021.000000,-00032.000000
   End Polygon
   Begin Polygon Item=OUTSIDE Texture=Street_B Flags=1073741824 Link=7
      Origin   -00051.000000,-00039.000000,+00020.000000
      Normal   -00001.000000,+00000.000000,+00000.000000
      TextureU +00000.000000,+00001.000000,+00000.000000
      TextureV +00000.000000,+00000.000000,-00001.000000
      Vertex   -00051.000000,-00039.000000,+00020.000000
      Vertex   -00051.000000,-00039.000000,+00024.000000
      Vertex   -00051.000000,+00033.000000,+00024.000000
      Vertex   -00051.000000,+00033.000000,+00020.000000
   End Polygon
   Begin Polygon Item=OUTSIDE Texture=Street_B Flags=1073741824 Link=8
      Origin   +00053.000000,-00039.000000,+00020.000000
      Normal   +00000.000000,-00001.000000,+00000.000000
      TextureU -00001.000000,+00000.000000,+00000.000000
      TextureV +00000.000000,+00000.000000,-00001.000000
      Vertex   +00053.000000,-00039.000000,+00020.000000
      Vertex   +00053.000000,-00039.000000,+00024.000000
      Vertex   -00051.000000,-00039.000000,+00024.000000
      Vertex   -00051.000000,-00039.000000,+00020.000000
   End Polygon
   Begin Polygon Item=OUTSIDE Texture=Street_B Flags=1073741824 Link=9
      Origin   +00053.000000,+00033.000000,+00020.000000
      Normal   +00001.000000,+00000.000000,+00000.000000
      TextureU +00000.000000,-00001.000000,+00000.000000
      TextureV +00000.000000,+00000.000000,-00001.000000
      Vertex   +00053.000000,+00033.000000,+00020.000000
      Vertex   +00053.000000,+00033.000000,+00024.000000
      Vertex   +00053.000000,-00039.000000,+00024.000000
      Vertex   +00053.000000,-00039.000000,+00020.000000
   End Polygon
   Begin Polygon Item=OUTSIDE Texture=Street_B Flags=1073741824 Link=10
      Origin   -00051.000000,-00039.000000,+00024.000000
      Normal   +00000.000000,+00000.000000,+00001.000000
      TextureU +00000.000000,+00001.000000,+00000.000000
      TextureV -00001.000000,+00000.000000,+00000.000000
      Vertex   -00051.000000,-00039.000000,+00024.000000
      Vertex   +00053.000000,-00039.000000,+00024.000000
      Vertex   +00053.000000,+00033.000000,+00024.000000
      Vertex   -00051.000000,+00033.000000,+00024.000000
   End Polygon
End PolyList
