Begin PolyList
   Begin Polygon Texture=CT_RdRstMtl_01 Flags=-1073741824 Link=0
      Origin   -00004.000000,+00016.000000,-00016.000000
      Normal   -00001.000000,+00000.000000,+00000.000000
      TextureU +00000.000000,+00000.000000,+00001.000000
      TextureV +00000.000000,+00001.000000,+00000.000000
      Vertex   -00004.000000,+00002.700790,-00001.188362
      Vertex   -00004.000000,+00002.429382,+00000.821045
      Vertex   -00004.000000,+00002.810257,+00000.696648
      Vertex   -00004.000000,+00003.002258,-00000.008263
   End Polygon
   Begin Polygon Texture=CT_RdRstMtl_01 Flags=-1073741824 Link=0
      Origin   -00004.000000,+00016.000000,-00016.000000
      Normal   -00001.000000,+00000.000000,+00000.000000
      TextureU +00000.000000,+00000.000000,+00001.000000
      TextureV +00000.000000,+00001.000000,+00000.000000
      Vertex   -00004.000000,+00001.451324,-00000.866325
      Vertex   -00004.000000,+00001.072815,+00000.233032
      Vertex   -00004.000000,+00001.197037,+00000.737747
      Vertex   -00004.000000,+00001.648819,+00000.885300
      Vertex   -00004.000000,+00002.429382,+00000.821045
      Vertex   -00004.000000,+00002.652115,-00000.827919
      Vertex   -00004.000000,+00001.978943,-00001.005562
   End Polygon
   Begin Polygon Texture=CT_RdRstMtl_01 Flags=1073741856 Link=2
      Origin   +00001.799988,+00001.199997,+00005.000000
      Normal   +00000.000000,+00000.000000,+00001.000000
      TextureU -00000.970143,+00000.242535,-00000.000000
      TextureV -00000.242535,-00000.970143,-00000.000000
      Vertex   +00001.799988,+00001.199997,+00005.000000
      Vertex   +00002.000000,+00002.000000,+00005.000000
      Vertex   +00001.915131,+00001.702927,+00005.000000
      Vertex   +00001.000000,+00001.000000,+00005.000000
   End Polygon
   Begin Polygon Texture=CT_RdRstMtl_01 Flags=1073741856 Link=3
      Origin   +00001.000000,-00005.000000,+00013.000000
      Normal   -00000.000000,-00001.000000,-00000.000000
      TextureU +00000.242535,+00000.000000,-00000.970143
      TextureV +00000.970143,+00000.000000,+00000.242535
      Vertex   +00001.000000,-00005.000000,+00013.000000
      Vertex   +00000.200012,-00005.000000,+00012.800003
      Vertex   +00000.000000,-00005.000000,+00012.000000
      Vertex   +00000.200012,-00005.000000,+00011.300003
      Vertex   +00001.000000,-00005.000000,+00011.000000
      Vertex   +00001.799988,-00005.000000,+00011.300003
      Vertex   +00002.000000,-00005.000000,+00012.000000
      Vertex   +00001.799988,-00005.000000,+00012.800003
   End Polygon
   Begin Polygon Texture=CT_RdRstMtl_01 Flags=1073741856 Link=4
      Origin   +00001.000000,-00005.000000,+00013.000000
      Normal   +00000.249241,+00000.186930,+00000.950230
      TextureU -00000.045340,+00000.982371,-00000.181361
      TextureV -00000.967380,+00000.002119,+00000.253322
      Vertex   +00001.000000,-00005.000000,+00013.000000
      Vertex   +00001.799988,-00005.000000,+00012.800003
      Vertex   +00001.799988,-00002.000000,+00012.199997
      Vertex   +00001.000000,-00001.899994,+00012.400002
   End Polygon
   Begin Polygon Texture=CT_RdRstMtl_01 Flags=1073741856 Link=5
      Origin   +00000.200012,-00005.000000,+00012.800003
      Normal   -00000.249241,+00000.186930,+00000.950230
      TextureU +00000.045340,+00000.982371,-00000.181361
      TextureV -00000.967380,-00000.002119,-00000.253322
      Vertex   +00000.200012,-00005.000000,+00012.800003
      Vertex   +00001.000000,-00005.000000,+00013.000000
      Vertex   +00001.000000,-00001.899994,+00012.400002
      Vertex   +00000.200012,-00002.000000,+00012.199997
   End Polygon
   Begin Polygon Texture=CT_RdRstMtl_01 Flags=1073741856 Link=6
      Origin   +00000.000000,-00005.000000,+00012.000000
      Normal   -00000.967470,+00000.047938,+00000.248404
      TextureU +00000.046507,+00000.998850,-00000.011627
      TextureV -00000.248676,+00000.000304,-00000.968587
      Vertex   +00000.000000,-00005.000000,+00012.000000
      Vertex   +00000.200012,-00005.000000,+00012.800003
      Vertex   +00000.200012,-00002.000000,+00012.199997
      Vertex   +00000.000000,-00002.300003,+00011.500000
   End Polygon
   Begin Polygon Texture=CT_RdRstMtl_01 Flags=1073741856 Link=7
      Origin   +00000.000000,-00002.300003,+00011.500000
      Normal   -00000.969457,+00000.140934,+00000.200725
      TextureU +00000.048819,+00000.912923,-00000.405201
      TextureV -00000.240353,-00000.383026,-00000.891920
      Vertex   +00000.200012,+00000.500000,+00010.500000
      Vertex   +00000.000000,-00000.100006,+00009.900002
      Vertex   +00000.000000,-00002.300003,+00011.500000
      Vertex   +00000.200012,-00002.000000,+00012.199997
   End Polygon
   Begin Polygon Texture=CT_RdRstMtl_01 Flags=1073741856 Link=8
      Origin   +00000.200012,+00002.199997,+00008.000000
      Normal   -00000.249241,+00000.950230,+00000.186930
      TextureU +00000.069391,+00000.210049,-00000.975225
      TextureV -00000.965952,-00000.230094,-00000.118290
      Vertex   +00000.621704,+00002.905426,+00005.000000
      Vertex   +00000.299988,+00002.800003,+00005.000000
      Vertex   +00000.297668,+00002.363358,+00007.305244
      Vertex   +00000.200012,+00002.199997,+00008.000000
      Vertex   +00001.000000,+00002.399994,+00008.099998
      Vertex   +00001.000000,+00003.000000,+00005.000000
   End Polygon
   Begin Polygon Texture=CT_RdRstMtl_01 Flags=1073741856 Link=9
      Origin   +00000.000000,+00001.500000,+00007.699997
      Normal   -00000.967470,+00000.248404,+00000.047938
      TextureU +00000.052027,+00000.380791,-00000.923196
      TextureV -00000.247580,-00000.890670,-00000.381327
      Vertex   +00000.000000,+00001.500000,+00007.699997
      Vertex   +00000.200012,+00002.199997,+00008.000000
      Vertex   +00000.297668,+00002.363358,+00007.305244
      Vertex   +00000.299988,+00002.800003,+00005.000000
      Vertex   +00000.000000,+00002.000000,+00005.000000
   End Polygon
   Begin Polygon Texture=CT_RdRstMtl_01 Flags=1073741856 Link=10
      Origin   +00000.200012,-00000.600006,+00009.400002
      Normal   -00000.963588,-00000.217584,-00000.155417
      TextureU -00000.042301,+00000.697963,-00000.714883
      TextureV +00000.264023,-00000.682279,-00000.681753
      Vertex   +00000.000000,+00001.500000,+00007.699997
      Vertex   +00000.200012,+00000.800003,+00007.400002
      Vertex   +00000.200012,-00000.600006,+00009.400002
      Vertex   +00000.000000,-00000.100006,+00009.900002
   End Polygon
   Begin Polygon Texture=CT_RdRstMtl_01 Flags=1073741856 Link=11
      Origin   +00000.200012,-00005.000000,+00011.300003
      Normal   -00000.963110,-00000.051780,-00000.264079
      TextureU -00000.049791,+00000.998658,-00000.014226
      TextureV +00000.264461,-00000.000552,-00000.964396
      Vertex   +00000.200012,-00005.000000,+00011.300003
      Vertex   +00000.000000,-00005.000000,+00012.000000
      Vertex   +00000.000000,-00002.300003,+00011.500000
      Vertex   +00000.200012,-00002.600006,+00010.800003
   End Polygon
   Begin Polygon Texture=CT_RdRstMtl_01 Flags=1073741856 Link=12
      Origin   +00000.200012,+00000.800003,+00007.400002
      Normal   -00000.963110,-00000.264079,-00000.051780
      TextureU -00000.054584,+00000.380116,-00000.923327
      TextureV +00000.263513,-00000.886439,-00000.380508
      Vertex   +00000.200012,+00000.800003,+00007.400002
      Vertex   +00000.000000,+00001.500000,+00007.699997
      Vertex   +00000.000000,+00002.000000,+00005.000000
      Vertex   +00000.299988,+00001.199997,+00005.000000
   End Polygon
   Begin Polygon Texture=CT_RdRstMtl_01 Flags=1073741856 Link=13
      Origin   +00001.000000,-00005.000000,+00011.000000
      Normal   -00000.355052,-00000.194549,-00000.914379
      TextureU -00000.068315,+00000.980890,-00000.182173
      TextureV +00000.932347,-00000.002215,-00000.361557
      Vertex   +00001.000000,-00005.000000,+00011.000000
      Vertex   +00000.200012,-00005.000000,+00011.300003
      Vertex   +00000.200012,-00002.600006,+00010.800003
      Vertex   +00001.000000,-00002.699997,+00010.500000
   End Polygon
   Begin Polygon Texture=CT_RdRstMtl_01 Flags=1073741856 Link=14
      Origin   +00000.000000,-00000.100006,+00009.900002
      Normal   -00000.969457,+00000.200725,+00000.140934
      TextureU +00000.041154,+00000.699615,-00000.713333
      TextureV -00000.241783,-00000.685746,-00000.686508
      Vertex   +00000.000000,+00001.500000,+00007.699997
      Vertex   +00000.000000,-00000.100006,+00009.900002
      Vertex   +00000.200012,+00000.500000,+00010.500000
      Vertex   +00000.295624,+00000.852844,+00010.028221
      Vertex   +00000.200012,+00002.199997,+00008.000000
   End Polygon
   Begin Polygon Texture=CT_RdRstMtl_01 Flags=1073741856 Link=15
      Origin   +00001.000000,+00002.399994,+00008.099998
      Normal   +00000.249241,+00000.950230,+00000.186930
      TextureU -00000.069391,+00000.210049,-00000.975225
      TextureV -00000.965952,+00000.230094,+00000.118290
      Vertex   +00001.799988,+00002.800003,+00005.000000
      Vertex   +00001.000000,+00003.000000,+00005.000000
      Vertex   +00001.000000,+00002.399994,+00008.099998
      Vertex   +00001.799988,+00002.199997,+00008.000000
   End Polygon
   Begin Polygon Texture=CT_RdRstMtl_01 Flags=1073741856 Link=16
      Origin   +00000.200012,+00000.500000,+00010.500000
      Normal   -00000.297856,+00000.794284,+00000.529523
      TextureU +00000.062435,+00000.569722,-00000.819463
      TextureV -00000.952567,-00000.211021,-00000.219287
      Vertex   +00000.200012,+00002.199997,+00008.000000
      Vertex   +00000.295624,+00000.852844,+00010.028221
      Vertex   +00000.200012,+00000.500000,+00010.500000
      Vertex   +00001.000000,+00000.699997,+00010.699997
      Vertex   +00001.000000,+00002.399994,+00008.099998
   End Polygon
   Begin Polygon Texture=CT_RdRstMtl_01 Flags=1073741856 Link=17
      Origin   +00001.799988,+00002.199997,+00008.000000
      Normal   +00000.967470,+00000.248404,+00000.047938
      TextureU -00000.052027,+00000.380791,-00000.923196
      TextureV -00000.247580,+00000.890670,+00000.381327
      Vertex   +00002.000000,+00001.500000,+00007.699997
      Vertex   +00002.000000,+00002.000000,+00005.000000
      Vertex   +00001.799988,+00002.800003,+00005.000000
      Vertex   +00001.799988,+00002.199997,+00008.000000
   End Polygon
   Begin Polygon Texture=CT_RdRstMtl_01 Flags=1073741856 Link=18
      Origin   +00001.799988,+00000.500000,+00010.500000
      Normal   +00000.969457,+00000.200725,+00000.140934
      TextureU -00000.041154,+00000.699615,-00000.713333
      TextureV -00000.241783,+00000.685746,+00000.686508
      Vertex   +00002.000000,-00000.100006,+00009.900002
      Vertex   +00002.000000,+00001.500000,+00007.699997
      Vertex   +00001.799988,+00002.199997,+00008.000000
      Vertex   +00001.799988,+00000.500000,+00010.500000
   End Polygon
   Begin Polygon Texture=CT_RdRstMtl_01 Flags=1073741856 Link=19
      Origin   +00001.000000,+00000.699997,+00010.699997
      Normal   +00000.297856,+00000.794284,+00000.529523
      TextureU -00000.062435,+00000.569722,-00000.819463
      TextureV -00000.952567,+00000.211021,+00000.219287
      Vertex   +00001.799988,+00002.199997,+00008.000000
      Vertex   +00001.000000,+00002.399994,+00008.099998
      Vertex   +00001.000000,+00000.699997,+00010.699997
      Vertex   +00001.799988,+00000.500000,+00010.500000
   End Polygon
   Begin Polygon Texture=CT_RdRstMtl_01 Flags=1073741856 Link=20
      Origin   +00001.799988,-00002.000000,+00012.199997
      Normal   +00000.969457,+00000.140934,+00000.200725
      TextureU -00000.048819,+00000.912923,-00000.405201
      TextureV -00000.240353,+00000.383026,+00000.891920
      Vertex   +00002.000000,-00000.100006,+00009.900002
      Vertex   +00001.799988,+00000.500000,+00010.500000
      Vertex   +00001.799988,-00002.000000,+00012.199997
      Vertex   +00002.000000,-00002.300003,+00011.500000
   End Polygon
   Begin Polygon Texture=CT_RdRstMtl_01 Flags=1073741856 Link=21
      Origin   +00001.799988,-00005.000000,+00011.300003
      Normal   +00000.355052,-00000.194549,-00000.914379
      TextureU +00000.068315,+00000.980890,-00000.182173
      TextureV +00000.932347,+00000.002215,+00000.361557
      Vertex   +00001.799988,-00005.000000,+00011.300003
      Vertex   +00001.000000,-00005.000000,+00011.000000
      Vertex   +00001.000000,-00002.699997,+00010.500000
      Vertex   +00001.799988,-00002.600006,+00010.800003
   End Polygon
   Begin Polygon Texture=CT_RdRstMtl_01 Flags=1073741856 Link=22
      Origin   +00002.000000,-00000.100006,+00009.900002
      Normal   +00000.963588,-00000.217584,-00000.155417
      TextureU +00000.042301,+00000.697963,-00000.714883
      TextureV +00000.264023,+00000.682279,+00000.681753
      Vertex   +00001.799988,-00000.600006,+00009.400002
      Vertex   +00001.799988,-00000.107849,+00008.696930
      Vertex   +00001.592255,+00000.049988,+00008.334206
      Vertex   +00001.799988,+00000.800003,+00007.400002
      Vertex   +00002.000000,+00001.500000,+00007.699997
      Vertex   +00002.000000,-00000.100006,+00009.900002
   End Polygon
   Begin Polygon Texture=CT_RdRstMtl_01 Flags=1073741856 Link=23
      Origin   +00001.799988,+00000.800003,+00007.400002
      Normal   +00000.355052,-00000.914379,-00000.194549
      TextureU +00000.038449,+00000.222215,-00000.974239
      TextureV +00000.934056,+00000.338425,+00000.114055
      Vertex   +00001.799988,+00001.199997,+00005.000000
      Vertex   +00001.799988,+00001.104645,+00005.937744
      Vertex   +00001.799988,+00000.800003,+00007.400002
      Vertex   +00001.000000,+00000.500000,+00007.300003
      Vertex   +00001.000000,+00001.000000,+00005.000000
   End Polygon
   Begin Polygon Texture=CT_RdRstMtl_01 Flags=1073741856 Link=24
      Origin   +00002.000000,+00001.500000,+00007.699997
      Normal   +00000.963110,-00000.264079,-00000.051780
      TextureU +00000.054584,+00000.380116,-00000.923327
      TextureV +00000.263513,+00000.886439,+00000.380508
      Vertex   +00001.799988,+00000.800003,+00007.400002
      Vertex   +00001.799988,+00001.104645,+00005.937744
      Vertex   +00001.799988,+00001.199997,+00005.000000
      Vertex   +00001.915131,+00001.702927,+00005.000000
      Vertex   +00002.000000,+00002.000000,+00005.000000
      Vertex   +00002.000000,+00001.500000,+00007.699997
   End Polygon
   Begin Polygon Texture=CT_RdRstMtl_01 Flags=1073741856 Link=25
      Origin   +00001.000000,+00000.500000,+00007.300003
      Normal   -00000.355052,-00000.914379,-00000.194549
      TextureU -00000.038449,+00000.222215,-00000.974239
      TextureV +00000.934056,-00000.338425,-00000.114055
      Vertex   +00000.200012,+00000.800003,+00007.400002
      Vertex   +00000.299988,+00001.199997,+00005.000000
      Vertex   +00001.000000,+00001.000000,+00005.000000
      Vertex   +00001.000000,+00000.500000,+00007.300003
   End Polygon
   Begin Polygon Texture=CT_RdRstMtl_01 Flags=1073741856 Link=26
      Origin   +00001.000000,-00002.699997,+00010.500000
      Normal   -00000.341765,-00000.534935,-00000.772684
      TextureU -00000.096741,+00000.837850,-00000.537260
      TextureV +00000.934793,-00000.108866,-00000.338098
      Vertex   +00000.200012,-00000.600006,+00009.400002
      Vertex   +00001.000000,-00000.800003,+00009.199997
      Vertex   +00001.000000,-00002.699997,+00010.500000
      Vertex   +00000.200012,-00002.600006,+00010.800003
   End Polygon
   Begin Polygon Texture=CT_RdRstMtl_01 Flags=1073741856 Link=27
      Origin   +00001.000000,-00000.800003,+00009.199997
      Normal   -00000.341765,-00000.772684,-00000.534935
      TextureU -00000.056044,+00000.584954,-00000.809128
      TextureV +00000.938113,-00000.246552,-00000.243221
      Vertex   +00000.200012,-00000.600006,+00009.400002
      Vertex   +00000.200012,+00000.800003,+00007.400002
      Vertex   +00001.000000,+00000.500000,+00007.300003
      Vertex   +00001.000000,-00000.800003,+00009.199997
   End Polygon
   Begin Polygon Texture=CT_RdRstMtl_01 Flags=1073741856 Link=28
      Origin   +00001.799988,-00000.600006,+00009.400002
      Normal   +00000.341765,-00000.772684,-00000.534935
      TextureU +00000.056044,+00000.584954,-00000.809128
      TextureV +00000.938113,+00000.246552,+00000.243221
      Vertex   +00001.000000,-00000.800003,+00009.199997
      Vertex   +00001.000000,+00000.500000,+00007.300003
      Vertex   +00001.799988,-00000.107849,+00008.696930
      Vertex   +00001.799988,-00000.600006,+00009.400002
   End Polygon
   Begin Polygon Texture=CT_RdRstMtl_01 Flags=1073741856 Link=29
      Origin   +00001.799988,-00002.600006,+00010.800003
      Normal   +00000.341765,-00000.534935,-00000.772684
      TextureU +00000.096741,+00000.837850,-00000.537260
      TextureV +00000.934793,+00000.108866,+00000.338098
      Vertex   +00001.000000,-00002.699997,+00010.500000
      Vertex   +00001.000000,-00000.800003,+00009.199997
      Vertex   +00001.799988,-00000.600006,+00009.400002
      Vertex   +00001.799988,-00002.600006,+00010.800003
   End Polygon
   Begin Polygon Texture=CT_RdRstMtl_01 Flags=1073741856 Link=28
      Origin   +00001.799988,-00000.600006,+00009.400002
      Normal   +00000.341765,-00000.772684,-00000.534935
      TextureU +00000.056044,+00000.584954,-00000.809128
      TextureV +00000.938113,+00000.246552,+00000.243221
      Vertex   +00001.000000,+00000.500000,+00007.300003
      Vertex   +00001.799988,+00000.800003,+00007.400002
      Vertex   +00001.592255,+00000.049988,+00008.334206
      Vertex   +00001.799988,-00000.107849,+00008.696930
   End Polygon
   Begin Polygon Texture=CT_RdRstMtl_01 Flags=1073741856 Link=31
      Origin   +00002.000000,-00002.300003,+00011.500000
      Normal   +00000.963588,-00000.155417,-00000.217584
      TextureU +00000.055268,+00000.911926,-00000.406616
      TextureV +00000.261616,+00000.379785,+00000.887311
      Vertex   +00001.799988,-00002.600006,+00010.800003
      Vertex   +00001.799988,-00000.600006,+00009.400002
      Vertex   +00002.000000,-00000.100006,+00009.900002
      Vertex   +00002.000000,-00002.300003,+00011.500000
   End Polygon
   Begin Polygon Texture=CT_RdRstMtl_01 Flags=1073741856 Link=32
      Origin   +00002.000000,-00005.000000,+00012.000000
      Normal   +00000.963110,-00000.051780,-00000.264079
      TextureU +00000.049791,+00000.998658,-00000.014226
      TextureV +00000.264461,+00000.000552,+00000.964396
      Vertex   +00002.000000,-00005.000000,+00012.000000
      Vertex   +00001.799988,-00005.000000,+00011.300003
      Vertex   +00001.799988,-00002.600006,+00010.800003
      Vertex   +00002.000000,-00002.300003,+00011.500000
   End Polygon
   Begin Polygon Texture=CT_RdRstMtl_01 Flags=1073741856 Link=33
      Origin   +00001.799988,-00005.000000,+00012.800003
      Normal   +00000.967470,+00000.047938,+00000.248404
      TextureU -00000.046507,+00000.998850,-00000.011627
      TextureV -00000.248676,-00000.000304,+00000.968587
      Vertex   +00001.799988,-00005.000000,+00012.800003
      Vertex   +00002.000000,-00005.000000,+00012.000000
      Vertex   +00002.000000,-00002.300003,+00011.500000
      Vertex   +00001.799988,-00002.000000,+00012.199997
   End Polygon
   Begin Polygon Texture=CT_RdRstMtl_01 Flags=1073741856 Link=34
      Origin   +00001.000000,-00001.899994,+00012.400002
      Normal   +00000.297856,+00000.529523,+00000.794284
      TextureU -00000.031890,+00000.837105,-00000.546111
      TextureV -00000.954078,+00000.137333,+00000.266224
      Vertex   +00001.000000,-00001.899994,+00012.400002
      Vertex   +00001.799988,-00002.000000,+00012.199997
      Vertex   +00001.799988,+00000.500000,+00010.500000
      Vertex   +00001.000000,+00000.699997,+00010.699997
   End Polygon
   Begin Polygon Texture=CT_RdRstMtl_01 Flags=1073741856 Link=35
      Origin   +00000.200012,-00002.000000,+00012.199997
      Normal   -00000.297856,+00000.529523,+00000.794284
      TextureU +00000.031890,+00000.837105,-00000.546111
      TextureV -00000.954078,-00000.137333,-00000.266224
      Vertex   +00000.200012,-00002.000000,+00012.199997
      Vertex   +00001.000000,-00001.899994,+00012.400002
      Vertex   +00001.000000,+00000.699997,+00010.699997
      Vertex   +00000.200012,+00000.500000,+00010.500000
   End Polygon
   Begin Polygon Texture=CT_RdRstMtl_01 Flags=1073741856 Link=36
      Origin   +00000.200012,-00002.600006,+00010.800003
      Normal   -00000.963588,-00000.155417,-00000.217584
      TextureU -00000.055268,+00000.911926,-00000.406616
      TextureV +00000.261616,-00000.379785,-00000.887311
      Vertex   +00000.200012,-00002.600006,+00010.800003
      Vertex   +00000.000000,-00002.300003,+00011.500000
      Vertex   +00000.000000,-00000.100006,+00009.900002
      Vertex   +00000.200012,-00000.600006,+00009.400002
   End Polygon
   Begin Polygon Texture=CT_RdRstMtl_01 Flags=1073741856 Link=37
      Origin   -00000.500000,+00001.000000,+00001.500000
      Normal   +00000.205018,-00000.969441,-00000.134726
      TextureU +00000.698169,+00000.048381,+00000.714297
      TextureV -00000.685950,-00000.240505,+00000.686753
      Vertex   -00000.500000,+00001.000000,+00001.500000
      Vertex   +00000.100006,+00001.199997,+00000.900002
      Vertex   +00001.299988,+00001.199997,+00002.800003
      Vertex   +00000.600006,+00001.000000,+00003.099998
   End Polygon
   Begin Polygon Texture=CT_RdRstMtl_01 Flags=1073741856 Link=38
      Origin   +00000.100006,+00002.800003,+00000.900002
      Normal   +00000.205018,+00000.969441,-00000.134726
      TextureU +00000.698169,-00000.048381,+00000.714297
      TextureV +00000.685950,-00000.240505,-00000.686753
      Vertex   -00000.500000,+00003.000000,+00001.500000
      Vertex   +00000.600006,+00003.000000,+00003.099998
      Vertex   +00001.299988,+00002.800003,+00002.800003
      Vertex   +00000.100006,+00002.800003,+00000.900002
   End Polygon
   Begin Polygon Texture=CT_RdRstMtl_01 Flags=1073741856 Link=39
      Origin   -00000.500000,+00003.000000,+00001.500000
      Normal   -00000.222375,+00000.963624,+00000.148250
      TextureU +00000.696047,+00000.050438,+00000.716222
      TextureV +00000.682692,+00000.262459,-00000.681944
      Vertex   -00001.000000,+00002.800003,+00002.000000
      Vertex   -00000.100006,+00002.800003,+00003.400002
      Vertex   +00000.600006,+00003.000000,+00003.099998
      Vertex   -00000.500000,+00003.000000,+00001.500000
   End Polygon
   Begin Polygon Texture=CT_RdRstMtl_01 Flags=1073741856 Link=40
      Origin   -00004.000000,+00002.800003,+00000.699997
      Normal   -00000.209868,+00000.303558,+00000.929413
      TextureU +00000.977690,+00000.073755,+00000.196680
      TextureV -00000.008845,+00000.949954,-00000.312265
      Vertex   -00002.399994,+00002.800003,+00001.099998
      Vertex   -00004.000000,+00002.800003,+00000.699997
      Vertex   -00004.000000,+00002.000000,+00001.000000
      Vertex   -00002.500000,+00002.000000,+00001.300003
   End Polygon
   Begin Polygon Texture=CT_RdRstMtl_01 Flags=1073741856 Link=41
      Origin   -00004.000000,+00003.000000,+00000.000000
      Normal   -00000.059960,+00000.963114,+00000.262327
      TextureU +00000.998200,+00000.057658,+00000.016474
      TextureV +00000.000741,+00000.262843,-00000.964838
      Vertex   -00004.000000,+00003.000000,+00000.000000
      Vertex   -00004.000000,+00002.800003,+00000.699997
      Vertex   -00002.399994,+00002.800003,+00001.099998
      Vertex   -00002.100006,+00003.000000,+00000.400002
   End Polygon
   Begin Polygon Texture=CT_RdRstMtl_01 Flags=1073741856 Link=42
      Origin   -00004.000000,+00002.800003,-00000.800003
      Normal   +00000.054250,+00000.967460,-00000.247139
      TextureU +00000.998527,-00000.052631,+00000.013158
      TextureV -00000.000278,-00000.247489,-00000.968891
      Vertex   -00004.000000,+00002.800003,-00000.800003
      Vertex   -00004.000000,+00003.000000,+00000.000000
      Vertex   -00002.100006,+00003.000000,+00000.400002
      Vertex   -00001.799988,+00002.800003,-00000.300003
   End Polygon
   Begin Polygon Texture=CT_RdRstMtl_01 Flags=1073741856 Link=43
      Origin   -00004.000000,+00002.000000,-00001.000000
      Normal   +00000.210072,+00000.249460,-00000.945325
      TextureU +00000.977682,-00000.050954,+00000.203817
      TextureV +00000.002676,-00000.967044,-00000.254597
      Vertex   -00004.000000,+00002.000000,-00001.000000
      Vertex   -00004.000000,+00002.800003,-00000.800003
      Vertex   -00001.799988,+00002.800003,-00000.300003
      Vertex   -00001.700012,+00002.000000,-00000.500000
   End Polygon
   Begin Polygon Texture=CT_RdRstMtl_01 Flags=1073741856 Link=44
      Origin   -00004.000000,+00001.199997,-00000.800003
      Normal   +00000.210072,-00000.249461,-00000.945325
      TextureU +00000.977682,+00000.050954,+00000.203817
      TextureV -00000.002676,-00000.967044,+00000.254597
      Vertex   -00004.000000,+00001.199997,-00000.800003
      Vertex   -00004.000000,+00002.000000,-00001.000000
      Vertex   -00001.700012,+00002.000000,-00000.500000
      Vertex   -00001.799988,+00001.199997,-00000.300003
   End Polygon
   Begin Polygon Texture=CT_RdRstMtl_01 Flags=1073741856 Link=45
      Origin   -00001.000000,+00001.199997,+00002.000000
      Normal   -00000.222375,-00000.963624,+00000.148250
      TextureU +00000.696047,-00000.050438,+00000.716222
      TextureV -00000.682692,+00000.262459,+00000.681944
      Vertex   -00001.000000,+00001.199997,+00002.000000
      Vertex   -00000.500000,+00001.000000,+00001.500000
      Vertex   +00000.600006,+00001.000000,+00003.099998
      Vertex   -00000.100006,+00001.199997,+00003.400002
   End Polygon
   Begin Polygon Texture=CT_RdRstMtl_01 Flags=1073741856 Link=46
      Origin   -00004.000000,+00001.000000,+00000.000000
      Normal   +00000.054250,-00000.967460,-00000.247139
      TextureU +00000.998527,+00000.052631,+00000.013158
      TextureV +00000.000278,-00000.247489,+00000.968891
      Vertex   -00004.000000,+00001.000000,+00000.000000
      Vertex   -00004.000000,+00001.199997,-00000.800003
      Vertex   -00001.799988,+00001.199997,-00000.300003
      Vertex   -00002.100006,+00001.000000,+00000.400002
   End Polygon
   Begin Polygon Texture=CT_RdRstMtl_01 Flags=1073741856 Link=47
      Origin   -00004.000000,+00001.199997,+00000.699997
      Normal   -00000.059960,-00000.963114,+00000.262327
      TextureU +00000.998200,-00000.057658,+00000.016474
      TextureV -00000.000741,+00000.262843,+00000.964838
      Vertex   -00004.000000,+00001.199997,+00000.699997
      Vertex   -00004.000000,+00001.000000,+00000.000000
      Vertex   -00002.100006,+00001.000000,+00000.400002
      Vertex   -00002.399994,+00001.199997,+00001.099998
   End Polygon
   Begin Polygon Texture=CT_RdRstMtl_01 Flags=1073741856 Link=48
      Origin   -00004.000000,+00002.000000,+00001.000000
      Normal   -00000.209868,-00000.303558,+00000.929413
      TextureU +00000.977690,-00000.073755,+00000.196680
      TextureV +00000.008845,+00000.949954,+00000.312265
      Vertex   -00004.000000,+00001.199997,+00000.699997
      Vertex   -00002.399994,+00001.199997,+00001.099998
      Vertex   -00002.500000,+00002.000000,+00001.300003
      Vertex   -00004.000000,+00002.000000,+00001.000000
   End Polygon
   Begin Polygon Texture=CT_RdRstMtl_01 Flags=1073741856 Link=49
      Origin   +00001.299988,+00001.199997,+00002.800003
      Normal   +00000.945325,-00000.249460,-00000.210072
      TextureU +00000.232368,+00000.063229,+00000.970571
      TextureV -00000.228836,-00000.966319,+00000.117739
      Vertex   +00002.000000,+00002.000000,+00005.000000
      Vertex   +00001.915131,+00001.702927,+00005.000000
      Vertex   +00001.799988,+00001.199997,+00005.000000
      Vertex   +00001.299988,+00001.199997,+00002.800003
      Vertex   +00001.500000,+00002.000000,+00002.699997
   End Polygon
   Begin Polygon Texture=CT_RdRstMtl_01 Flags=1073741856 Link=50
      Origin   +00001.500000,+00002.000000,+00002.699997
      Normal   +00000.945325,+00000.249460,-00000.210072
      TextureU +00000.232368,-00000.063229,+00000.970571
      TextureV +00000.228836,-00000.966319,-00000.117739
      Vertex   +00001.799988,+00002.800003,+00005.000000
      Vertex   +00002.000000,+00002.000000,+00005.000000
      Vertex   +00001.500000,+00002.000000,+00002.699997
      Vertex   +00001.299988,+00002.800003,+00002.800003
   End Polygon
   Begin Polygon Texture=CT_RdRstMtl_01 Flags=1073741856 Link=51
      Origin   +00000.200012,+00002.000000,+00000.800003
      Normal   +00000.814981,+00000.219830,-00000.536172
      TextureU +00000.555744,-00000.034362,+00000.830643
      TextureV +00000.164176,-00000.974933,-00000.150174
      Vertex   +00001.299988,+00002.800003,+00002.800003
      Vertex   +00001.500000,+00002.000000,+00002.699997
      Vertex   +00000.200012,+00002.000000,+00000.800003
      Vertex   +00000.100006,+00002.800003,+00000.900002
   End Polygon
   Begin Polygon Texture=CT_RdRstMtl_01 Flags=1073741856 Link=52
      Origin   +00000.100006,+00001.199997,+00000.900002
      Normal   +00000.814981,-00000.219830,-00000.536172
      TextureU +00000.555744,+00000.034362,+00000.830643
      TextureV -00000.164176,-00000.974933,+00000.150174
      Vertex   +00001.500000,+00002.000000,+00002.699997
      Vertex   +00001.299988,+00001.199997,+00002.800003
      Vertex   +00000.100006,+00001.199997,+00000.900002
      Vertex   +00000.200012,+00002.000000,+00000.800003
   End Polygon
   Begin Polygon Texture=CT_RdRstMtl_01 Flags=1073741856 Link=53
      Origin   -00000.299988,+00002.000000,+00003.500000
      Normal   -00000.929413,-00000.303558,+00000.209867
      TextureU +00000.238889,-00000.061416,+00000.969103
      TextureV -00000.281290,+00000.950831,+00000.129597
      Vertex   -00000.100006,+00001.199997,+00003.400002
      Vertex   +00000.299988,+00001.199997,+00005.000000
      Vertex   +00000.000000,+00002.000000,+00005.000000
      Vertex   -00000.299988,+00002.000000,+00003.500000
   End Polygon
   Begin Polygon Texture=CT_RdRstMtl_01 Flags=1073741856 Link=54
      Origin   -00001.200012,+00002.000000,+00002.199997
      Normal   -00000.794284,-00000.297857,+00000.529523
      TextureU +00000.569722,-00000.062435,+00000.819463
      TextureV -00000.211021,+00000.952567,+00000.219287
      Vertex   -00001.000000,+00001.199997,+00002.000000
      Vertex   -00000.100006,+00001.199997,+00003.400002
      Vertex   -00000.299988,+00002.000000,+00003.500000
      Vertex   -00001.200012,+00002.000000,+00002.199997
   End Polygon
   Begin Polygon Texture=CT_RdRstMtl_01 Flags=1073741856 Link=55
      Origin   -00002.500000,+00002.000000,+00001.300003
      Normal   -00000.529523,-00000.297857,+00000.794284
      TextureU +00000.837105,-00000.031890,+00000.546112
      TextureV -00000.137333,+00000.954078,+00000.266224
      Vertex   -00002.500000,+00002.000000,+00001.300003
      Vertex   -00002.399994,+00001.199997,+00001.099998
      Vertex   -00001.000000,+00001.199997,+00002.000000
      Vertex   -00001.200012,+00002.000000,+00002.199997
   End Polygon
   Begin Polygon Texture=CT_RdRstMtl_01 Flags=1073741856 Link=56
      Origin   -00002.399994,+00002.800003,+00001.099998
      Normal   -00000.529523,+00000.297857,+00000.794284
      TextureU +00000.837105,+00000.031890,+00000.546112
      TextureV +00000.137333,+00000.954078,-00000.266224
      Vertex   -00002.500000,+00002.000000,+00001.300003
      Vertex   -00001.200012,+00002.000000,+00002.199997
      Vertex   -00001.000000,+00002.800003,+00002.000000
      Vertex   -00002.399994,+00002.800003,+00001.099998
   End Polygon
   Begin Polygon Texture=CT_RdRstMtl_01 Flags=1073741856 Link=57
      Origin   -00001.000000,+00002.800003,+00002.000000
      Normal   -00000.794284,+00000.297857,+00000.529523
      TextureU +00000.569722,+00000.062435,+00000.819463
      TextureV +00000.211021,+00000.952567,-00000.219287
      Vertex   -00001.000000,+00002.800003,+00002.000000
      Vertex   -00001.200012,+00002.000000,+00002.199997
      Vertex   -00000.299988,+00002.000000,+00003.500000
      Vertex   -00000.100006,+00002.800003,+00003.400002
   End Polygon
   Begin Polygon Texture=CT_RdRstMtl_01 Flags=1073741856 Link=58
      Origin   -00000.100006,+00002.800003,+00003.400002
      Normal   -00000.929413,+00000.303558,+00000.209867
      TextureU +00000.238889,+00000.061416,+00000.969103
      TextureV +00000.281290,+00000.950831,-00000.129597
      Vertex   -00000.299988,+00002.000000,+00003.500000
      Vertex   +00000.000000,+00002.000000,+00005.000000
      Vertex   +00000.299988,+00002.800003,+00005.000000
      Vertex   -00000.100006,+00002.800003,+00003.400002
   End Polygon
   Begin Polygon Texture=CT_RdRstMtl_01 Flags=1073741856 Link=59
      Origin   -00001.700012,+00002.000000,-00000.500000
      Normal   +00000.536172,+00000.219830,-00000.814981
      TextureU +00000.838836,-00000.031020,+00000.543499
      TextureV +00000.094197,-00000.975045,-00000.201034
      Vertex   -00001.700012,+00002.000000,-00000.500000
      Vertex   -00001.799988,+00002.800003,-00000.300003
      Vertex   +00000.100006,+00002.800003,+00000.900002
      Vertex   +00000.200012,+00002.000000,+00000.800003
   End Polygon
   Begin Polygon Texture=CT_RdRstMtl_01 Flags=1073741856 Link=60
      Origin   -00001.799988,+00001.199997,-00000.300003
      Normal   +00000.536172,-00000.219830,-00000.814981
      TextureU +00000.838836,+00000.031020,+00000.543499
      TextureV -00000.094197,-00000.975045,+00000.201034
      Vertex   -00001.799988,+00001.199997,-00000.300003
      Vertex   -00001.700012,+00002.000000,-00000.500000
      Vertex   +00000.200012,+00002.000000,+00000.800003
      Vertex   +00000.100006,+00001.199997,+00000.900002
   End Polygon
   Begin Polygon Texture=CT_RdRstMtl_01 Flags=1073741856 Link=61
      Origin   -00000.100006,+00001.199997,+00003.400002
      Normal   -00000.262327,-00000.963114,+00000.059960
      TextureU +00000.382202,-00000.046645,+00000.922901
      TextureV -00000.886062,+00000.265019,+00000.380340
      Vertex   +00001.000000,+00001.000000,+00005.000000
      Vertex   +00000.299988,+00001.199997,+00005.000000
      Vertex   -00000.100006,+00001.199997,+00003.400002
      Vertex   +00000.600006,+00001.000000,+00003.099998
   End Polygon
   Begin Polygon Texture=CT_RdRstMtl_01 Flags=1073741856 Link=62
      Origin   -00002.399994,+00001.199997,+00001.099998
      Normal   -00000.148250,-00000.963624,+00000.222375
      TextureU +00000.913186,-00000.047072,+00000.404815
      TextureV -00000.379622,+00000.263083,+00000.886947
      Vertex   -00000.500000,+00001.000000,+00001.500000
      Vertex   -00001.000000,+00001.199997,+00002.000000
      Vertex   -00002.399994,+00001.199997,+00001.099998
      Vertex   -00002.100006,+00001.000000,+00000.400002
   End Polygon
   Begin Polygon Texture=CT_RdRstMtl_01 Flags=1073741856 Link=63
      Origin   +00000.600006,+00003.000000,+00003.099998
      Normal   -00000.262327,+00000.963114,+00000.059960
      TextureU +00000.382202,+00000.046645,+00000.922901
      TextureV +00000.886062,+00000.265019,-00000.380340
      Vertex   -00000.100006,+00002.800003,+00003.400002
      Vertex   +00000.299988,+00002.800003,+00005.000000
      Vertex   +00000.621704,+00002.905426,+00005.000000
      Vertex   +00001.000000,+00003.000000,+00005.000000
      Vertex   +00000.600006,+00003.000000,+00003.099998
   End Polygon
   Begin Polygon Texture=CT_RdRstMtl_01 Flags=1073741856 Link=64
      Origin   -00002.100006,+00003.000000,+00000.400002
      Normal   -00000.148250,+00000.963624,+00000.222375
      TextureU +00000.913186,+00000.047072,+00000.404815
      TextureV +00000.379622,+00000.263083,-00000.886947
      Vertex   -00002.399994,+00002.800003,+00001.099998
      Vertex   -00001.000000,+00002.800003,+00002.000000
      Vertex   -00000.500000,+00003.000000,+00001.500000
      Vertex   -00002.100006,+00003.000000,+00000.400002
   End Polygon
   Begin Polygon Texture=CT_RdRstMtl_01 Flags=1073741856 Link=65
      Origin   +00001.299988,+00002.800003,+00002.800003
      Normal   +00000.247139,+00000.967460,-00000.054250
      TextureU +00000.382388,-00000.045932,+00000.922860
      TextureV +00000.890338,-00000.248819,-00000.381296
      Vertex   +00000.600006,+00003.000000,+00003.099998
      Vertex   +00001.000000,+00003.000000,+00005.000000
      Vertex   +00001.799988,+00002.800003,+00005.000000
      Vertex   +00001.299988,+00002.800003,+00002.800003
   End Polygon
   Begin Polygon Texture=CT_RdRstMtl_01 Flags=1073741856 Link=66
      Origin   -00001.799988,+00002.800003,-00000.300003
      Normal   +00000.134726,+00000.969441,-00000.205018
      TextureU +00000.913982,-00000.041663,+00000.403610
      TextureV +00000.382735,-00000.241759,-00000.891665
      Vertex   -00001.799988,+00002.800003,-00000.300003
      Vertex   -00002.100006,+00003.000000,+00000.400002
      Vertex   -00000.500000,+00003.000000,+00001.500000
      Vertex   +00000.100006,+00002.800003,+00000.900002
   End Polygon
   Begin Polygon Texture=CT_RdRstMtl_01 Flags=1073741856 Link=67
      Origin   +00000.600006,+00001.000000,+00003.099998
      Normal   +00000.247139,-00000.967460,-00000.054250
      TextureU +00000.382388,+00000.045932,+00000.922860
      TextureV -00000.890338,-00000.248819,+00000.381296
      Vertex   +00000.600006,+00001.000000,+00003.099998
      Vertex   +00001.299988,+00001.199997,+00002.800003
      Vertex   +00001.799988,+00001.199997,+00005.000000
      Vertex   +00001.000000,+00001.000000,+00005.000000
   End Polygon
   Begin Polygon Texture=CT_RdRstMtl_01 Flags=1073741856 Link=68
      Origin   -00002.100006,+00001.000000,+00000.400002
      Normal   +00000.134726,-00000.969441,-00000.205018
      TextureU +00000.913982,+00000.041663,+00000.403610
      TextureV -00000.382735,-00000.241759,+00000.891665
      Vertex   -00002.100006,+00001.000000,+00000.400002
      Vertex   -00001.799988,+00001.199997,-00000.300003
      Vertex   +00000.100006,+00001.199997,+00000.900002
      Vertex   -00000.500000,+00001.000000,+00001.500000
   End Polygon
   Begin Polygon Texture=CT_RdRstMtl_01 Flags=1073741856 Link=2
      Origin   +00001.799988,+00001.199997,+00005.000000
      Normal   +00000.000000,+00000.000000,+00001.000000
      TextureU -00000.970143,+00000.242535,-00000.000000
      TextureV -00000.242535,-00000.970143,-00000.000000
      Vertex   +00001.000000,+00003.000000,+00005.000000
      Vertex   +00000.621704,+00002.905426,+00005.000000
      Vertex   +00000.000000,+00002.000000,+00005.000000
      Vertex   +00000.299988,+00001.199997,+00005.000000
      Vertex   +00001.000000,+00001.000000,+00005.000000
      Vertex   +00001.485474,+00001.121368,+00005.000000
      Vertex   +00001.915131,+00001.702927,+00005.000000
      Vertex   +00002.000000,+00002.000000,+00005.000000
      Vertex   +00001.799988,+00002.800003,+00005.000000
   End Polygon
   Begin Polygon Texture=CT_RdRstMtl_01 Flags=1073741856 Link=2
      Origin   +00001.799988,+00001.199997,+00005.000000
      Normal   +00000.000000,+00000.000000,+00001.000000
      TextureU -00000.970143,+00000.242535,-00000.000000
      TextureV -00000.242535,-00000.970143,-00000.000000
      Vertex   +00000.000000,+00002.000000,+00005.000000
      Vertex   +00001.000000,+00003.000000,+00005.000000
      Vertex   +00000.621704,+00002.905426,+00005.000000
      Vertex   +00000.299988,+00002.800003,+00005.000000
   End Polygon
End PolyList
