Begin PolyList
   Begin Polygon Item=OUTSIDE Texture=ClifRok1 Flags=1073741824 Link=0
      Origin   +00080.000000,-00074.000000,+00068.000000
      Normal   +00000.000000,-00001.000000,+00000.000000
      TextureU -00000.000000,+00000.000000,+00001.000000
      TextureV -00001.000000,+00000.000000,-00000.000000
      Vertex   +00084.000000,-00074.000000,+00092.000000
      Vertex   +00080.000000,-00074.000000,+00092.000000
      Vertex   +00080.000000,-00074.000000,+00072.421402
      Vertex   +00084.000000,-00074.000000,+00068.421402
   End Polygon
   Begin Polygon Item=Outer Texture=cbutbase_3 Flags=1073741824 Link=1
      Origin   +00030.794800,-00256.000000,-00064.000000
      Normal   +00000.000000,+00000.000000,-00001.000000
      TextureU -00001.000000,+00000.000000,-00000.000000
      TextureV +00000.000000,+00001.000000,+00000.000000
      Vertex   +00030.794800,-00256.000000,-00064.000000
      Vertex   +00030.794800,-00272.000000,-00064.000000
      Vertex   -00010.794907,-00272.000000,-00064.000000
      Vertex   -00010.794907,-00256.000000,-00064.000000
   End Polygon
   Begin Polygon Item=OUTSIDE Texture=bmFloor Flags=1073741824 Link=2
      Origin   -00064.000000,-00288.000000,+00104.000000
      Normal   +00001.000000,+00000.000000,+00000.000000
      Pan      U=0 V=20
      TextureU +00000.000000,+00001.000000,+00000.000000
      TextureV -00000.000000,+00000.000000,+00001.000000
      Vertex   -00064.000000,-00288.000000,-00066.421410
      Vertex   -00064.000000,-00288.000000,-00104.000000
      Vertex   -00064.000000,+00155.029404,-00104.000000
      Vertex   -00064.000000,+00155.029404,-00066.421410
   End Polygon
   Begin Polygon Item=Base Texture=cbutbase_3 Flags=1073741824 Link=3
      Origin   +00030.891197,-00256.000000,-00100.000000
      Normal   +00000.000000,-00001.000000,+00000.000000
      TextureU +00000.923879,+00000.000000,+00000.382684
      TextureV -00000.382682,+00000.000000,+00000.923880
      Vertex   -00064.000000,-00256.000000,-00064.000000
      Vertex   -00064.000000,-00256.000000,-00066.421410
      Vertex   -00045.645508,-00256.000000,-00084.775902
      Vertex   -00015.173325,-00256.000000,-00097.397896
      Vertex   +00030.794800,-00256.000000,-00064.000000
   End Polygon
   Begin Polygon Item=Outer Texture=bmFloor3 Flags=1073741824 Link=4
      Origin   -00058.115799,-00320.000031,-00097.072456
      Normal   +00000.974927,-00000.000000,-00000.222525
      TextureU +00000.222525,+00000.000000,+00000.974927
      TextureV +00000.000000,-00001.000000,+00000.000000
      Vertex   -00058.115799,-00320.000031,-00097.072456
      Vertex   -00058.115799,-00312.000031,-00097.072456
      Vertex   -00054.686600,-00312.000031,-00082.048454
      Vertex   -00054.686600,-00320.000031,-00082.048454
   End Polygon
   Begin Polygon Item=Top Texture=bmFloor3 Flags=1073741824 Link=5
      Origin   -00064.294907,-00312.000031,-00070.000053
      Normal   +00000.000000,+00001.000000,+00000.000000
      TextureU -00000.781831,+00000.000000,-00000.623491
      TextureV -00000.623491,+00000.000000,+00000.781831
      Vertex   -00054.686600,-00312.000031,-00082.048454
      Vertex   -00058.115799,-00312.000031,-00097.072456
      Vertex   -00064.000000,-00312.000031,-00099.906143
      Vertex   -00064.000000,-00312.000031,-00070.369850
   End Polygon
   Begin Polygon Item=Base Texture=bmFloor3 Flags=1073741824 Link=6
      Origin   -00079.705200,-00320.000031,-00070.000053
      Normal   +00000.000000,-00001.000000,+00000.000000
      TextureU +00000.781831,+00000.000000,-00000.623491
      TextureV +00000.623491,+00000.000000,+00000.781831
      Vertex   -00058.115799,-00320.000031,-00097.072456
      Vertex   -00054.686600,-00320.000031,-00082.048454
      Vertex   -00064.294907,-00320.000031,-00070.000053
      Vertex   -00079.705200,-00320.000031,-00070.000053
      Vertex   -00089.313507,-00320.000031,-00082.048454
      Vertex   -00085.884308,-00320.000031,-00097.072456
      Vertex   -00072.000000,-00320.000031,-00103.758751
   End Polygon
   Begin Polygon Item=Outer Texture=bmFloor3 Flags=1073741824 Link=7
      Origin   -00054.686600,-00320.000031,-00082.048454
      Normal   +00000.781831,+00000.000000,+00000.623491
      TextureU -00000.623491,+00000.000000,+00000.781831
      TextureV +00000.000000,-00001.000000,+00000.000000
      Vertex   -00054.686600,-00320.000031,-00082.048454
      Vertex   -00054.686600,-00312.000031,-00082.048454
      Vertex   -00064.294907,-00312.000031,-00070.000053
      Vertex   -00064.294907,-00320.000031,-00070.000053
   End Polygon
   Begin Polygon Item=Outer Texture=bmFloor3 Flags=1073741824 Link=8
      Origin   -00072.000000,-00320.000031,-00103.758751
      Normal   +00000.433885,-00000.000000,-00000.900968
      TextureU +00000.900970,+00000.000000,+00000.433882
      TextureV +00000.000000,-00001.000000,+00000.000000
      Vertex   -00058.115799,-00312.000031,-00097.072456
      Vertex   -00058.115799,-00320.000031,-00097.072456
      Vertex   -00072.000000,-00320.000031,-00103.758751
      Vertex   -00072.000000,-00312.000031,-00103.758751
   End Polygon
   Begin Polygon Item=Outer Texture=cbutbase_3 Flags=1073741824 Link=9
      Origin   +00067.645401,+00256.000000,-00084.775902
      Normal   +00000.382684,-00000.000000,-00000.923879
      Pan      U=112 V=48
      TextureU +00000.000000,-00001.000000,+00000.000000
      TextureV -00000.923879,+00000.000000,-00000.382684
      Vertex   +00067.645401,-00256.000000,-00084.775902
      Vertex   +00030.891197,-00256.000000,-00100.000000
      Vertex   +00030.891197,+00256.000000,-00100.000000
      Vertex   +00067.645401,+00256.000000,-00084.775902
   End Polygon
   Begin Polygon Item=Outer Texture=cbutbase_3 Flags=1073741824 Link=10
      Origin   +00095.775902,+00256.000000,-00056.645401
      Normal   +00000.707107,+00000.000000,-00000.707107
      Pan      U=-48 V=48
      TextureU +00000.000000,-00001.000000,+00000.000000
      TextureV -00000.707107,+00000.000000,-00000.707107
      Vertex   +00095.775902,-00256.000000,-00056.645401
      Vertex   +00067.645401,-00256.000000,-00084.775902
      Vertex   +00067.645401,+00256.000000,-00084.775902
      Vertex   +00095.775902,+00256.000000,-00056.645401
   End Polygon
   Begin Polygon Item=Outer Texture=cbutbase_3 Flags=1073741824 Link=11
      Origin   -00045.645508,+00256.000000,-00084.775902
      Normal   -00000.707107,+00000.000000,-00000.707107
      Pan      U=0 V=48
      TextureU +00000.000000,-00001.000000,+00000.000000
      TextureV -00000.707107,+00000.000000,+00000.707107
      Vertex   -00045.645508,-00256.000000,-00084.775902
      Vertex   -00064.000000,-00256.000000,-00066.421410
      Vertex   -00064.000000,+00256.000000,-00066.421402
      Vertex   -00045.645508,+00256.000000,-00084.775902
   End Polygon
   Begin Polygon Item=Outer Texture=cbutbase_3 Flags=1073741824 Link=12
      Origin   +00030.891197,+00256.000000,-00100.000000
      Normal   +00000.000000,+00000.000000,-00001.000000
      Pan      U=16 V=48
      TextureU +00000.000000,-00001.000000,+00000.000000
      TextureV -00001.000000,+00000.000000,-00000.000000
      Vertex   +00030.891197,-00256.000000,-00100.000000
      Vertex   -00008.891296,-00256.000000,-00100.000000
      Vertex   -00008.891296,+00256.000000,-00100.000000
      Vertex   +00030.891197,+00256.000000,-00100.000000
   End Polygon
   Begin Polygon Item=Outer Texture=cbutbase_3 Flags=1073741824 Link=13
      Origin   -00008.891296,+00256.000000,-00100.000000
      Normal   -00000.382684,+00000.000000,-00000.923879
      Pan      U=-64 V=-64
      TextureU +00000.000000,-00001.000000,+00000.000000
      TextureV -00000.923880,+00000.000000,+00000.382682
      Vertex   -00008.891296,-00256.000000,-00100.000000
      Vertex   -00045.645508,-00256.000000,-00084.775902
      Vertex   -00045.645508,+00149.383896,-00084.775902
      Vertex   -00035.029449,+00159.999954,-00089.173218
      Vertex   -00008.891296,+00133.861801,-00100.000000
   End Polygon
   Begin Polygon Item=Base Texture=cbutbase_3 Flags=1073741824 Link=3
      Origin   +00030.891197,-00256.000000,-00100.000000
      Normal   +00000.000000,-00001.000000,+00000.000000
      TextureU +00000.923879,+00000.000000,+00000.382684
      TextureV -00000.382682,+00000.000000,+00000.923880
      Vertex   -00015.173325,-00256.000000,-00097.397896
      Vertex   -00008.891296,-00256.000000,-00100.000000
      Vertex   +00030.891197,-00256.000000,-00100.000000
      Vertex   +00067.645401,-00256.000000,-00084.775902
      Vertex   +00095.775902,-00256.000000,-00056.645401
      Vertex   +00111.000000,-00256.000000,-00019.891197
      Vertex   +00111.000000,-00256.000000,-00005.727348
   End Polygon
   Begin Polygon Item=Outer Texture=bmFloor3 Flags=1073741824 Link=15
      Origin   -00117.941101,-00187.999954,-00079.999985
      Normal   -00000.707107,+00000.707107,-00000.000000
      TextureU -00000.707104,-00000.707109,+00000.000000
      TextureV -00000.000000,+00000.000000,+00001.000000
      Vertex   -00117.941101,-00187.999954,-00079.999985
      Vertex   -00117.941101,-00187.999954,-00095.999985
      Vertex   -00132.000000,-00202.058746,-00095.999985
      Vertex   -00132.000000,-00202.058746,-00079.999985
   End Polygon
   Begin Polygon Item=Top Texture=bmFloor3 Flags=1073741824 Link=16
      Origin   -00117.941101,-00172.000061,-00095.999977
      Normal   +00000.000000,+00000.000000,-00001.000000
      TextureU +00000.707107,+00000.707107,-00000.000000
      TextureV +00000.707107,-00000.707107,+00000.000000
      Vertex   -00132.000000,-00157.941162,-00095.999977
      Vertex   -00132.000000,-00138.058868,-00095.999977
      Vertex   -00117.941101,-00124.000061,-00095.999977
      Vertex   -00114.000000,-00124.000061,-00095.999977
      Vertex   -00114.000000,-00172.000061,-00095.999977
      Vertex   -00117.941101,-00172.000061,-00095.999977
   End Polygon
   Begin Polygon Item=OUTSIDE Texture=nbtrim3 Flags=1073741824 Link=17
      Origin   -00108.000000,-00132.000061,-00096.000031
      Normal   -00001.000000,+00000.000000,-00000.000000
      Pan      U=0 V=-12
      TextureU +00000.000000,-00001.000000,+00000.000000
      TextureV -00000.000000,+00000.000000,+00001.000000
      Vertex   -00108.000000,-00154.000031,-00096.000046
      Vertex   -00108.000000,-00154.000031,-00104.000046
      Vertex   -00108.000000,-00206.000000,-00104.000015
      Vertex   -00108.000000,-00206.000000,-00096.000015
   End Polygon
   Begin Polygon Item=OUTSIDE Texture=bmColumn2 Flags=1073741824 Link=18
      Origin   -00114.000000,-00154.000031,-00106.000015
      Normal   -00001.000000,+00000.000000,-00000.000000
      Pan      U=64 V=-36
      TextureU +00000.000000,+00002.000000,+00000.000000
      TextureV +00000.000000,+00000.000000,-00002.000000
      Vertex   -00114.000000,-00142.000031,-00106.000015
      Vertex   -00114.000000,-00154.000031,-00106.000015
      Vertex   -00114.000000,-00154.000031,-00096.000046
      Vertex   -00114.000000,-00142.000031,-00096.000046
   End Polygon
   Begin Polygon Item=OUTSIDE Texture=bmColumn2 Flags=1073741824 Link=19
      Origin   -00114.000000,-00142.000031,-00106.000015
      Normal   +00000.000000,+00000.000000,-00001.000000
      Pan      U=64 V=-36
      TextureU +00000.000000,-00002.000000,+00000.000000
      TextureV -00002.000000,+00000.000000,-00000.000000
      Vertex   -00114.000000,-00154.000031,-00106.000015
      Vertex   -00114.000000,-00142.000031,-00106.000015
      Vertex   -00102.000000,-00142.000031,-00106.000015
      Vertex   -00102.000000,-00154.000031,-00106.000015
   End Polygon
   Begin Polygon Item=OUTSIDE Texture=bmColumn2 Flags=1073741824 Link=20
      Origin   -00114.000000,-00154.000031,-00106.000015
      Normal   +00000.000000,-00001.000000,+00000.000000
      Pan      U=64 V=-36
      TextureU -00000.000000,+00000.000000,+00002.000000
      TextureV -00002.000000,+00000.000000,-00000.000000
      Vertex   -00114.000000,-00154.000031,-00106.000015
      Vertex   -00108.000000,-00154.000031,-00106.000015
      Vertex   -00108.000000,-00154.000031,-00096.000046
      Vertex   -00114.000000,-00154.000031,-00096.000046
   End Polygon
   Begin Polygon Item=OUTSIDE Texture=bmColumn2 Flags=1073741824 Link=21
      Origin   -00114.000000,-00142.000031,-00094.000015
      Normal   +00000.000000,+00001.000000,+00000.000000
      Pan      U=64 V=-36
      TextureU +00000.000000,+00000.000000,-00002.000000
      TextureV -00002.000000,+00000.000000,-00000.000000
      Vertex   -00108.000000,-00142.000031,-00106.000015
      Vertex   -00114.000000,-00142.000031,-00106.000015
      Vertex   -00114.000000,-00142.000031,-00096.000046
      Vertex   -00108.000000,-00142.000031,-00096.000046
   End Polygon
   Begin Polygon Item=OUTSIDE Texture=bmTrim Flags=1073741824 Link=22
      Origin   -00080.000000,+00288.000000,-00104.000000
      Normal   +00000.000000,+00000.000000,-00001.000000
      Pan      U=0 V=20
      TextureU +00000.000000,-00001.000000,+00000.000000
      TextureV -00001.000000,+00000.000000,-00000.000000
      Vertex   -00064.000000,-00288.000000,-00104.000000
      Vertex   -00080.000000,-00288.000000,-00104.000000
      Vertex   -00080.000000,+00288.000000,-00104.000000
      Vertex   -00064.000000,+00288.000000,-00104.000000
   End Polygon
   Begin Polygon Item=OUTSIDE Texture=bmColumn2 Flags=1073741824 Link=23
      Origin   -00102.000000,-00142.000031,-00106.000015
      Normal   +00001.000000,+00000.000000,+00000.000000
      Pan      U=64 V=-36
      TextureU +00000.000000,-00002.000000,+00000.000000
      TextureV +00000.000000,+00000.000000,-00002.000000
      Vertex   -00102.000000,-00142.000031,-00106.000015
      Vertex   -00102.000000,-00142.000031,-00104.000046
      Vertex   -00102.000000,-00154.000031,-00104.000046
      Vertex   -00102.000000,-00154.000031,-00106.000015
   End Polygon
   Begin Polygon Item=OUTSIDE Texture=bmColumn2 Flags=1073741824 Link=20
      Origin   -00114.000000,-00154.000031,-00106.000015
      Normal   +00000.000000,-00001.000000,+00000.000000
      Pan      U=64 V=-36
      TextureU -00000.000000,+00000.000000,+00002.000000
      TextureV -00002.000000,+00000.000000,-00000.000000
      Vertex   -00108.000000,-00154.000031,-00104.000046
      Vertex   -00108.000000,-00154.000031,-00106.000015
      Vertex   -00102.000000,-00154.000031,-00106.000015
      Vertex   -00102.000000,-00154.000031,-00104.000046
   End Polygon
   Begin Polygon Item=OUTSIDE Texture=bmColumn2 Flags=1073741824 Link=21
      Origin   -00114.000000,-00142.000031,-00094.000015
      Normal   +00000.000000,+00001.000000,+00000.000000
      Pan      U=64 V=-36
      TextureU +00000.000000,+00000.000000,-00002.000000
      TextureV -00002.000000,+00000.000000,-00000.000000
      Vertex   -00108.000000,-00142.000031,-00104.000046
      Vertex   -00102.000000,-00142.000031,-00104.000046
      Vertex   -00102.000000,-00142.000031,-00106.000015
      Vertex   -00108.000000,-00142.000031,-00106.000015
   End Polygon
   Begin Polygon Item=OUTSIDE Texture=nbtrim3 Flags=1073741824 Link=26
      Origin   -00092.000000,-00228.000061,-00096.000031
      Normal   +00001.000000,+00000.000000,+00000.000000
      Pan      U=0 V=-12
      TextureU +00000.000000,+00001.000000,+00000.000000
      TextureV -00000.000000,+00000.000000,+00001.000000
      Vertex   -00092.000000,-00112.000061,-00104.000031
      Vertex   -00092.000000,-00112.000061,-00096.000031
      Vertex   -00092.000000,-00248.000061,-00096.000031
      Vertex   -00092.000000,-00248.000061,-00104.000031
   End Polygon
   Begin Polygon Item=OUTSIDE Texture=bmTrim Flags=1073741824 Link=27
      Origin   -00080.000000,+00288.000000,+00104.000000
      Normal   -00001.000000,+00000.000000,-00000.000000
      Pan      U=0 V=20
      TextureU +00000.000000,-00001.000000,+00000.000000
      TextureV -00000.000000,+00000.000000,+00001.000000
      Vertex   -00080.000000,-00074.000000,-00064.000000
      Vertex   -00080.000000,-00074.000000,-00104.000000
      Vertex   -00080.000000,-00288.000000,-00104.000000
      Vertex   -00080.000000,-00288.000000,-00064.000008
   End Polygon
   Begin Polygon Item=OUTSIDE Texture=nbtrim3 Flags=1073741824 Link=28
      Origin   -00108.000000,-00132.000061,-00096.000031
      Normal   -00000.780869,+00000.624695,-00000.000000
      Pan      U=0 V=-12
      TextureU +00000.000000,+00000.000000,-00001.000000
      TextureV -00000.624695,-00000.780869,+00000.000000
      Vertex   -00092.000000,-00112.000061,-00096.000031
      Vertex   -00092.000000,-00112.000061,-00104.000031
      Vertex   -00108.000000,-00132.000061,-00104.000031
      Vertex   -00108.000000,-00132.000061,-00096.000031
   End Polygon
   Begin Polygon Item=OUTSIDE Texture=nbtrim3 Flags=1073741824 Link=29
      Origin   -00108.000000,-00132.000061,-00104.000031
      Normal   +00000.000000,+00000.000000,-00001.000000
      Pan      U=60 V=160
      TextureU +00000.000000,+00002.000000,+00000.000000
      TextureV -00002.000000,+00000.000000,-00000.000000
      Vertex   -00101.941177,-00172.000031,-00104.000031
      Vertex   -00108.000000,-00178.058853,-00104.000031
      Vertex   -00108.000000,-00154.000031,-00104.000046
      Vertex   -00102.000000,-00154.000031,-00104.000046
   End Polygon
   Begin Polygon Item=OUTSIDE Texture=nbtrim3 Flags=1073741824 Link=29
      Origin   -00108.000000,-00132.000061,-00104.000031
      Normal   +00000.000000,+00000.000000,-00001.000000
      Pan      U=60 V=160
      TextureU +00000.000000,+00002.000000,+00000.000000
      TextureV -00002.000000,+00000.000000,-00000.000000
      Vertex   -00101.941177,-00172.000031,-00104.000031
      Vertex   -00102.000000,-00154.000031,-00104.000046
      Vertex   -00102.000000,-00124.500061,-00104.000031
      Vertex   -00092.000000,-00112.000061,-00104.000031
      Vertex   -00092.000000,-00172.000031,-00104.000031
   End Polygon
   Begin Polygon Item=OUTSIDE Texture=nbtrim3 Flags=1073741824 Link=29
      Origin   -00108.000000,-00132.000061,-00104.000031
      Normal   +00000.000000,+00000.000000,-00001.000000
      Pan      U=60 V=160
      TextureU +00000.000000,+00002.000000,+00000.000000
      TextureV -00002.000000,+00000.000000,-00000.000000
      Vertex   -00102.000000,-00142.000031,-00104.000046
      Vertex   -00108.000000,-00142.000031,-00104.000046
      Vertex   -00108.000000,-00132.000061,-00104.000031
      Vertex   -00102.000000,-00124.500061,-00104.000031
   End Polygon
   Begin Polygon Item=OUTSIDE Texture=nbtrim3 Flags=1073741824 Link=17
      Origin   -00108.000000,-00132.000061,-00096.000031
      Normal   -00001.000000,+00000.000000,-00000.000000
      Pan      U=0 V=-12
      TextureU +00000.000000,-00001.000000,+00000.000000
      TextureV -00000.000000,+00000.000000,+00001.000000
      Vertex   -00108.000000,-00142.000031,-00096.000046
      Vertex   -00108.000000,-00132.000061,-00096.000031
      Vertex   -00108.000000,-00132.000061,-00104.000031
      Vertex   -00108.000000,-00142.000031,-00104.000046
   End Polygon
   Begin Polygon Item=Outer Texture=bmbusted1 Flags=1073741824 Link=33
      Origin   -00091.000000,-00048.000000,-00074.803902
      Normal   +00001.000000,+00000.000000,+00000.000000
      TextureU +00000.000000,+00000.000000,-00001.000000
      TextureV +00000.000000,+00001.000000,+00000.000000
      Vertex   -00091.000000,-00131.058838,-00074.803902
      Vertex   -00091.000000,-00131.058807,-00085.196198
      Vertex   -00091.000000,-00048.000000,-00085.196198
      Vertex   -00091.000000,-00048.000000,-00074.803902
   End Polygon
   Begin Polygon Item=Outer Texture=bmFloor3 Flags=1073741824 Link=34
      Origin   -00084.000000,-00157.941162,-00079.999977
      Normal   +00001.000000,+00000.000000,+00000.000000
      TextureU +00000.000000,+00001.000000,+00000.000000
      TextureV -00000.000000,+00000.000000,+00001.000000
      Vertex   -00084.000000,-00138.058868,-00095.999977
      Vertex   -00084.000000,-00138.058807,-00080.000000
      Vertex   -00084.000000,-00157.941162,-00079.999977
      Vertex   -00084.000000,-00157.941162,-00095.999977
   End Polygon
   Begin Polygon Item=Outer Texture=bmFloor3 Flags=1073741824 Link=35
      Origin   -00084.000000,-00138.058807,-00080.000000
      Normal   +00000.707107,+00000.707107,-00000.000000
      TextureU -00000.707107,+00000.707107,-00000.000000
      TextureV -00000.000000,+00000.000000,+00001.000000
      Vertex   -00084.000000,-00138.058868,-00095.999977
      Vertex   -00091.000000,-00131.058868,-00095.999977
      Vertex   -00091.000000,-00131.058838,-00080.000000
      Vertex   -00084.000000,-00138.058807,-00080.000000
   End Polygon
   Begin Polygon Item=Base Texture=bmFloor3 Flags=1073741824 Link=36
      Origin   -00098.058807,-00172.000000,-00080.000000
      Normal   -00000.000000,+00000.000000,+00001.000000
      TextureU -00000.707107,+00000.707107,-00000.000000
      TextureV -00000.707104,-00000.707109,+00000.000000
      Vertex   -00084.000000,-00138.058807,-00080.000000
      Vertex   -00091.000000,-00131.058838,-00080.000000
      Vertex   -00091.000000,-00164.941223,-00080.000000
      Vertex   -00084.000000,-00157.941162,-00079.999977
   End Polygon
   Begin Polygon Item=Outer Texture=bmbusted1 Flags=1073741824 Link=37
      Origin   -00091.000000,-00048.000000,-00085.196198
      Normal   -00000.500003,-00000.000000,-00000.866024
      TextureU -00000.866024,+00000.000000,+00000.500003
      TextureV +00000.000000,+00001.000000,+00000.000000
      Vertex   -00098.058807,-00124.000031,-00081.120758
      Vertex   -00100.000000,-00124.000031,-00080.000000
      Vertex   -00100.000000,-00122.058838,-00080.000000
   End Polygon
   Begin Polygon Item=Outer Texture=bmFloor3 Flags=1073741824 Link=38
      Origin   -00132.000000,-00157.941162,-00079.999977
      Normal   -00000.707104,-00000.707109,+00000.000000
      TextureU +00000.707107,-00000.707107,+00000.000000
      TextureV -00000.000000,+00000.000000,+00001.000000
      Vertex   -00117.941101,-00172.000000,-00080.000000
      Vertex   -00132.000000,-00157.941162,-00079.999977
      Vertex   -00132.000000,-00157.941162,-00095.999977
      Vertex   -00117.941101,-00172.000061,-00095.999977
   End Polygon
   Begin Polygon Item=Base Texture=bmFloor3 Flags=1073741824 Link=36
      Origin   -00098.058807,-00172.000000,-00080.000000
      Normal   -00000.000000,+00000.000000,+00001.000000
      TextureU -00000.707107,+00000.707107,-00000.000000
      TextureV -00000.707104,-00000.707109,+00000.000000
      Vertex   -00100.000000,-00124.000031,-00080.000000
      Vertex   -00117.941101,-00124.000061,-00079.999977
      Vertex   -00132.000000,-00138.058868,-00079.999977
      Vertex   -00132.000000,-00157.941162,-00079.999977
      Vertex   -00117.941101,-00172.000000,-00080.000000
      Vertex   -00100.000000,-00172.000031,-00080.000000
   End Polygon
   Begin Polygon Item=Outer Texture=bmFloor3 Flags=1073741824 Link=40
      Origin   -00098.058807,-00124.000000,-00080.000000
      Normal   +00000.000000,+00001.000000,+00000.000000
      TextureU -00001.000000,+00000.000000,-00000.000000
      TextureV -00000.000000,+00000.000000,+00001.000000
      Vertex   -00117.941101,-00124.000061,-00095.999977
      Vertex   -00117.941101,-00124.000061,-00079.999977
      Vertex   -00100.000000,-00124.000031,-00080.000000
      Vertex   -00098.058807,-00124.000031,-00081.120758
      Vertex   -00098.058807,-00124.000061,-00095.999977
   End Polygon
   Begin Polygon Item=Outer Texture=bmFloor3 Flags=1073741824 Link=41
      Origin   -00117.941101,-00172.000000,-00080.000000
      Normal   +00000.000000,-00001.000000,+00000.000000
      TextureU +00001.000000,+00000.000000,+00000.000000
      TextureV -00000.000000,+00000.000000,+00001.000000
      Vertex   -00117.941101,-00172.000000,-00080.000000
      Vertex   -00117.941101,-00172.000061,-00095.999977
      Vertex   -00098.058807,-00172.000061,-00095.999977
      Vertex   -00098.058807,-00172.000000,-00081.120758
      Vertex   -00100.000000,-00172.000031,-00080.000000
   End Polygon
   Begin Polygon Item=Outer Texture=BMpanels45 Flags=1073741824 Link=42
      Origin   -00132.000000,-00138.058868,-00079.999977
      Normal   -00001.000000,+00000.000000,-00000.000000
      TextureU +00000.000000,-00001.000000,+00000.000000
      TextureV -00000.000000,+00000.000000,+00001.000000
      Vertex   -00132.000000,-00138.058868,-00079.999977
      Vertex   -00132.000000,-00138.058868,-00095.999977
      Vertex   -00132.000000,-00157.941162,-00095.999977
      Vertex   -00132.000000,-00157.941162,-00079.999977
   End Polygon
   Begin Polygon Item=Outer Texture=bmFloor3 Flags=1073741824 Link=43
      Origin   -00117.941101,-00124.000061,-00079.999977
      Normal   -00000.707107,+00000.707107,-00000.000000
      TextureU -00000.707104,-00000.707109,+00000.000000
      TextureV -00000.000000,+00000.000000,+00001.000000
      Vertex   -00132.000000,-00138.058868,-00095.999977
      Vertex   -00132.000000,-00138.058868,-00079.999977
      Vertex   -00117.941101,-00124.000061,-00079.999977
      Vertex   -00117.941101,-00124.000061,-00095.999977
   End Polygon
   Begin Polygon Item=Outer Texture=bmFloor3 Flags=1073741824 Link=35
      Origin   -00084.000000,-00138.058807,-00080.000000
      Normal   +00000.707107,+00000.707107,-00000.000000
      TextureU -00000.707107,+00000.707107,-00000.000000
      TextureV -00000.000000,+00000.000000,+00001.000000
      Vertex   -00091.000000,-00131.058807,-00085.196198
      Vertex   -00091.000000,-00131.058868,-00095.999977
      Vertex   -00098.058807,-00124.000061,-00095.999977
      Vertex   -00098.058807,-00124.000031,-00081.120758
   End Polygon
   Begin Polygon Item=Outer Texture=bmbusted1 Flags=1073741824 Link=45
      Origin   -00100.000000,-00048.000000,-00080.000000
      Normal   -00000.500000,+00000.000000,+00000.866026
      TextureU +00000.866026,+00000.000000,+00000.500000
      TextureV +00000.000000,+00001.000000,+00000.000000
      Vertex   -00100.000000,-00176.000000,-00080.000000
      Vertex   -00091.000000,-00176.000000,-00074.803902
      Vertex   -00091.000000,-00048.000000,-00074.803902
      Vertex   -00100.000000,-00048.000000,-00080.000000
   End Polygon
   Begin Polygon Item=Outer Texture=bmbusted1 Flags=1073741824 Link=37
      Origin   -00091.000000,-00048.000000,-00085.196198
      Normal   -00000.500003,-00000.000000,-00000.866024
      TextureU -00000.866024,+00000.000000,+00000.500003
      TextureV +00000.000000,+00001.000000,+00000.000000
      Vertex   -00091.000000,-00131.058807,-00085.196198
      Vertex   -00100.000000,-00122.058838,-00080.000000
      Vertex   -00100.000000,-00048.000000,-00080.000000
      Vertex   -00091.000000,-00048.000000,-00085.196198
   End Polygon
   Begin Polygon Item=Outer Texture=bmbusted1 Flags=1073741824 Link=33
      Origin   -00091.000000,-00048.000000,-00074.803902
      Normal   +00001.000000,+00000.000000,+00000.000000
      TextureU +00000.000000,+00000.000000,-00001.000000
      TextureV +00000.000000,+00001.000000,+00000.000000
      Vertex   -00091.000000,-00131.058838,-00080.000000
      Vertex   -00091.000000,-00131.058838,-00074.803902
      Vertex   -00091.000000,-00164.941223,-00074.803902
      Vertex   -00091.000000,-00164.941223,-00080.000000
   End Polygon
   Begin Polygon Item=Top Texture=bmFloor3 Flags=1073741824 Link=16
      Origin   -00117.941101,-00172.000061,-00095.999977
      Normal   +00000.000000,+00000.000000,-00001.000000
      TextureU +00000.707107,+00000.707107,-00000.000000
      TextureV +00000.707107,-00000.707107,+00000.000000
      Vertex   -00108.000000,-00154.000031,-00096.000046
      Vertex   -00108.000000,-00172.000061,-00095.999977
      Vertex   -00114.000000,-00172.000061,-00095.999977
      Vertex   -00114.000000,-00154.000031,-00096.000046
   End Polygon
   Begin Polygon Item=Top Texture=bmFloor3 Flags=1073741824 Link=16
      Origin   -00117.941101,-00172.000061,-00095.999977
      Normal   +00000.000000,+00000.000000,-00001.000000
      TextureU +00000.707107,+00000.707107,-00000.000000
      TextureV +00000.707107,-00000.707107,+00000.000000
      Vertex   -00108.000000,-00142.000031,-00096.000046
      Vertex   -00114.000000,-00142.000031,-00096.000046
      Vertex   -00114.000000,-00124.000061,-00095.999977
      Vertex   -00108.000000,-00124.000061,-00095.999977
   End Polygon
   Begin Polygon Item=OUTSIDE Texture=nbtrim3 Flags=1073741824 Link=50
      Origin   -00108.000000,-00228.000061,-00096.000031
      Normal   -00000.000000,+00000.000000,+00001.000000
      Pan      U=0 V=-12
      TextureU +00000.780869,+00000.624695,+00000.000000
      TextureV -00000.624695,+00000.780869,-00000.000000
      Vertex   -00108.000000,-00172.000061,-00095.999977
      Vertex   -00108.000000,-00178.058777,-00096.000031
      Vertex   -00092.000000,-00194.058762,-00095.999985
      Vertex   -00092.000000,-00172.000031,-00096.000031
   End Polygon
   Begin Polygon Item=OUTSIDE Texture=nbtrim3 Flags=1073741824 Link=50
      Origin   -00108.000000,-00228.000061,-00096.000031
      Normal   -00000.000000,+00000.000000,+00001.000000
      Pan      U=0 V=-12
      TextureU +00000.780869,+00000.624695,+00000.000000
      TextureV -00000.624695,+00000.780869,-00000.000000
      Vertex   -00092.000000,-00130.058868,-00095.999977
      Vertex   -00092.000000,-00112.000061,-00096.000031
      Vertex   -00100.026123,-00122.032715,-00096.000031
   End Polygon
   Begin Polygon Item=OUTSIDE Texture=nbtrim3 Flags=1073741824 Link=50
      Origin   -00108.000000,-00228.000061,-00096.000031
      Normal   -00000.000000,+00000.000000,+00001.000000
      Pan      U=0 V=-12
      TextureU +00000.780869,+00000.624695,+00000.000000
      TextureV -00000.624695,+00000.780869,-00000.000000
      Vertex   -00098.058807,-00124.000061,-00095.999977
      Vertex   -00100.026123,-00122.032715,-00096.000031
      Vertex   -00101.600067,-00124.000061,-00095.999977
   End Polygon
   Begin Polygon Item=Top Texture=bmFloor3 Flags=1073741824 Link=16
      Origin   -00117.941101,-00172.000061,-00095.999977
      Normal   +00000.000000,+00000.000000,-00001.000000
      TextureU +00000.707107,+00000.707107,-00000.000000
      TextureV +00000.707107,-00000.707107,+00000.000000
      Vertex   -00092.000000,-00130.058868,-00095.999977
      Vertex   -00084.000000,-00138.058868,-00095.999977
      Vertex   -00084.000000,-00157.941162,-00095.999977
      Vertex   -00092.000000,-00165.941208,-00095.999977
   End Polygon
   Begin Polygon Item=Top Texture=bmFloor3 Flags=1073741824 Link=16
      Origin   -00117.941101,-00172.000061,-00095.999977
      Normal   +00000.000000,+00000.000000,-00001.000000
      TextureU +00000.707107,+00000.707107,-00000.000000
      TextureV +00000.707107,-00000.707107,+00000.000000
      Vertex   -00108.000000,-00132.000061,-00096.000031
      Vertex   -00108.000000,-00124.000061,-00095.999977
      Vertex   -00101.600067,-00124.000061,-00095.999977
   End Polygon
   Begin Polygon Item=OUTSIDE Texture=bmColumn2 Flags=1073741824 Link=55
      Origin   -00114.000000,-00206.000000,-00093.999985
      Normal   +00000.000000,+00001.000000,+00000.000000
      Pan      U=64 V=-36
      TextureU +00000.000000,+00000.000000,-00002.000000
      TextureV -00002.000000,+00000.000000,-00000.000000
      Vertex   -00108.000000,-00206.000000,-00105.999985
      Vertex   -00114.000000,-00206.000000,-00105.999985
      Vertex   -00114.000000,-00206.000000,-00096.000015
      Vertex   -00108.000000,-00206.000000,-00096.000015
   End Polygon
   Begin Polygon Item=Top Texture=bmFloor3 Flags=1073741824 Link=56
      Origin   -00117.941101,-00235.999954,-00095.999985
      Normal   +00000.000000,+00000.000000,-00001.000000
      TextureU +00000.707107,+00000.707107,-00000.000000
      TextureV +00000.707107,-00000.707107,+00000.000000
      Vertex   -00132.000000,-00206.000000,-00095.999985
      Vertex   -00132.000000,-00202.058746,-00095.999985
      Vertex   -00117.941101,-00187.999954,-00095.999985
      Vertex   -00108.000000,-00187.999954,-00095.999985
      Vertex   -00108.000000,-00206.000000,-00096.000015
   End Polygon
   Begin Polygon Item=OUTSIDE Texture=nbtrim3 Flags=1073741824 Link=29
      Origin   -00108.000000,-00132.000061,-00104.000031
      Normal   +00000.000000,+00000.000000,-00001.000000
      Pan      U=60 V=160
      TextureU +00000.000000,+00002.000000,+00000.000000
      TextureV -00002.000000,+00000.000000,-00000.000000
      Vertex   -00101.941055,-00187.999969,-00104.000031
      Vertex   -00098.058807,-00187.999969,-00104.000031
      Vertex   -00092.000000,-00194.058777,-00104.000031
      Vertex   -00092.000000,-00248.000061,-00104.000031
      Vertex   -00102.000000,-00235.500061,-00104.000031
   End Polygon
   Begin Polygon Item=OUTSIDE Texture=nbtrim3 Flags=1073741824 Link=29
      Origin   -00108.000000,-00132.000061,-00104.000031
      Normal   +00000.000000,+00000.000000,-00001.000000
      Pan      U=60 V=160
      TextureU +00000.000000,+00002.000000,+00000.000000
      TextureV -00002.000000,+00000.000000,-00000.000000
      Vertex   -00108.000000,-00181.941071,-00104.000031
      Vertex   -00101.941055,-00187.999969,-00104.000031
      Vertex   -00101.963394,-00206.000000,-00104.000031
      Vertex   -00108.000000,-00206.000000,-00104.000015
   End Polygon
   Begin Polygon Item=OUTSIDE Texture=nbtrim3 Flags=1073741824 Link=29
      Origin   -00108.000000,-00132.000061,-00104.000031
      Normal   +00000.000000,+00000.000000,-00001.000000
      Pan      U=60 V=160
      TextureU +00000.000000,+00002.000000,+00000.000000
      TextureV -00002.000000,+00000.000000,-00000.000000
      Vertex   -00108.000000,-00178.058853,-00104.000031
      Vertex   -00101.941177,-00172.000031,-00104.000031
      Vertex   -00092.000000,-00172.000031,-00104.000031
      Vertex   -00092.000000,-00194.058777,-00104.000031
   End Polygon
   Begin Polygon Item=OUTSIDE Texture=nbtrim3 Flags=1073741824 Link=29
      Origin   -00108.000000,-00132.000061,-00104.000031
      Normal   +00000.000000,+00000.000000,-00001.000000
      Pan      U=60 V=160
      TextureU +00000.000000,+00002.000000,+00000.000000
      TextureV -00002.000000,+00000.000000,-00000.000000
      Vertex   -00101.941055,-00187.999969,-00104.000031
      Vertex   -00108.000000,-00181.941071,-00104.000031
      Vertex   -00108.000000,-00178.058853,-00104.000031
      Vertex   -00098.058807,-00187.999969,-00104.000031
   End Polygon
   Begin Polygon Item=Outer Texture=bmFloor3 Flags=1073741824 Link=61
      Origin   -00084.000000,-00202.058746,-00079.999985
      Normal   +00000.707107,+00000.707107,-00000.000000
      TextureU -00000.707107,+00000.707107,-00000.000000
      TextureV -00000.000000,+00000.000000,+00001.000000
      Vertex   -00084.000000,-00202.058746,-00095.999985
      Vertex   -00098.058807,-00187.999954,-00095.999985
      Vertex   -00098.058807,-00187.999954,-00079.999985
      Vertex   -00084.000000,-00202.058746,-00079.999985
   End Polygon
   Begin Polygon Item=Outer Texture=bmbusted1 Flags=1073741824 Link=33
      Origin   -00091.000000,-00048.000000,-00074.803902
      Normal   +00001.000000,+00000.000000,+00000.000000
      TextureU +00000.000000,+00000.000000,-00001.000000
      TextureV +00000.000000,+00001.000000,+00000.000000
      Vertex   -00091.000000,-00176.000000,-00074.803902
      Vertex   -00091.000000,-00176.000000,-00085.196198
      Vertex   -00091.000000,-00164.941193,-00085.196198
      Vertex   -00091.000000,-00164.941223,-00074.803902
   End Polygon
   Begin Polygon Item=Outer Texture=bmFloor3 Flags=1073741824 Link=63
      Origin   -00098.058807,-00172.000000,-00080.000000
      Normal   +00000.707107,-00000.707107,+00000.000000
      TextureU +00000.707107,+00000.707107,-00000.000000
      TextureV -00000.000000,+00000.000000,+00001.000000
      Vertex   -00091.000000,-00164.941208,-00095.999977
      Vertex   -00084.000000,-00157.941162,-00095.999977
      Vertex   -00084.000000,-00157.941162,-00079.999977
      Vertex   -00091.000000,-00164.941223,-00080.000000
   End Polygon
   Begin Polygon Item=Outer Texture=bmbusted1 Flags=1073741824 Link=37
      Origin   -00091.000000,-00048.000000,-00085.196198
      Normal   -00000.500003,-00000.000000,-00000.866024
      TextureU -00000.866024,+00000.000000,+00000.500003
      TextureV +00000.000000,+00001.000000,+00000.000000
      Vertex   -00091.000000,-00172.000000,-00085.196198
      Vertex   -00091.000000,-00176.000000,-00085.196198
      Vertex   -00100.000000,-00176.000000,-00080.000000
      Vertex   -00100.000000,-00172.000031,-00080.000000
   End Polygon
   Begin Polygon Item=Outer Texture=bmFloor3 Flags=1073741824 Link=63
      Origin   -00098.058807,-00172.000000,-00080.000000
      Normal   +00000.707107,-00000.707107,+00000.000000
      TextureU +00000.707107,+00000.707107,-00000.000000
      TextureV -00000.000000,+00000.000000,+00001.000000
      Vertex   -00091.000000,-00164.941208,-00095.999977
      Vertex   -00091.000000,-00164.941193,-00085.196198
      Vertex   -00098.058807,-00172.000000,-00081.120758
      Vertex   -00098.058807,-00172.000061,-00095.999977
   End Polygon
   Begin Polygon Item=Top Texture=bmbusted1 Flags=1073741824 Link=66
      Origin   -00091.000000,-00176.000000,-00074.803902
      Normal   +00000.000000,-00001.000000,+00000.000000
      TextureU +00000.499997,-00000.000000,-00000.866027
      TextureV +00000.866026,+00000.000000,+00000.500000
      Vertex   -00091.000000,-00176.000000,-00085.196198
      Vertex   -00091.000000,-00176.000000,-00074.803902
      Vertex   -00100.000000,-00176.000000,-00080.000000
   End Polygon
   Begin Polygon Item=Outer Texture=bmbusted1 Flags=1073741824 Link=37
      Origin   -00091.000000,-00048.000000,-00085.196198
      Normal   -00000.500003,-00000.000000,-00000.866024
      TextureU -00000.866024,+00000.000000,+00000.500003
      TextureV +00000.000000,+00001.000000,+00000.000000
      Vertex   -00091.000000,-00164.941193,-00085.196198
      Vertex   -00091.000000,-00172.000000,-00085.196198
      Vertex   -00098.058807,-00172.000000,-00081.120758
   End Polygon
   Begin Polygon Item=Outer Texture=bmwall3_2 Flags=1073741824 Link=68
      Origin   -00098.058807,-00187.999954,-00079.999985
      Normal   +00000.000000,+00001.000000,+00000.000000
      TextureU -00001.000000,+00000.000000,-00000.000000
      TextureV -00000.000000,+00000.000000,+00001.000000
      Vertex   -00098.058807,-00187.999954,-00095.999985
      Vertex   -00117.941101,-00187.999954,-00095.999985
      Vertex   -00117.941101,-00187.999954,-00079.999985
      Vertex   -00098.058807,-00187.999954,-00079.999985
   End Polygon
   Begin Polygon Item=Base Texture=bmFloor3 Flags=1073741824 Link=69
      Origin   -00098.058807,-00235.999954,-00079.999985
      Normal   -00000.000000,+00000.000000,+00001.000000
      TextureU -00000.707107,+00000.707107,-00000.000000
      TextureV -00000.707104,-00000.707109,+00000.000000
      Vertex   -00084.000000,-00202.058746,-00079.999985
      Vertex   -00098.058807,-00187.999954,-00079.999985
      Vertex   -00117.941101,-00187.999954,-00079.999985
      Vertex   -00132.000000,-00202.058746,-00079.999985
      Vertex   -00132.000000,-00221.941055,-00079.999985
      Vertex   -00117.941101,-00235.999954,-00079.999985
      Vertex   -00098.058807,-00235.999954,-00079.999985
      Vertex   -00084.000000,-00221.941055,-00079.999985
   End Polygon
   Begin Polygon Item=Outer Texture=BMpanels45 Flags=1073741824 Link=70
      Origin   -00132.000000,-00202.058746,-00079.999985
      Normal   -00001.000000,+00000.000000,-00000.000000
      TextureU +00000.000000,-00001.000000,+00000.000000
      TextureV -00000.000000,+00000.000000,+00001.000000
      Vertex   -00132.000000,-00202.058746,-00079.999985
      Vertex   -00132.000000,-00202.058746,-00095.999985
