Begin PolyList
   Begin Polygon Texture=burlwo1 Flags=8912928 Link=0
      Origin   +00040.000000,-00012.000000,+00066.399994
      Normal   +00001.000000,+00000.000000,+00000.000000
      TextureU -00000.000000,+00004.000000,+00000.000000
      TextureV -00000.000000,+00000.000000,-00004.000000
      Vertex   +00040.000000,+00019.200012,+00004.000000
      Vertex   +00040.000000,+00019.200012,+00013.600014
      Vertex   +00040.000000,-00019.199951,+00013.599983
      Vertex   +00040.000000,-00019.200073,+00004.000000
   End Polygon
   Begin Polygon Texture=burlwo1 Flags=8912928 Link=1
      Origin   -00036.800018,+00012.000000,+00066.399994
      Normal   -00001.000000,+00000.000000,+00000.000000
      TextureU +00000.000000,-00004.000000,-00000.000000
      TextureV -00000.000000,+00000.000000,-00004.000000
      Vertex   -00036.799988,+00019.200012,+00013.600014
      Vertex   -00036.799988,+00019.200012,+00004.000008
      Vertex   -00036.800018,-00019.200073,+00004.000008
      Vertex   -00036.799988,-00019.200073,+00013.600014
   End Polygon
   Begin Polygon Texture=burlwo1 Flags=8912928 Link=2
      Origin   +00435.200012,-00094.024536,+00013.600006
      Normal   +00000.000000,+00000.000000,+00001.000000
      TextureU +00004.000000,+00000.000000,+00000.000000
      TextureV -00000.000000,+00004.000000,+00000.000000
      Vertex   -00034.400024,+00019.200012,+00013.600014
      Vertex   -00036.799988,+00019.200012,+00013.600014
      Vertex   -00036.799988,-00019.200073,+00013.600014
      Vertex   -00034.400024,-00019.200073,+00013.600014
   End Polygon
   Begin Polygon Item=Top Texture=blseat2 Flags=8912928 Link=3
      Origin   +00435.200073,-00094.024536,+00514.505676
      Normal   -00000.729536,+00000.000001,+00000.683942
      Pan      U=168 V=260
      TextureU +00002.279806,+00000.000002,+00002.431788
      TextureV +00000.000000,+00003.333333,+00000.000000
      Vertex   -00032.150024,-00014.550049,+00016.000008
      Vertex   -00032.149994,+00014.549988,+00016.000008
      Vertex   -00034.399994,+00016.799988,+00013.600014
      Vertex   -00034.400024,-00016.800049,+00013.600014
   End Polygon
   Begin Polygon Texture=blseat2 Flags=8912928 Link=4
      Origin   +00435.200012,-00094.024536,+00016.000000
      Normal   +00000.000000,+00000.000000,+00001.000000
      Pan      U=168 V=144
      TextureU +00003.333333,+00000.000000,+00000.000000
      TextureV +00000.000000,+00003.333333,+00000.000000
      Vertex   +00035.350006,+00014.549988,+00016.000008
      Vertex   -00032.149994,+00014.549988,+00016.000008
      Vertex   -00032.150024,-00014.550049,+00016.000008
      Vertex   +00035.350006,-00014.550049,+00016.000008
   End Polygon
   Begin Polygon Item=Top Texture=blseat2 Flags=8912928 Link=5
      Origin   +00435.200073,-00094.024536,-00410.508423
      Normal   +00000.729538,-00000.000001,+00000.683940
      Pan      U=168 V=260
      TextureU +00002.279799,+00000.000003,-00002.431795
      TextureV +00000.000000,+00003.333333,+00000.000000
      Vertex   +00037.600006,+00016.799988,+00013.600014
      Vertex   +00035.350006,+00014.549988,+00016.000008
      Vertex   +00035.350006,-00014.550049,+00016.000008
      Vertex   +00037.600006,-00016.800049,+00013.599983
   End Polygon
   Begin Polygon Texture=ThFlummer Flags=8912928 Link=6
      Origin   +00284.000031,+00315.999969,+00004.000008
      Normal   +00000.000000,+00000.000000,-00001.000000
      TextureU -00000.000000,-00002.000000,+00000.000000
      TextureV +00002.000000,-00000.000000,+00000.000000
      Vertex   +00040.000000,-00009.006424,+00004.000000
      Vertex   -00036.800011,-00009.006378,+00004.000008
      Vertex   -00036.799988,+00011.200012,+00004.000008
      Vertex   +00040.000000,+00011.200012,+00004.000000
   End Polygon
   Begin Polygon Texture=burlwo1 Flags=8912928 Link=2
      Origin   +00435.200012,-00094.024536,+00013.600006
      Normal   +00000.000000,+00000.000000,+00001.000000
      TextureU +00004.000000,+00000.000000,+00000.000000
      TextureV -00000.000000,+00004.000000,+00000.000000
      Vertex   +00040.000000,+00016.800049,+00013.600010
      Vertex   +00037.600006,+00016.799988,+00013.600014
      Vertex   +00037.600006,-00016.800049,+00013.599983
      Vertex   +00040.000000,-00016.800049,+00013.599983
   End Polygon
   Begin Polygon Item=Top Texture=burlwo1 Flags=8912928 Link=8
      Origin   +00032.000000,+00019.200012,+00004.000000
      Normal   -00000.999133,+00000.000000,-00000.041631
      TextureU -00000.001732,-00000.999135,+00000.041558
      TextureV -00000.041595,+00000.041595,+00000.998268
      Vertex   +00033.333344,+00017.866684,-00027.999992
      Vertex   +00033.333344,+00012.533340,-00027.999992
      Vertex   +00032.000000,+00011.200012,+00004.000000
      Vertex   +00032.000000,+00019.200012,+00004.000000
   End Polygon
   Begin Polygon Item=Top Texture=burlwo1 Flags=8912928 Link=9
      Origin   -00036.799988,+00019.200012,+00004.000008
      Normal   -00000.999133,+00000.000000,-00000.041631
      TextureU -00000.001732,-00000.999135,+00000.041558
      TextureV -00000.041595,+00000.041595,+00000.998268
      Vertex   -00035.466644,+00017.866684,-00027.999985
      Vertex   -00035.466644,+00012.533340,-00027.999985
      Vertex   -00036.799988,+00011.200012,+00004.000008
      Vertex   -00036.799988,+00019.200012,+00004.000008
   End Polygon
   Begin Polygon Item=Top Texture=burlwo1 Flags=8912928 Link=10
      Origin   -00036.799988,+00011.200012,+00004.000008
      Normal   +00000.000000,-00000.999133,-00000.041631
      TextureU +00000.999135,-00000.001732,+00000.041559
      TextureV -00000.041595,-00000.041595,+00000.998268
      Vertex   -00035.466644,+00012.533340,-00027.999985
      Vertex   -00030.133331,+00012.533340,-00027.999985
      Vertex   -00028.799988,+00011.200012,+00004.000008
      Vertex   -00036.799988,+00011.200012,+00004.000008
   End Polygon
   Begin Polygon Item=Top Texture=burlwo1 Flags=8912928 Link=11
      Origin   -00028.799988,+00011.200012,+00004.000008
      Normal   +00000.999133,+00000.000000,-00000.041630
      TextureU +00000.001731,+00000.999135,+00000.041558
      TextureV +00000.041594,-00000.041595,+00000.998268
      Vertex   -00030.133331,+00012.533340,-00027.999985
      Vertex   -00030.133331,+00017.866684,-00027.999985
      Vertex   -00028.799988,+00019.200012,+00004.000008
      Vertex   -00028.799988,+00011.200012,+00004.000008
   End Polygon
   Begin Polygon Item=Top Texture=burlwo1 Flags=8912928 Link=12
      Origin   -00028.799988,+00019.200012,+00004.000008
      Normal   -00000.000000,+00000.999133,-00000.041631
      TextureU -00000.999135,+00000.001731,+00000.041558
      TextureV +00000.041594,+00000.041595,+00000.998268
      Vertex   -00030.133331,+00017.866684,-00027.999985
      Vertex   -00035.466644,+00017.866684,-00027.999985
      Vertex   -00036.799988,+00019.200012,+00004.000008
      Vertex   -00028.799988,+00019.200012,+00004.000008
   End Polygon
   Begin Polygon Texture=ThFlummer Flags=8912928 Link=13
      Origin   +00284.000031,+00315.999969,-00027.999985
      Normal   +00000.000000,+00000.000000,-00001.000000
      TextureU -00000.000000,-00002.000000,+00000.000000
      TextureV +00002.000000,-00000.000000,+00000.000000
      Vertex   -00030.133331,+00017.866684,-00027.999985
      Vertex   -00030.133331,+00012.533340,-00027.999985
      Vertex   -00035.466644,+00012.533340,-00027.999985
      Vertex   -00035.466644,+00017.866684,-00027.999985
   End Polygon
   Begin Polygon Item=Top Texture=burlwo1 Flags=8912928 Link=14
      Origin   +00032.000000,+00011.200012,+00004.000000
      Normal   +00000.000000,-00000.999133,-00000.041631
      TextureU +00000.999135,-00000.001732,+00000.041559
      TextureV -00000.041595,-00000.041595,+00000.998268
      Vertex   +00033.333344,+00012.533340,-00027.999992
      Vertex   +00038.666656,+00012.533340,-00027.999992
      Vertex   +00040.000000,+00011.200012,+00004.000000
      Vertex   +00032.000000,+00011.200012,+00004.000000
   End Polygon
   Begin Polygon Item=Top Texture=burlwo1 Flags=8912928 Link=15
      Origin   +00040.000000,+00011.200012,+00004.000000
      Normal   +00000.999133,+00000.000000,-00000.041630
      TextureU +00000.001731,+00000.999135,+00000.041558
      TextureV +00000.041594,-00000.041595,+00000.998268
      Vertex   +00038.666656,+00012.533340,-00027.999992
      Vertex   +00038.666656,+00017.866684,-00027.999992
      Vertex   +00040.000000,+00019.200012,+00004.000000
      Vertex   +00040.000000,+00011.200012,+00004.000000
   End Polygon
   Begin Polygon Item=Top Texture=burlwo1 Flags=8912928 Link=16
      Origin   +00040.000000,+00019.200012,+00004.000000
      Normal   -00000.000000,+00000.999133,-00000.041631
      TextureU -00000.999135,+00000.001731,+00000.041558
      TextureV +00000.041594,+00000.041595,+00000.998268
      Vertex   +00038.666656,+00017.866684,-00027.999992
      Vertex   +00033.333344,+00017.866684,-00027.999992
      Vertex   +00032.000000,+00019.200012,+00004.000000
      Vertex   +00040.000000,+00019.200012,+00004.000000
   End Polygon
   Begin Polygon Texture=ThFlummer Flags=8912928 Link=17
      Origin   +00284.000031,+00315.999969,-00027.999985
      Normal   +00000.000000,+00000.000000,-00001.000000
      TextureU -00000.000000,-00002.000000,+00000.000000
      TextureV +00002.000000,-00000.000000,+00000.000000
      Vertex   +00038.666656,+00017.866684,-00027.999992
      Vertex   +00038.666656,+00012.533340,-00027.999992
      Vertex   +00033.333344,+00012.533340,-00027.999992
      Vertex   +00033.333344,+00017.866684,-00027.999992
   End Polygon
   Begin Polygon Texture=burlwo1 Flags=8912928 Link=18
      Origin   -00036.800018,+00019.200012,+00066.399994
      Normal   +00000.000000,+00001.000000,+00000.000000
      TextureU -00004.000000,-00000.000000,+00000.000000
      TextureV -00000.000000,+00000.000000,-00004.000000
      Vertex   +00040.000000,+00019.200012,+00013.600014
      Vertex   +00040.000000,+00019.200012,+00004.000000
      Vertex   -00036.799988,+00019.200012,+00004.000008
      Vertex   -00036.799988,+00019.200012,+00013.600014
   End Polygon
   Begin Polygon Item=Top Texture=blseat2 Flags=8912928 Link=19
      Origin   +00435.200012,-00094.024536,+00131.812531
      Normal   +00000.000000,+00000.729536,+00000.683942
      Pan      U=168 V=144
      TextureU +00003.333333,+00000.000000,+00000.000000
      TextureV -00000.000000,+00002.279807,-00002.431787
      Vertex   +00035.350006,+00014.549988,+00016.000008
      Vertex   +00037.600006,+00016.799988,+00013.600014
      Vertex   -00034.399994,+00016.799988,+00013.600014
      Vertex   -00032.149994,+00014.549988,+00016.000008
   End Polygon
   Begin Polygon Texture=ThFlummer Flags=8912928 Link=6
      Origin   +00284.000031,+00315.999969,+00004.000008
      Normal   +00000.000000,+00000.000000,-00001.000000
      TextureU -00000.000000,-00002.000000,+00000.000000
      TextureV +00002.000000,-00000.000000,+00000.000000
      Vertex   +00032.000000,+00011.200012,+00004.000000
      Vertex   -00028.799988,+00011.200012,+00004.000008
      Vertex   -00028.799988,+00019.200012,+00004.000008
      Vertex   +00032.000000,+00019.200012,+00004.000000
   End Polygon
   Begin Polygon Texture=burlwo1 Flags=8912928 Link=2
      Origin   +00435.200012,-00094.024536,+00013.600006
      Normal   +00000.000000,+00000.000000,+00001.000000
      TextureU +00004.000000,+00000.000000,+00000.000000
      TextureV -00000.000000,+00004.000000,+00000.000000
      Vertex   -00034.400024,+00019.200012,+00013.600014
      Vertex   -00034.399994,+00016.799988,+00013.600014
      Vertex   +00040.000000,+00016.800049,+00013.600010
      Vertex   +00040.000000,+00019.200012,+00013.600014
   End Polygon
   Begin Polygon Texture=burlwo1 Flags=8912928 Link=22
      Origin   +00040.000000,-00019.199615,+00066.399994
      Normal   +00000.000000,-00001.000000,+00000.000000
      TextureU +00004.000000,+00000.000000,+00000.000000
      TextureV -00000.000000,+00000.000000,-00004.000000
      Vertex   +00040.000000,-00019.200073,+00004.000000
      Vertex   +00040.000000,-00019.199951,+00013.599983
      Vertex   -00036.799988,-00019.200073,+00013.600014
      Vertex   -00036.800018,-00019.200073,+00004.000008
   End Polygon
   Begin Polygon Item=Top Texture=blseat2 Flags=8912928 Link=23
      Origin   +00435.200012,-00094.024536,-00068.773254
      Normal   +00000.000000,-00000.729539,+00000.683940
      Pan      U=168 V=144
      TextureU +00003.333333,+00000.000000,+00000.000000
      TextureV +00000.000000,+00002.279799,+00002.431795
      Vertex   +00037.600006,-00016.800049,+00013.599983
      Vertex   +00035.350006,-00014.550049,+00016.000008
      Vertex   -00032.150024,-00014.550049,+00016.000008
      Vertex   -00034.400024,-00016.800049,+00013.600014
   End Polygon
   Begin Polygon Texture=ThFlummer Flags=8912928 Link=6
      Origin   +00284.000031,+00315.999969,+00004.000008
      Normal   +00000.000000,+00000.000000,-00001.000000
      TextureU -00000.000000,-00002.000000,+00000.000000
      TextureV +00002.000000,-00000.000000,+00000.000000
      Vertex   +00032.000000,-00019.200073,+00004.000000
      Vertex   -00028.800018,-00019.200073,+00004.000008
      Vertex   -00028.800018,-00009.006378,+00004.000008
      Vertex   +00032.000000,-00009.006424,+00004.000000
   End Polygon
   Begin Polygon Item=Top Texture=burlwo1 Flags=8912928 Link=25
      Origin   +00032.000000,-00011.200073,+00004.000000
      Normal   -00000.999133,+00000.000000,-00000.041631
      TextureU -00000.001732,-00000.999135,+00000.041558
      TextureV -00000.041595,+00000.041595,+00000.998268
      Vertex   +00033.333344,-00012.533401,-00027.999992
      Vertex   +00033.333344,-00017.866745,-00027.999992
      Vertex   +00032.000000,-00019.200073,+00004.000000
      Vertex   +00032.000000,-00011.200073,+00004.000000
   End Polygon
   Begin Polygon Item=Top Texture=burlwo1 Flags=8912928 Link=26
      Origin   -00028.800018,-00019.200073,+00004.000008
      Normal   +00000.999133,+00000.000000,-00000.041630
      TextureU +00000.001731,+00000.999135,+00000.041558
      TextureV +00000.041594,-00000.041595,+00000.998268
      Vertex   -00028.800018,-00019.200073,+00004.000008
      Vertex   -00030.133362,-00017.866745,-00027.999985
      Vertex   -00030.133362,-00012.533401,-00027.999985
      Vertex   -00028.800018,-00011.200073,+00004.000008
   End Polygon
   Begin Polygon Texture=burlwo1 Flags=8912928 Link=2
      Origin   +00435.200012,-00094.024536,+00013.600006
      Normal   +00000.000000,+00000.000000,+00001.000000
      TextureU +00004.000000,+00000.000000,+00000.000000
      TextureV -00000.000000,+00004.000000,+00000.000000
      Vertex   +00040.000000,-00019.199951,+00013.599983
      Vertex   +00040.000000,-00016.800049,+00013.599983
      Vertex   -00034.400024,-00016.800049,+00013.600014
      Vertex   -00034.400024,-00019.200073,+00013.600014
   End Polygon
   Begin Polygon Item=Top Texture=burlwo1 Flags=8912928 Link=28
      Origin   +00032.000000,-00019.200073,+00004.000000
      Normal   +00000.000000,-00000.999133,-00000.041631
      TextureU +00000.999135,-00000.001732,+00000.041559
      TextureV -00000.041595,-00000.041595,+00000.998268
      Vertex   +00040.000000,-00019.200073,+00004.000000
      Vertex   +00032.000000,-00019.200073,+00004.000000
      Vertex   +00033.333344,-00017.866745,-00027.999992
      Vertex   +00038.666656,-00017.866745,-00027.999992
   End Polygon
   Begin Polygon Item=Top Texture=burlwo1 Flags=8912928 Link=29
      Origin   -00036.800018,-00019.200073,+00004.000008
      Normal   +00000.000000,-00000.999133,-00000.041631
      TextureU +00000.999135,-00000.001732,+00000.041559
      TextureV -00000.041595,-00000.041595,+00000.998268
      Vertex   -00028.800018,-00019.200073,+00004.000008
      Vertex   -00036.800018,-00019.200073,+00004.000008
      Vertex   -00035.466675,-00017.866745,-00027.999985
      Vertex   -00030.133362,-00017.866745,-00027.999985
   End Polygon
   Begin Polygon Item=Top Texture=burlwo1 Flags=8912928 Link=30
      Origin   -00036.800018,-00011.200073,+00004.000008
      Normal   -00000.999133,+00000.000000,-00000.041631
      TextureU -00000.001732,-00000.999135,+00000.041558
      TextureV -00000.041595,+00000.041595,+00000.998268
      Vertex   -00035.466675,-00012.533401,-00027.999985
      Vertex   -00035.466675,-00017.866745,-00027.999985
      Vertex   -00036.800018,-00019.200073,+00004.000008
      Vertex   -00036.800018,-00011.200073,+00004.000008
   End Polygon
   Begin Polygon Item=Top Texture=burlwo1 Flags=8912928 Link=31
      Origin   +00040.000000,-00019.200073,+00004.000000
      Normal   +00000.999133,+00000.000000,-00000.041630
      TextureU +00000.001731,+00000.999135,+00000.041558
      TextureV +00000.041594,-00000.041595,+00000.998268
      Vertex   +00040.000000,-00019.200073,+00004.000000
      Vertex   +00038.666656,-00017.866745,-00027.999992
      Vertex   +00038.666656,-00012.533401,-00027.999992
      Vertex   +00040.000000,-00011.200073,+00004.000000
   End Polygon
   Begin Polygon Texture=ThFlummer Flags=8912928 Link=32
      Origin   +00284.000031,+00315.999969,-00027.999985
      Normal   +00000.000000,+00000.000000,-00001.000000
      TextureU -00000.000000,-00002.000000,+00000.000000
      TextureV +00002.000000,-00000.000000,+00000.000000
      Vertex   -00030.133362,-00017.866745,-00027.999985
      Vertex   -00035.466675,-00017.866745,-00027.999985
      Vertex   -00035.466675,-00012.533401,-00027.999985
      Vertex   -00030.133362,-00012.533401,-00027.999985
   End Polygon
   Begin Polygon Texture=ThFlummer Flags=8912928 Link=33
      Origin   +00284.000031,+00315.999969,-00027.999985
      Normal   +00000.000000,+00000.000000,-00001.000000
      TextureU -00000.000000,-00002.000000,+00000.000000
      TextureV +00002.000000,-00000.000000,+00000.000000
      Vertex   +00038.666656,-00017.866745,-00027.999992
      Vertex   +00033.333344,-00017.866745,-00027.999992
      Vertex   +00033.333344,-00012.533401,-00027.999992
      Vertex   +00038.666656,-00012.533401,-00027.999992
   End Polygon
   Begin Polygon Texture=ThFlummer Flags=8912928 Link=6
      Origin   +00284.000031,+00315.999969,+00004.000008
      Normal   +00000.000000,+00000.000000,-00001.000000
      TextureU -00000.000000,-00002.000000,+00000.000000
      TextureV +00002.000000,-00000.000000,+00000.000000
      Vertex   +00032.000000,-00011.200073,+00004.000000
      Vertex   +00032.000000,-00009.006424,+00004.000000
      Vertex   +00040.000000,-00009.006424,+00004.000000
      Vertex   +00040.000000,-00011.200073,+00004.000000
   End Polygon
   Begin Polygon Item=Top Texture=burlwo1 Flags=8912928 Link=35
      Origin   -00028.800018,-00011.200073,+00004.000008
      Normal   -00000.000000,+00000.999133,-00000.041631
      TextureU -00000.999135,+00000.001731,+00000.041558
      TextureV +00000.041594,+00000.041595,+00000.998268
      Vertex   -00030.133362,-00012.533401,-00027.999985
      Vertex   -00035.466675,-00012.533401,-00027.999985
      Vertex   -00036.800018,-00011.200073,+00004.000008
      Vertex   -00028.800018,-00011.200073,+00004.000008
   End Polygon
   Begin Polygon Item=Top Texture=burlwo1 Flags=8912928 Link=36
      Origin   +00040.000000,-00011.200073,+00004.000000
      Normal   -00000.000000,+00000.999133,-00000.041631
      TextureU -00000.999135,+00000.001731,+00000.041558
      TextureV +00000.041594,+00000.041595,+00000.998268
      Vertex   +00038.666656,-00012.533401,-00027.999992
      Vertex   +00033.333344,-00012.533401,-00027.999992
      Vertex   +00032.000000,-00011.200073,+00004.000000
      Vertex   +00040.000000,-00011.200073,+00004.000000
   End Polygon
   Begin Polygon Texture=ThFlummer Flags=8912928 Link=6
      Origin   +00284.000031,+00315.999969,+00004.000008
      Normal   +00000.000000,+00000.000000,-00001.000000
      TextureU -00000.000000,-00002.000000,+00000.000000
      TextureV +00002.000000,-00000.000000,+00000.000000
      Vertex   -00028.800018,-00011.200073,+00004.000008
      Vertex   -00036.800018,-00011.200073,+00004.000008
      Vertex   -00036.800011,-00009.006378,+00004.000008
      Vertex   -00028.800018,-00009.006378,+00004.000008
   End Polygon
End PolyList
