Begin PolyList
   Begin Polygon Texture=DrtyPlyWood_A Flags=1073741824 Link=0
      Origin   -00029.000000,-00002.000000,-00009.000000
      Normal   +00000.025308,+00000.000000,-00000.999680
      TextureU +00000.999680,+00000.000000,+00000.025308
      TextureV +00000.000000,-00001.000000,+00000.000000
      Vertex   -00020.000000,-00002.000000,-00009.000000
      Vertex   -00020.000000,+00002.000000,-00009.000000
      Vertex   +00050.000000,+00002.000000,-00007.000000
      Vertex   +00050.000000,-00002.000000,-00007.000000
   End Polygon
   Begin Polygon Texture=CT_RdRstMtl_01 Flags=1073741824 Link=1
      Origin   -00028.000000,-00004.000000,-00009.000000
      Normal   -00001.000000,+00000.000000,+00000.000000
      TextureU +00000.000000,+00001.000000,+00000.000000
      TextureV +00000.000000,+00000.000000,-00001.000000
      Vertex   -00028.000000,-00002.000000,-00014.000000
      Vertex   -00028.000000,-00003.000000,-00012.000000
      Vertex   -00028.000000,-00004.000000,-00009.000000
      Vertex   -00028.000000,-00002.000000,-00008.974686
      Vertex   -00028.000000,+00002.000000,-00008.974686
      Vertex   -00028.000000,+00004.000000,-00009.000000
      Vertex   -00028.000000,+00003.000000,-00012.000000
      Vertex   -00028.000000,+00002.000000,-00014.000000
      Vertex   -00028.000000,+00000.000000,-00016.000000
   End Polygon
   Begin Polygon Texture=CT_RdRstMtl_01 Flags=1073741824 Link=2
      Origin   -00028.000000,-00003.000000,-00012.000000
      Normal   +00000.000000,-00000.894427,-00000.447214
      TextureU +00001.000000,+00000.000000,+00000.000000
      TextureV +00000.000000,-00000.447214,+00000.894427
      Vertex   -00028.000000,-00003.000000,-00012.000000
      Vertex   -00028.000000,-00002.000000,-00014.000000
      Vertex   -00020.000000,-00002.000000,-00014.000000
      Vertex   -00020.000000,-00003.000000,-00012.000000
   End Polygon
   Begin Polygon Texture=CT_RdRstMtl_01 Flags=1073741824 Link=3
      Origin   -00028.000000,-00004.000000,-00009.000000
      Normal   +00000.000000,-00000.948683,-00000.316228
      TextureU +00001.000000,+00000.000000,+00000.000000
      TextureV +00000.000000,-00000.316228,+00000.948683
      Vertex   -00028.000000,-00004.000000,-00009.000000
      Vertex   -00028.000000,-00003.000000,-00012.000000
      Vertex   -00020.000000,-00003.000000,-00012.000000
      Vertex   -00020.000000,-00004.000000,-00009.000000
   End Polygon
   Begin Polygon Texture=CT_RdRstMtl_01 Flags=1073741824 Link=4
      Origin   -00028.000000,+00003.000000,-00012.000000
      Normal   -00000.000000,+00000.948683,-00000.316228
      TextureU +00001.000000,+00000.000000,+00000.000000
      TextureV -00000.000000,-00000.316228,-00000.948683
      Vertex   -00028.000000,+00003.000000,-00012.000000
      Vertex   -00028.000000,+00004.000000,-00009.000000
      Vertex   -00020.000000,+00004.000000,-00009.000000
      Vertex   -00020.000000,+00003.000000,-00012.000000
   End Polygon
   Begin Polygon Texture=CT_RdRstMtl_01 Flags=1073741824 Link=5
      Origin   -00028.000000,+00002.000000,-00014.000000
      Normal   -00000.000000,+00000.894427,-00000.447214
      TextureU +00001.000000,+00000.000000,+00000.000000
      TextureV +00000.000000,-00000.447214,-00000.894427
      Vertex   -00028.000000,+00002.000000,-00014.000000
      Vertex   -00028.000000,+00003.000000,-00012.000000
      Vertex   -00020.000000,+00003.000000,-00012.000000
      Vertex   -00020.000000,+00002.000000,-00014.000000
   End Polygon
   Begin Polygon Texture=CT_RdRstMtl_01 Flags=1073741824 Link=6
      Origin   -00028.000000,+00000.000000,-00016.000000
      Normal   -00000.000000,+00000.707107,-00000.707107
      TextureU +00001.000000,+00000.000000,+00000.000000
      TextureV +00000.000000,-00000.707107,-00000.707107
      Vertex   -00028.000000,+00000.000000,-00016.000000
      Vertex   -00028.000000,+00002.000000,-00014.000000
      Vertex   -00020.000000,+00002.000000,-00014.000000
      Vertex   -00020.000000,+00000.000000,-00016.000000
   End Polygon
   Begin Polygon Texture=CT_RdRstMtl_01 Flags=1073741824 Link=7
      Origin   -00028.000000,-00002.000000,-00014.000000
      Normal   +00000.000000,-00000.707107,-00000.707107
      TextureU +00001.000000,+00000.000000,+00000.000000
      TextureV +00000.000000,-00000.707107,+00000.707107
      Vertex   -00028.000000,-00002.000000,-00014.000000
      Vertex   -00028.000000,+00000.000000,-00016.000000
      Vertex   -00020.000000,+00000.000000,-00016.000000
      Vertex   -00020.000000,-00002.000000,-00014.000000
   End Polygon
   Begin Polygon Texture=CT_RdRstMtl_01 Flags=1073741824 Link=8
      Origin   -00020.000000,-00004.000000,-00002.000000
      Normal   +00001.000000,+00000.000000,+00000.000000
      TextureU +00000.000000,+00001.000000,+00000.000000
      TextureV +00000.000000,+00000.000000,+00001.000000
      Vertex   -00020.000000,+00002.000000,-00014.000000
      Vertex   -00020.000000,+00003.000000,-00012.000000
      Vertex   -00020.000000,+00004.000000,-00009.000000
      Vertex   -00020.000000,-00004.000000,-00009.000000
      Vertex   -00020.000000,-00003.000000,-00012.000000
      Vertex   -00020.000000,-00002.000000,-00014.000000
      Vertex   -00020.000000,+00000.000000,-00016.000000
   End Polygon
   Begin Polygon Texture=CT_RdRstMtl_01 Flags=1073741824 Link=8
      Origin   -00020.000000,-00004.000000,-00002.000000
      Normal   +00001.000000,+00000.000000,+00000.000000
      TextureU +00000.000000,+00001.000000,+00000.000000
      TextureV +00000.000000,+00000.000000,+00001.000000
      Vertex   -00020.000000,-00002.849998,-00001.581253
      Vertex   -00020.000000,-00004.000000,-00002.000000
      Vertex   -00020.000000,-00004.000000,-00009.000000
      Vertex   -00020.000000,-00001.481251,-00001.331253
   End Polygon
   Begin Polygon Texture=DrtyPlyWood_A Flags=1073741824 Link=10
      Origin   -00029.000000,+00002.000000,-00003.000000
      Normal   +00000.000000,+00000.000000,+00001.000000
      TextureU +00001.000000,+00000.000000,+00000.000000
      TextureV +00000.000000,+00001.000000,+00000.000000
      Vertex   -00020.000000,+00002.000000,-00002.910667
      Vertex   -00020.000000,-00002.000000,-00002.910675
      Vertex   +00050.000000,-00002.000000,-00003.000000
      Vertex   +00050.000000,+00002.000000,-00003.000000
   End Polygon
   Begin Polygon Texture=DrtyPlyWood_A Flags=1073741824 Link=11
      Origin   -00029.000000,+00002.000000,-00009.000000
      Normal   +00000.000000,+00001.000000,+00000.000000
      TextureU +00001.000000,+00000.000000,+00000.000000
      TextureV +00000.000000,+00000.000000,-00001.000000
      Vertex   -00020.000000,+00002.000000,-00009.000000
      Vertex   -00020.000000,+00002.000000,-00002.910667
      Vertex   +00050.000000,+00002.000000,-00003.000000
      Vertex   +00050.000000,+00002.000000,-00007.000000
   End Polygon
   Begin Polygon Texture=DrtyPlyWood_A Flags=1073741824 Link=12
      Origin   +00050.000000,+00002.000000,-00007.000000
      Normal   +00001.000000,+00000.000000,+00000.000000
      TextureU +00000.000000,-00001.000000,+00000.000000
      TextureV +00000.000000,+00000.000000,-00001.000000
      Vertex   +00050.000000,+00002.000000,-00007.000000
      Vertex   +00050.000000,+00002.000000,-00003.000000
      Vertex   +00050.000000,-00002.000000,-00003.000000
      Vertex   +00050.000000,-00002.000000,-00007.000000
   End Polygon
   Begin Polygon Texture=DrtyPlyWood_A Flags=1073741824 Link=13
      Origin   +00050.000000,-00002.000000,-00007.000000
      Normal   +00000.000000,-00001.000000,+00000.000000
      TextureU -00001.000000,+00000.000000,+00000.000000
      TextureV +00000.000000,+00000.000000,-00001.000000
      Vertex   -00020.000000,-00002.000000,-00009.000000
      Vertex   +00050.000000,-00002.000000,-00007.000000
      Vertex   +00050.000000,-00002.000000,-00003.000000
      Vertex   -00020.000000,-00002.000000,-00002.910675
   End Polygon
   Begin Polygon Texture=CT_RdRstMtl_01 Flags=1073741824 Link=1
      Origin   -00028.000000,-00004.000000,-00009.000000
      Normal   -00001.000000,+00000.000000,+00000.000000
      TextureU +00000.000000,+00001.000000,+00000.000000
      TextureV +00000.000000,+00000.000000,-00001.000000
      Vertex   -00028.000000,-00004.000000,-00009.000000
      Vertex   -00028.000000,-00004.000000,-00002.000000
      Vertex   -00028.000000,-00002.849998,-00001.581253
      Vertex   -00028.000000,-00001.481251,-00001.331253
   End Polygon
   Begin Polygon Texture=DrtyPlyWood_A Flags=1073741824 Link=15
      Origin   -00029.000000,-00002.000000,-00009.000000
      Normal   -00001.000000,+00000.000000,+00000.000000
      TextureU +00000.000000,+00001.000000,+00000.000000
      TextureV +00000.000000,+00000.000000,-00001.000000
      Vertex   -00029.000000,-00002.000000,-00009.000000
      Vertex   -00029.000000,-00002.000000,-00003.000000
      Vertex   -00029.000000,+00002.000000,-00003.000000
      Vertex   -00029.000000,+00002.000000,-00009.000000
   End Polygon
   Begin Polygon Texture=DrtyPlyWood_A Flags=1073741824 Link=11
      Origin   -00029.000000,+00002.000000,-00009.000000
      Normal   +00000.000000,+00001.000000,+00000.000000
      TextureU +00001.000000,+00000.000000,+00000.000000
      TextureV +00000.000000,+00000.000000,-00001.000000
      Vertex   -00028.000000,+00002.000000,-00008.974686
      Vertex   -00029.000000,+00002.000000,-00009.000000
      Vertex   -00029.000000,+00002.000000,-00003.000000
      Vertex   -00028.000000,+00002.000000,-00002.910667
   End Polygon
   Begin Polygon Texture=DrtyPlyWood_A Flags=1073741824 Link=13
      Origin   +00050.000000,-00002.000000,-00007.000000
      Normal   +00000.000000,-00001.000000,+00000.000000
      TextureU -00001.000000,+00000.000000,+00000.000000
      TextureV +00000.000000,+00000.000000,-00001.000000
      Vertex   -00028.000000,-00002.000000,-00008.974686
      Vertex   -00028.000000,-00002.000000,-00002.910675
      Vertex   -00029.000000,-00002.000000,-00003.000000
      Vertex   -00029.000000,-00002.000000,-00009.000000
   End Polygon
   Begin Polygon Texture=DrtyPlyWood_A Flags=1073741824 Link=10
      Origin   -00029.000000,+00002.000000,-00003.000000
      Normal   +00000.000000,+00000.000000,+00001.000000
      TextureU +00001.000000,+00000.000000,+00000.000000
      TextureV +00000.000000,+00001.000000,+00000.000000
      Vertex   -00028.000000,+00002.000000,-00002.910667
      Vertex   -00029.000000,+00002.000000,-00003.000000
      Vertex   -00029.000000,-00002.000000,-00003.000000
      Vertex   -00028.000000,-00002.000000,-00002.910675
   End Polygon
   Begin Polygon Texture=CT_RdRstMtl_01 Flags=1073741824 Link=19
      Origin   -00028.000000,-00001.481251,-00001.331253
      Normal   +00000.000000,-00000.179676,+00000.983726
      TextureU +00001.000000,+00000.000000,+00000.000000
      TextureV -00000.000000,+00000.983726,+00000.179676
      Vertex   -00028.000000,-00001.481251,-00001.331253
      Vertex   -00028.000000,-00002.849998,-00001.581253
      Vertex   -00020.000000,-00002.849998,-00001.581253
      Vertex   -00020.000000,-00001.481251,-00001.331253
   End Polygon
   Begin Polygon Texture=CT_RdRstMtl_01 Flags=1073741824 Link=20
      Origin   -00028.000000,+00002.849998,-00001.581253
      Normal   +00000.000000,+00000.179676,+00000.983726
      TextureU +00001.000000,+00000.000000,+00000.000000
      TextureV -00000.000000,+00000.983726,-00000.179676
      Vertex   -00028.000000,+00002.849998,-00001.581253
      Vertex   -00028.000000,+00001.481251,-00001.331253
      Vertex   -00020.000000,+00001.481251,-00001.331253
      Vertex   -00020.000000,+00002.849998,-00001.581253
   End Polygon
   Begin Polygon Texture=CT_RdRstMtl_01 Flags=1073741824 Link=21
      Origin   -00028.000000,-00004.000000,-00002.000000
      Normal   +00000.000000,-00001.000000,+00000.000000
      TextureU +00001.000000,+00000.000000,+00000.000000
      TextureV +00000.000000,+00000.000000,+00001.000000
      Vertex   -00028.000000,-00004.000000,-00002.000000
      Vertex   -00028.000000,-00004.000000,-00009.000000
      Vertex   -00020.000000,-00004.000000,-00009.000000
      Vertex   -00020.000000,-00004.000000,-00002.000000
   End Polygon
   Begin Polygon Texture=CT_RdRstMtl_01 Flags=1073741824 Link=22
      Origin   -00028.000000,+00004.000000,-00009.000000
      Normal   +00000.000000,+00001.000000,+00000.000000
      TextureU +00001.000000,+00000.000000,+00000.000000
      TextureV +00000.000000,+00000.000000,-00001.000000
      Vertex   -00028.000000,+00004.000000,-00009.000000
      Vertex   -00028.000000,+00004.000000,-00002.000000
      Vertex   -00020.000000,+00004.000000,-00002.000000
      Vertex   -00020.000000,+00004.000000,-00009.000000
   End Polygon
   Begin Polygon Texture=CT_RdRstMtl_01 Flags=1073741824 Link=23
      Origin   -00028.000000,+00004.000000,-00002.000000
      Normal   +00000.000000,+00000.342152,+00000.939645
      TextureU +00001.000000,+00000.000000,+00000.000000
      TextureV -00000.000000,+00000.939645,-00000.342152
      Vertex   -00028.000000,+00004.000000,-00002.000000
      Vertex   -00028.000000,+00002.849998,-00001.581253
      Vertex   -00020.000000,+00002.849998,-00001.581253
      Vertex   -00020.000000,+00004.000000,-00002.000000
   End Polygon
   Begin Polygon Texture=CT_RdRstMtl_01 Flags=1073741824 Link=24
      Origin   -00028.000000,+00001.481251,-00001.331253
      Normal   +00000.000000,+00000.054771,+00000.998499
      TextureU +00001.000000,+00000.000000,+00000.000000
      TextureV -00000.000000,+00000.998499,-00000.054771
      Vertex   -00028.000000,+00001.481251,-00001.331253
      Vertex   -00028.000000,+00000.000000,-00001.250000
      Vertex   -00020.000000,+00000.000000,-00001.250000
      Vertex   -00020.000000,+00001.481251,-00001.331253
   End Polygon
   Begin Polygon Texture=CT_RdRstMtl_01 Flags=1073741824 Link=25
      Origin   -00028.000000,-00002.849998,-00001.581253
      Normal   +00000.000000,-00000.342152,+00000.939645
      TextureU +00001.000000,+00000.000000,+00000.000000
      TextureV -00000.000000,+00000.939645,+00000.342152
      Vertex   -00028.000000,-00002.849998,-00001.581253
      Vertex   -00028.000000,-00004.000000,-00002.000000
      Vertex   -00020.000000,-00004.000000,-00002.000000
      Vertex   -00020.000000,-00002.849998,-00001.581253
   End Polygon
   Begin Polygon Texture=CT_RdRstMtl_01 Flags=1073741824 Link=26
      Origin   -00028.000000,+00000.000000,-00001.250000
      Normal   +00000.000000,-00000.054771,+00000.998499
      TextureU +00001.000000,+00000.000000,+00000.000000
      TextureV -00000.000000,+00000.998499,+00000.054771
      Vertex   -00028.000000,+00000.000000,-00001.250000
      Vertex   -00028.000000,-00001.481251,-00001.331253
      Vertex   -00020.000000,-00001.481251,-00001.331253
      Vertex   -00020.000000,+00000.000000,-00001.250000
   End Polygon
   Begin Polygon Texture=CT_RdRstMtl_01 Flags=1073741824 Link=1
      Origin   -00028.000000,-00004.000000,-00009.000000
      Normal   -00001.000000,+00000.000000,+00000.000000
      TextureU +00000.000000,+00001.000000,+00000.000000
      TextureV +00000.000000,+00000.000000,-00001.000000
      Vertex   -00028.000000,+00002.849998,-00001.581253
      Vertex   -00028.000000,+00004.000000,-00002.000000
      Vertex   -00028.000000,+00004.000000,-00009.000000
      Vertex   -00028.000000,+00001.481251,-00001.331253
   End Polygon
   Begin Polygon Texture=CT_RdRstMtl_01 Flags=1073741824 Link=1
      Origin   -00028.000000,-00004.000000,-00009.000000
      Normal   -00001.000000,+00000.000000,+00000.000000
      TextureU +00000.000000,+00001.000000,+00000.000000
      TextureV +00000.000000,+00000.000000,-00001.000000
      Vertex   -00028.000000,-00004.000000,-00009.000000
      Vertex   -00028.000000,-00002.000000,-00002.910675
      Vertex   -00028.000000,-00002.000000,-00008.974686
   End Polygon
   Begin Polygon Texture=CT_RdRstMtl_01 Flags=1073741824 Link=1
      Origin   -00028.000000,-00004.000000,-00009.000000
      Normal   -00001.000000,+00000.000000,+00000.000000
      TextureU +00000.000000,+00001.000000,+00000.000000
      TextureV +00000.000000,+00000.000000,-00001.000000
      Vertex   -00028.000000,+00000.903225,-00003.000000
      Vertex   -00028.000000,-00000.903225,-00003.000000
      Vertex   -00028.000000,-00002.000000,-00002.910675
      Vertex   -00028.000000,-00001.481251,-00001.331253
      Vertex   -00028.000000,+00000.000000,-00001.250000
      Vertex   -00028.000000,+00001.481251,-00001.331253
      Vertex   -00028.000000,+00002.000000,-00002.910667
   End Polygon
   Begin Polygon Texture=CT_RdRstMtl_01 Flags=1073741824 Link=1
      Origin   -00028.000000,-00004.000000,-00009.000000
      Normal   -00001.000000,+00000.000000,+00000.000000
      TextureU +00000.000000,+00001.000000,+00000.000000
      TextureV +00000.000000,+00000.000000,-00001.000000
      Vertex   -00028.000000,+00004.000000,-00009.000000
      Vertex   -00028.000000,+00002.000000,-00008.974686
      Vertex   -00028.000000,+00002.000000,-00002.910667
   End Polygon
   Begin Polygon Texture=CT_RdRstMtl_01 Flags=1073741824 Link=8
      Origin   -00020.000000,-00004.000000,-00002.000000
      Normal   +00001.000000,+00000.000000,+00000.000000
      TextureU +00000.000000,+00001.000000,+00000.000000
      TextureV +00000.000000,+00000.000000,+00001.000000
      Vertex   -00020.000000,+00004.000000,-00009.000000
      Vertex   -00020.000000,+00004.000000,-00002.000000
      Vertex   -00020.000000,+00002.849998,-00001.581253
      Vertex   -00020.000000,+00001.481251,-00001.331253
   End Polygon
   Begin Polygon Texture=CT_RdRstMtl_01 Flags=1073741824 Link=8
      Origin   -00020.000000,-00004.000000,-00002.000000
      Normal   +00001.000000,+00000.000000,+00000.000000
      TextureU +00000.000000,+00001.000000,+00000.000000
      TextureV +00000.000000,+00000.000000,+00001.000000
      Vertex   -00020.000000,-00002.000000,-00002.910675
      Vertex   -00020.000000,-00004.000000,-00009.000000
      Vertex   -00020.000000,-00002.000000,-00009.000000
   End Polygon
   Begin Polygon Texture=CT_RdRstMtl_01 Flags=1073741824 Link=8
      Origin   -00020.000000,-00004.000000,-00002.000000
      Normal   +00001.000000,+00000.000000,+00000.000000
      TextureU +00000.000000,+00001.000000,+00000.000000
      TextureV +00000.000000,+00000.000000,+00001.000000
      Vertex   -00020.000000,+00000.000000,-00001.250000
      Vertex   -00020.000000,-00001.481251,-00001.331253
      Vertex   -00020.000000,-00002.000000,-00002.910675
      Vertex   -00020.000000,-00000.903225,-00003.000000
      Vertex   -00020.000000,+00000.903225,-00003.000000
      Vertex   -00020.000000,+00002.000000,-00002.910667
      Vertex   -00020.000000,+00001.481251,-00001.331253
   End Polygon
   Begin Polygon Texture=CT_RdRstMtl_01 Flags=1073741824 Link=8
      Origin   -00020.000000,-00004.000000,-00002.000000
      Normal   +00001.000000,+00000.000000,+00000.000000
      TextureU +00000.000000,+00001.000000,+00000.000000
      TextureV +00000.000000,+00000.000000,+00001.000000
      Vertex   -00020.000000,+00002.000000,-00009.000000
      Vertex   -00020.000000,+00004.000000,-00009.000000
      Vertex   -00020.000000,+00002.000000,-00002.910667
   End Polygon
   Begin Polygon Texture=DrtyPlyWood_A Flags=1073741824 Link=0
      Origin   -00029.000000,-00002.000000,-00009.000000
      Normal   +00000.025308,+00000.000000,-00000.999680
      TextureU +00000.999680,+00000.000000,+00000.025308
      TextureV +00000.000000,-00001.000000,+00000.000000
      Vertex   -00028.000000,-00002.000000,-00008.974686
      Vertex   -00029.000000,-00002.000000,-00009.000000
      Vertex   -00029.000000,+00002.000000,-00009.000000
      Vertex   -00028.000000,+00002.000000,-00008.974686
   End Polygon
End PolyList
