Begin PolyList
   Begin Polygon Item=OUTSIDE Flags=-1073741824 Link=0
      Origin   -00032.000000,-00128.000000,+00300.000000
      Normal   +00000.000000,+00000.000000,+00001.000000
      TextureU +00000.000000,+00001.000000,+00000.000000
      TextureV -00001.000000,+00000.000000,+00000.000000
      Vertex   -00024.000000,+00005.000000,+00300.000000
      Vertex   -00024.000000,+00001.000000,+00300.000000
      Vertex   -00020.000000,+00001.000000,+00300.000000
      Vertex   -00020.000000,+00005.000000,+00300.000000
   End Polygon
   Begin Polygon Item=Outer Texture=Heli_LiftMetl_A Flags=1073741856 Link=1
      Origin   +00016.000000,+00007.627441,+00132.000000
      Normal   +00001.000000,+00000.000000,+00000.000000
      TextureU +00000.000000,-00001.000000,+00000.000000
      TextureV +00000.000000,-00000.000000,-00001.000000
      Vertex   +00016.000000,-00005.627441,+00136.000000
      Vertex   +00016.000000,-00005.627441,+00132.000000
      Vertex   +00016.000000,+00007.627441,+00132.000000
      Vertex   +00016.000000,+00007.627441,+00136.000000
   End Polygon
   Begin Polygon Item=OUTSIDE Texture=DamgGreyWood01 Flags=1082130464 Link=2
      Origin   -00016.000000,-00045.000000,+00140.000000
      Normal   +00001.000000,+00000.000000,+00000.000000
      TextureU +00000.000000,+00001.000000,-00000.000000
      TextureV +00000.000000,+00000.000000,+00001.000000
      Vertex   -00016.000000,-00045.000000,+00140.000000
      Vertex   -00016.000000,-00045.000000,+00044.000000
      Vertex   -00016.000000,+00051.000000,+00044.000000
      Vertex   -00016.000000,+00051.000000,+00140.000000
   End Polygon
   Begin Polygon Item=Bottom Texture=Heli_LiftMetl_A Flags=1073741856 Link=3
      Origin   -00016.000000,-00005.627441,+00132.000000
      Normal   +00000.000000,-00000.000000,-00001.000000
      TextureU +00000.382712,-00000.923868,+00000.000000
      TextureV -00000.923868,-00000.382712,+00000.000000
      Vertex   -00014.000000,-00004.798828,+00132.000000
      Vertex   -00016.000000,-00005.627441,+00132.000000
      Vertex   -00016.000000,+00007.627441,+00132.000000
      Vertex   -00014.000000,+00006.799072,+00132.000000
   End Polygon
   Begin Polygon Item=Top Texture=Heli_LiftMetl_A Flags=1073741856 Link=4
      Origin   -00006.627441,-00015.000000,+00136.000000
      Normal   +00000.000000,+00000.000000,+00001.000000
      TextureU -00000.923868,+00000.382712,-00000.000000
      TextureV -00000.382712,-00000.923868,+00000.000000
      Vertex   -00016.000000,-00005.627441,+00136.000000
      Vertex   -00014.000000,-00004.798828,+00136.000000
      Vertex   -00014.000000,+00006.799072,+00136.000000
      Vertex   -00016.000000,+00007.627441,+00136.000000
   End Polygon
   Begin Polygon Item=Outer Texture=Heli_LiftMetl_A Flags=1073741856 Link=5
      Origin   -00006.627441,-00015.000000,+00132.000000
      Normal   -00000.707107,-00000.707107,+00000.000000
      TextureU -00000.707107,+00000.707107,-00000.000000
      TextureV +00000.000000,-00000.000000,-00001.000000
      Vertex   -00006.627441,-00015.000000,+00132.000000
      Vertex   -00006.627441,-00015.000000,+00136.000000
      Vertex   -00016.000000,-00005.627441,+00136.000000
      Vertex   -00016.000000,-00005.627441,+00132.000000
   End Polygon
   Begin Polygon Item=Outer Texture=Heli_LiftMetl_A Flags=1073741856 Link=6
      Origin   +00006.627441,-00015.000000,+00132.000000
      Normal   +00000.000000,-00001.000000,+00000.000000
      TextureU -00001.000000,+00000.000000,+00000.000000
      TextureV +00000.000000,-00000.000000,-00001.000000
      Vertex   +00006.627441,-00015.000000,+00132.000000
      Vertex   +00006.627441,-00015.000000,+00136.000000
      Vertex   -00006.627441,-00015.000000,+00136.000000
      Vertex   -00006.627441,-00015.000000,+00132.000000
   End Polygon
   Begin Polygon Item=Inner Texture=Heli_LiftMetl_A Flags=1073741856 Link=7
      Origin   +00005.799072,-00013.000000,+00132.000000
      Normal   -00000.707107,+00000.707107,-00000.000000
      TextureU +00000.707107,+00000.707107,-00000.000000
      TextureV +00000.000000,-00000.000000,-00001.000000
      Vertex   +00005.799072,-00013.000000,+00132.000000
      Vertex   +00005.799072,-00013.000000,+00136.000000
      Vertex   +00014.000000,-00004.798828,+00136.000000
      Vertex   +00014.000000,-00004.798828,+00132.000000
   End Polygon
   Begin Polygon Item=Inner Texture=Heli_LiftMetl_A Flags=1073741856 Link=8
      Origin   -00014.000000,-00004.798828,+00132.000000
      Normal   +00000.707107,+00000.707107,-00000.000000
      TextureU +00000.707107,-00000.707107,+00000.000000
      TextureV +00000.000000,-00000.000000,-00001.000000
      Vertex   -00014.000000,-00004.798828,+00132.000000
      Vertex   -00014.000000,-00004.798828,+00136.000000
      Vertex   -00005.798828,-00013.000000,+00136.000000
      Vertex   -00005.798828,-00013.000000,+00132.000000
   End Polygon
   Begin Polygon Item=Inner Texture=Heli_LiftMetl_A Flags=1073741856 Link=9
      Origin   -00005.798828,-00013.000000,+00132.000000
      Normal   +00000.000000,+00001.000000,-00000.000000
      TextureU +00001.000000,+00000.000000,+00000.000000
      TextureV +00000.000000,-00000.000000,-00001.000000
      Vertex   -00005.798828,-00013.000000,+00132.000000
      Vertex   -00005.798828,-00013.000000,+00136.000000
      Vertex   +00005.799072,-00013.000000,+00136.000000
      Vertex   +00005.799072,-00013.000000,+00132.000000
   End Polygon
   Begin Polygon Item=Outer Texture=Heli_LiftMetl_A Flags=1073741856 Link=10
      Origin   +00006.627441,+00017.000000,+00132.000000
      Normal   +00000.707107,+00000.707107,-00000.000000
      TextureU +00000.707107,-00000.707107,+00000.000000
      TextureV +00000.000000,-00000.000000,-00001.000000
      Vertex   +00006.627441,+00017.000000,+00132.000000
      Vertex   +00006.627441,+00017.000000,+00136.000000
      Vertex   +00016.000000,+00007.627441,+00136.000000
      Vertex   +00016.000000,+00007.627441,+00132.000000
   End Polygon
   Begin Polygon Item=Inner Texture=Heli_LiftMetl_A Flags=1073741856 Link=11
      Origin   +00014.000000,-00004.798828,+00132.000000
      Normal   -00001.000000,+00000.000000,+00000.000000
      TextureU +00000.000000,+00001.000000,-00000.000000
      TextureV +00000.000000,-00000.000000,-00001.000000
      Vertex   +00014.000000,-00004.798828,+00132.000000
      Vertex   +00014.000000,-00004.798828,+00136.000000
      Vertex   +00014.000000,+00006.799072,+00136.000000
      Vertex   +00014.000000,+00006.799072,+00132.000000
   End Polygon
   Begin Polygon Item=Outer Texture=Heli_LiftMetl_A Flags=1073741856 Link=12
      Origin   -00006.627441,+00017.000000,+00132.000000
      Normal   +00000.000000,+00001.000000,-00000.000000
      TextureU +00001.000000,+00000.000000,+00000.000000
      TextureV +00000.000000,-00000.000000,-00001.000000
      Vertex   -00006.627441,+00017.000000,+00132.000000
      Vertex   -00006.627441,+00017.000000,+00136.000000
      Vertex   +00006.627441,+00017.000000,+00136.000000
      Vertex   +00006.627441,+00017.000000,+00132.000000
   End Polygon
   Begin Polygon Item=Inner Texture=Heli_LiftMetl_A Flags=1073741856 Link=13
      Origin   -00005.798828,+00015.000000,+00132.000000
      Normal   +00000.707107,-00000.707107,+00000.000000
      TextureU -00000.707107,-00000.707107,+00000.000000
      TextureV +00000.000000,-00000.000000,-00001.000000
      Vertex   -00005.798828,+00015.000000,+00132.000000
      Vertex   -00005.798828,+00015.000000,+00136.000000
      Vertex   -00014.000000,+00006.799072,+00136.000000
      Vertex   -00014.000000,+00006.799072,+00132.000000
   End Polygon
   Begin Polygon Item=Inner Texture=Heli_LiftMetl_A Flags=1073741856 Link=14
      Origin   -00014.000000,+00006.799072,+00132.000000
      Normal   +00001.000000,+00000.000000,+00000.000000
      TextureU +00000.000000,-00001.000000,+00000.000000
      TextureV +00000.000000,-00000.000000,-00001.000000
      Vertex   -00014.000000,-00004.798828,+00136.000000
      Vertex   -00014.000000,-00004.798828,+00132.000000
      Vertex   -00014.000000,+00006.799072,+00132.000000
      Vertex   -00014.000000,+00006.799072,+00136.000000
   End Polygon
   Begin Polygon Item=Inner Texture=Heli_LiftMetl_A Flags=1073741856 Link=15
      Origin   +00014.000000,+00006.799072,+00132.000000
      Normal   -00000.707107,-00000.707107,+00000.000000
      TextureU -00000.707107,+00000.707107,-00000.000000
      TextureV +00000.000000,-00000.000000,-00001.000000
      Vertex   +00014.000000,+00006.799072,+00132.000000
      Vertex   +00014.000000,+00006.799072,+00136.000000
      Vertex   +00005.799072,+00015.000000,+00136.000000
      Vertex   +00005.799072,+00015.000000,+00132.000000
   End Polygon
   Begin Polygon Item=Inner Texture=Heli_LiftMetl_A Flags=1073741856 Link=16
      Origin   +00005.799072,+00015.000000,+00132.000000
      Normal   +00000.000000,-00001.000000,+00000.000000
      TextureU -00001.000000,+00000.000000,+00000.000000
      TextureV +00000.000000,-00000.000000,-00001.000000
      Vertex   +00005.799072,+00015.000000,+00132.000000
      Vertex   +00005.799072,+00015.000000,+00136.000000
      Vertex   -00005.798828,+00015.000000,+00136.000000
      Vertex   -00005.798828,+00015.000000,+00132.000000
   End Polygon
   Begin Polygon Item=Outer Texture=Heli_LiftMetl_A Flags=1073741856 Link=17
      Origin   -00016.000000,+00007.627441,+00132.000000
      Normal   -00000.707107,+00000.707107,-00000.000000
      TextureU +00000.707107,+00000.707107,-00000.000000
      TextureV +00000.000000,-00000.000000,-00001.000000
      Vertex   -00016.000000,+00007.627441,+00132.000000
      Vertex   -00016.000000,+00007.627441,+00136.000000
      Vertex   -00006.627441,+00017.000000,+00136.000000
      Vertex   -00006.627441,+00017.000000,+00132.000000
   End Polygon
   Begin Polygon Item=Outer Texture=Heli_LiftMetl_A Flags=1073741856 Link=18
      Origin   +00016.000000,-00005.627441,+00132.000000
      Normal   +00000.707107,-00000.707107,+00000.000000
      TextureU -00000.707107,-00000.707107,+00000.000000
      TextureV +00000.000000,-00000.000000,-00001.000000
      Vertex   +00016.000000,-00005.627441,+00132.000000
      Vertex   +00016.000000,-00005.627441,+00136.000000
      Vertex   +00006.627441,-00015.000000,+00136.000000
      Vertex   +00006.627441,-00015.000000,+00132.000000
   End Polygon
   Begin Polygon Item=Top Texture=Heli_LiftMetl_A Flags=1073741856 Link=4
      Origin   -00006.627441,-00015.000000,+00136.000000
      Normal   +00000.000000,+00000.000000,+00001.000000
      TextureU -00000.923868,+00000.382712,-00000.000000
      TextureV -00000.382712,-00000.923868,+00000.000000
      Vertex   +00014.000000,-00004.798828,+00136.000000
      Vertex   +00016.000000,-00005.627441,+00136.000000
      Vertex   +00016.000000,+00007.627441,+00136.000000
      Vertex   +00014.000000,+00006.799072,+00136.000000
   End Polygon
   Begin Polygon Item=Top Texture=Heli_LiftMetl_A Flags=1073741856 Link=4
      Origin   -00006.627441,-00015.000000,+00136.000000
      Normal   +00000.000000,+00000.000000,+00001.000000
      TextureU -00000.923868,+00000.382712,-00000.000000
      TextureV -00000.382712,-00000.923868,+00000.000000
      Vertex   +00016.000000,-00005.627441,+00136.000000
      Vertex   +00014.000000,-00004.798828,+00136.000000
      Vertex   +00005.799072,-00013.000000,+00136.000000
      Vertex   +00006.627441,-00015.000000,+00136.000000
   End Polygon
   Begin Polygon Item=Top Texture=Heli_LiftMetl_A Flags=1073741856 Link=4
      Origin   -00006.627441,-00015.000000,+00136.000000
      Normal   +00000.000000,+00000.000000,+00001.000000
      TextureU -00000.923868,+00000.382712,-00000.000000
      TextureV -00000.382712,-00000.923868,+00000.000000
      Vertex   +00006.627441,-00015.000000,+00136.000000
      Vertex   +00005.799072,-00013.000000,+00136.000000
      Vertex   -00005.798828,-00013.000000,+00136.000000
      Vertex   -00006.627441,-00015.000000,+00136.000000
   End Polygon
   Begin Polygon Item=Top Texture=Heli_LiftMetl_A Flags=1073741856 Link=4
      Origin   -00006.627441,-00015.000000,+00136.000000
      Normal   +00000.000000,+00000.000000,+00001.000000
      TextureU -00000.923868,+00000.382712,-00000.000000
      TextureV -00000.382712,-00000.923868,+00000.000000
      Vertex   -00006.627441,-00015.000000,+00136.000000
      Vertex   -00005.798828,-00013.000000,+00136.000000
      Vertex   -00014.000000,-00004.798828,+00136.000000
      Vertex   -00016.000000,-00005.627441,+00136.000000
   End Polygon
   Begin Polygon Item=Top Texture=Heli_LiftMetl_A Flags=1073741856 Link=4
      Origin   -00006.627441,-00015.000000,+00136.000000
      Normal   +00000.000000,+00000.000000,+00001.000000
      TextureU -00000.923868,+00000.382712,-00000.000000
      TextureV -00000.382712,-00000.923868,+00000.000000
      Vertex   -00016.000000,+00007.627441,+00136.000000
      Vertex   -00014.000000,+00006.799072,+00136.000000
      Vertex   -00005.798828,+00015.000000,+00136.000000
      Vertex   -00006.627441,+00017.000000,+00136.000000
   End Polygon
   Begin Polygon Item=Top Texture=Heli_LiftMetl_A Flags=1073741856 Link=4
      Origin   -00006.627441,-00015.000000,+00136.000000
      Normal   +00000.000000,+00000.000000,+00001.000000
      TextureU -00000.923868,+00000.382712,-00000.000000
      TextureV -00000.382712,-00000.923868,+00000.000000
      Vertex   -00006.627441,+00017.000000,+00136.000000
      Vertex   -00005.798828,+00015.000000,+00136.000000
      Vertex   +00005.799072,+00015.000000,+00136.000000
      Vertex   +00006.627441,+00017.000000,+00136.000000
   End Polygon
   Begin Polygon Item=Top Texture=Heli_LiftMetl_A Flags=1073741856 Link=4
      Origin   -00006.627441,-00015.000000,+00136.000000
      Normal   +00000.000000,+00000.000000,+00001.000000
      TextureU -00000.923868,+00000.382712,-00000.000000
      TextureV -00000.382712,-00000.923868,+00000.000000
      Vertex   +00006.627441,+00017.000000,+00136.000000
      Vertex   +00005.799072,+00015.000000,+00136.000000
      Vertex   +00014.000000,+00006.799072,+00136.000000
      Vertex   +00016.000000,+00007.627441,+00136.000000
   End Polygon
   Begin Polygon Item=Bottom Texture=Heli_LiftMetl_A Flags=1073741856 Link=3
      Origin   -00016.000000,-00005.627441,+00132.000000
      Normal   +00000.000000,-00000.000000,-00001.000000
      TextureU +00000.382712,-00000.923868,+00000.000000
      TextureV -00000.923868,-00000.382712,+00000.000000
      Vertex   +00016.000000,-00005.627441,+00132.000000
      Vertex   +00014.000000,-00004.798828,+00132.000000
      Vertex   +00014.000000,+00006.799072,+00132.000000
      Vertex   +00016.000000,+00007.627441,+00132.000000
   End Polygon
   Begin Polygon Item=Bottom Texture=Heli_LiftMetl_A Flags=1073741856 Link=3
      Origin   -00016.000000,-00005.627441,+00132.000000
      Normal   +00000.000000,-00000.000000,-00001.000000
      TextureU +00000.382712,-00000.923868,+00000.000000
      TextureV -00000.923868,-00000.382712,+00000.000000
      Vertex   +00005.799072,-00013.000000,+00132.000000
      Vertex   +00014.000000,-00004.798828,+00132.000000
      Vertex   +00016.000000,-00005.627441,+00132.000000
      Vertex   +00006.627441,-00015.000000,+00132.000000
   End Polygon
   Begin Polygon Item=Bottom Texture=Heli_LiftMetl_A Flags=1073741856 Link=3
      Origin   -00016.000000,-00005.627441,+00132.000000
      Normal   +00000.000000,-00000.000000,-00001.000000
      TextureU +00000.382712,-00000.923868,+00000.000000
      TextureV -00000.923868,-00000.382712,+00000.000000
      Vertex   -00005.798828,-00013.000000,+00132.000000
      Vertex   +00005.799072,-00013.000000,+00132.000000
      Vertex   +00006.627441,-00015.000000,+00132.000000
      Vertex   -00006.627441,-00015.000000,+00132.000000
   End Polygon
   Begin Polygon Item=Bottom Texture=Heli_LiftMetl_A Flags=1073741856 Link=3
      Origin   -00016.000000,-00005.627441,+00132.000000
      Normal   +00000.000000,-00000.000000,-00001.000000
      TextureU +00000.382712,-00000.923868,+00000.000000
      TextureV -00000.923868,-00000.382712,+00000.000000
      Vertex   -00016.000000,-00005.627441,+00132.000000
      Vertex   -00014.000000,-00004.798828,+00132.000000
      Vertex   -00005.798828,-00013.000000,+00132.000000
      Vertex   -00006.627441,-00015.000000,+00132.000000
   End Polygon
   Begin Polygon Item=Bottom Texture=Heli_LiftMetl_A Flags=1073741856 Link=3
      Origin   -00016.000000,-00005.627441,+00132.000000
      Normal   +00000.000000,-00000.000000,-00001.000000
      TextureU +00000.382712,-00000.923868,+00000.000000
      TextureV -00000.923868,-00000.382712,+00000.000000
      Vertex   -00005.798828,+00015.000000,+00132.000000
      Vertex   -00014.000000,+00006.799072,+00132.000000
      Vertex   -00016.000000,+00007.627441,+00132.000000
      Vertex   -00006.627441,+00017.000000,+00132.000000
   End Polygon
   Begin Polygon Item=Bottom Texture=Heli_LiftMetl_A Flags=1073741856 Link=3
      Origin   -00016.000000,-00005.627441,+00132.000000
      Normal   +00000.000000,-00000.000000,-00001.000000
      TextureU +00000.382712,-00000.923868,+00000.000000
      TextureV -00000.923868,-00000.382712,+00000.000000
      Vertex   +00005.799072,+00015.000000,+00132.000000
      Vertex   -00005.798828,+00015.000000,+00132.000000
      Vertex   -00006.627441,+00017.000000,+00132.000000
      Vertex   +00006.627441,+00017.000000,+00132.000000
   End Polygon
   Begin Polygon Item=Bottom Texture=Heli_LiftMetl_A Flags=1073741856 Link=3
      Origin   -00016.000000,-00005.627441,+00132.000000
      Normal   +00000.000000,-00000.000000,-00001.000000
      TextureU +00000.382712,-00000.923868,+00000.000000
      TextureV -00000.923868,-00000.382712,+00000.000000
      Vertex   +00014.000000,+00006.799072,+00132.000000
      Vertex   +00005.799072,+00015.000000,+00132.000000
      Vertex   +00006.627441,+00017.000000,+00132.000000
      Vertex   +00016.000000,+00007.627441,+00132.000000
   End Polygon
   Begin Polygon Item=OUTSIDE Texture=DamgGreyWood01 Flags=1082130464 Link=33
      Origin   -00020.000000,+00051.000000,+00140.000000
      Normal   -00001.000000,+00000.000000,+00000.000000
      TextureU +00000.000000,-00001.000000,+00000.000000
      TextureV +00000.000000,+00000.000000,+00001.000000
      Vertex   -00020.000000,+00001.000000,+00044.000000
      Vertex   -00020.000000,-00045.000000,+00044.000000
      Vertex   -00020.000000,-00045.000000,+00140.000000
      Vertex   -00020.000000,+00001.000000,+00140.000000
   End Polygon
   Begin Polygon Item=OUTSIDE Texture=Heli_LiftMetl_A Flags=1082130464 Link=34
      Origin   -00024.000000,+00005.000000,+00044.000000
      Normal   +00000.000000,-00000.000000,-00001.000000
      TextureU +00000.000000,-00001.000000,+00000.000000
      TextureV -00001.000000,+00000.000000,+00000.000000
      Vertex   -00024.000000,+00005.000000,+00044.000000
      Vertex   -00020.000000,+00005.000000,+00044.000000
      Vertex   -00020.000000,+00001.000000,+00044.000000
      Vertex   -00024.000000,+00001.000000,+00044.000000
   End Polygon
   Begin Polygon Item=OUTSIDE Texture=Heli_LiftMetl_A Flags=1082130464 Link=35
      Origin   -00024.000000,+00001.000000,+00300.000000
      Normal   +00000.000000,-00001.000000,+00000.000000
      TextureU +00001.000000,+00000.000000,+00000.000000
      TextureV +00000.000000,+00000.000000,+00001.000000
      Vertex   -00024.000000,+00001.000000,+00044.000000
      Vertex   -00020.000000,+00001.000000,+00044.000000
      Vertex   -00020.000000,+00001.000000,+00300.000000
      Vertex   -00024.000000,+00001.000000,+00300.000000
   End Polygon
   Begin Polygon Item=OUTSIDE Texture=Heli_LiftMetl_A Flags=1082130464 Link=36
      Origin   -00020.000000,+00005.000000,+00300.000000
      Normal   +00000.000000,+00001.000000,-00000.000000
      TextureU -00001.000000,+00000.000000,+00000.000000
      TextureV +00000.000000,+00000.000000,+00001.000000
      Vertex   -00020.000000,+00005.000000,+00044.000000
      Vertex   -00024.000000,+00005.000000,+00044.000000
      Vertex   -00024.000000,+00005.000000,+00300.000000
      Vertex   -00020.000000,+00005.000000,+00300.000000
   End Polygon
   Begin Polygon Item=OUTSIDE Texture=Heli_LiftMetl_A Flags=1082130464 Link=37
      Origin   -00024.000000,+00005.000000,+00300.000000
      Normal   -00001.000000,+00000.000000,+00000.000000
      TextureU +00000.000000,-00001.000000,+00000.000000
      TextureV +00000.000000,+00000.000000,+00001.000000
      Vertex   -00024.000000,+00005.000000,+00044.000000
      Vertex   -00024.000000,+00001.000000,+00044.000000
      Vertex   -00024.000000,+00001.000000,+00300.000000
      Vertex   -00024.000000,+00005.000000,+00300.000000
   End Polygon
   Begin Polygon Item=OUTSIDE Texture=DamgGreyWood01 Flags=1082130464 Link=38
      Origin   -00020.000000,-00045.000000,+00140.000000
      Normal   +00000.000000,-00001.000000,+00000.000000
      TextureU +00001.000000,+00000.000000,+00000.000000
      TextureV +00000.000000,+00000.000000,+00001.000000
      Vertex   -00020.000000,-00045.000000,+00044.000000
      Vertex   -00016.000000,-00045.000000,+00044.000000
      Vertex   -00016.000000,-00045.000000,+00140.000000
      Vertex   -00020.000000,-00045.000000,+00140.000000
   End Polygon
   Begin Polygon Item=OUTSIDE Texture=DamgGreyWood01 Flags=1082130464 Link=39
      Origin   -00016.000000,+00051.000000,+00140.000000
      Normal   +00000.000000,+00001.000000,-00000.000000
      TextureU -00001.000000,+00000.000000,+00000.000000
      TextureV +00000.000000,+00000.000000,+00001.000000
      Vertex   -00016.000000,+00051.000000,+00044.000000
      Vertex   -00020.000000,+00051.000000,+00044.000000
      Vertex   -00020.000000,+00051.000000,+00140.000000
      Vertex   -00016.000000,+00051.000000,+00140.000000
   End Polygon
   Begin Polygon Item=OUTSIDE Texture=DamgGreyWood01 Flags=1082130464 Link=40
      Origin   -00020.000000,+00051.000000,+00044.000000
      Normal   +00000.000000,-00000.000000,-00001.000000
      TextureU +00000.000000,-00001.000000,+00000.000000
      TextureV -00001.000000,+00000.000000,+00000.000000
      Vertex   -00016.000000,-00045.000000,+00044.000000
      Vertex   -00020.000000,-00045.000000,+00044.000000
      Vertex   -00020.000000,+00051.000000,+00044.000000
      Vertex   -00016.000000,+00051.000000,+00044.000000
   End Polygon
   Begin Polygon Item=OUTSIDE Texture=DamgGreyWood01 Flags=1082130464 Link=41
      Origin   -00020.000000,-00045.000000,+00140.000000
      Normal   +00000.000000,+00000.000000,+00001.000000
      TextureU +00000.000000,+00001.000000,-00000.000000
      TextureV -00001.000000,+00000.000000,+00000.000000
      Vertex   -00020.000000,-00045.000000,+00140.000000
      Vertex   -00016.000000,-00045.000000,+00140.000000
      Vertex   -00016.000000,+00051.000000,+00140.000000
      Vertex   -00020.000000,+00051.000000,+00140.000000
   End Polygon
   Begin Polygon Item=OUTSIDE Texture=DamgGreyWood01 Flags=1082130464 Link=33
      Origin   -00020.000000,+00051.000000,+00140.000000
      Normal   -00001.000000,+00000.000000,+00000.000000
      TextureU +00000.000000,-00001.000000,+00000.000000
      TextureV +00000.000000,+00000.000000,+00001.000000
      Vertex   -00020.000000,+00051.000000,+00044.000000
      Vertex   -00020.000000,+00005.000000,+00044.000000
      Vertex   -00020.000000,+00005.000000,+00140.000000
      Vertex   -00020.000000,+00051.000000,+00140.000000
   End Polygon
   Begin Polygon Item=OUTSIDE Texture=Heli_LiftMetl_A Flags=1082130464 Link=43
      Origin   -00020.000000,+00001.000000,+00300.000000
      Normal   +00001.000000,+00000.000000,+00000.000000
      TextureU +00000.000000,+00001.000000,-00000.000000
      TextureV +00000.000000,+00000.000000,+00001.000000
      Vertex   -00020.000000,+00001.000000,+00044.000000
      Vertex   -00020.000000,+00005.000000,+00044.000000
      Vertex   -00020.000000,+00005.000000,+00300.000000
      Vertex   -00020.000000,+00001.000000,+00300.000000
   End Polygon
End PolyList
