Begin PolyList
   Begin Polygon Item=OUTSIDE Flags=-1073741824 Link=0
      Origin   -00098.000000,-00098.000000,+00064.000000
      Normal   +00000.000000,+00000.000000,+00001.000000
      TextureU +00000.000000,+00001.000000,+00000.000000
      TextureV -00001.000000,+00000.000000,+00000.000000
      Vertex   +00084.000000,+00091.000000,+00064.000000
      Vertex   +00076.000000,+00091.000000,+00064.000000
      Vertex   +00076.000000,+00083.000000,+00064.000000
      Vertex   +00084.000000,+00083.000000,+00064.000000
   End Polygon
   Begin Polygon Item=OUTSIDE Flags=-1073741824 Link=0
      Origin   -00098.000000,-00098.000000,+00064.000000
      Normal   +00000.000000,+00000.000000,+00001.000000
      TextureU +00000.000000,+00001.000000,+00000.000000
      TextureV -00001.000000,+00000.000000,+00000.000000
      Vertex   +00076.000000,-00073.000000,+00064.000000
      Vertex   +00076.000000,+00087.000000,+00064.000000
      Vertex   -00068.000000,+00087.000000,+00064.000000
      Vertex   -00068.000000,-00073.000000,+00064.000000
   End Polygon
   Begin Polygon Item=OUTSIDE Flags=-1073741824 Link=0
      Origin   -00098.000000,-00098.000000,+00064.000000
      Normal   +00000.000000,+00000.000000,+00001.000000
      TextureU +00000.000000,+00001.000000,+00000.000000
      TextureV -00001.000000,+00000.000000,+00000.000000
      Vertex   +00084.000000,-00069.000000,+00064.000000
      Vertex   +00076.000000,-00069.000000,+00064.000000
      Vertex   +00076.000000,-00077.000000,+00064.000000
      Vertex   +00084.000000,-00077.000000,+00064.000000
   End Polygon
   Begin Polygon Item=OUTSIDE Flags=-1073741824 Link=0
      Origin   -00098.000000,-00098.000000,+00064.000000
      Normal   +00000.000000,+00000.000000,+00001.000000
      TextureU +00000.000000,+00001.000000,+00000.000000
      TextureV -00001.000000,+00000.000000,+00000.000000
      Vertex   -00076.000000,+00091.000000,+00064.000000
      Vertex   -00076.000000,+00083.000000,+00064.000000
      Vertex   -00068.000000,+00083.000000,+00064.000000
      Vertex   -00068.000000,+00091.000000,+00064.000000
   End Polygon
   Begin Polygon Item=OUTSIDE Flags=-1073741824 Link=0
      Origin   -00098.000000,-00098.000000,+00064.000000
      Normal   +00000.000000,+00000.000000,+00001.000000
      TextureU +00000.000000,+00001.000000,+00000.000000
      TextureV -00001.000000,+00000.000000,+00000.000000
      Vertex   -00068.000000,-00077.000000,+00064.000000
      Vertex   -00068.000000,-00069.000000,+00064.000000
      Vertex   -00076.000000,-00069.000000,+00064.000000
      Vertex   -00076.000000,-00077.000000,+00064.000000
   End Polygon
   Begin Polygon Item=OUTSIDE Texture=un_woodfloor_a Flags=1082130464 Link=5
      Origin   +00076.000000,-00073.000000,+00400.000000
      Normal   +00001.000000,+00000.000000,+00000.000000
      TextureU +00000.000000,+00001.000000,+00000.000000
      TextureV -00000.000000,+00000.000000,+00001.000000
      Vertex   +00076.000000,+00087.000000,+00032.000000
      Vertex   +00076.000000,+00087.000000,+00064.000000
      Vertex   +00076.000000,-00069.000000,+00064.000000
      Vertex   +00076.000000,-00069.000122,+00031.999992
   End Polygon
   Begin Polygon Item=OUTSIDE Texture=un_woodfloor_a Flags=1082130464 Link=6
      Origin   +00084.000000,+00091.000000,+00400.000000
      Normal   +00000.000000,+00001.000000,+00000.000000
      TextureU -00001.000000,+00000.000000,-00000.000000
      TextureV -00000.000000,+00000.000000,+00001.000000
      Vertex   +00076.000244,+00091.000000,+00032.000000
      Vertex   +00076.000000,+00091.000000,+00034.000000
      Vertex   +00076.000000,+00091.000000,+00064.000000
      Vertex   +00084.000000,+00091.000000,+00064.000000
      Vertex   +00084.000000,+00091.000000,-00001.999985
      Vertex   +00076.000000,+00091.000000,-00001.999985
   End Polygon
   Begin Polygon Item=OUTSIDE Texture=un_woodfloor_a Flags=1082130464 Link=7
      Origin   +00076.000122,+00083.000000,+00400.000000
      Normal   +00000.000000,-00001.000000,+00000.000000
      TextureU +00001.000000,+00000.000000,+00000.000000
      TextureV -00000.000000,+00000.000000,+00001.000000
      Vertex   +00084.000000,+00083.000000,+00064.000000
      Vertex   +00076.000000,+00083.000000,+00064.000000
      Vertex   +00076.000000,+00083.000000,+00034.000000
      Vertex   +00076.000244,+00083.000000,+00032.000000
      Vertex   +00076.000000,+00083.000000,-00001.999985
      Vertex   +00084.000000,+00083.000000,-00001.999985
   End Polygon
   Begin Polygon Item=OUTSIDE Texture=un_woodfloor_a Flags=1082130464 Link=8
      Origin   +00084.000000,+00083.000000,+00400.000000
      Normal   +00001.000000,+00000.000000,+00000.000000
      TextureU +00000.000000,+00001.000000,+00000.000000
      TextureV -00000.000000,+00000.000000,+00001.000000
      Vertex   +00084.000000,+00091.000000,+00064.000000
      Vertex   +00084.000000,+00083.000000,+00064.000000
      Vertex   +00084.000000,+00083.000000,-00001.999985
      Vertex   +00084.000000,+00091.000000,-00001.999985
   End Polygon
   Begin Polygon Item=OUTSIDE Texture=un_woodfloor_a Flags=1082130464 Link=9
      Origin   +02324.000000,-01469.000000,-00002.000000
      Normal   +00000.000000,+00000.000000,-00001.000000
      TextureU +00001.000000,+00000.000000,+00000.000000
      TextureV +00000.000000,-00001.000000,+00000.000000
      Vertex   +00076.000000,+00083.000000,-00001.999985
      Vertex   +00076.000000,+00091.000000,-00001.999985
      Vertex   +00084.000000,+00091.000000,-00001.999985
      Vertex   +00084.000000,+00083.000000,-00001.999985
   End Polygon
   Begin Polygon Item=2DLoftEND Texture=un_woodfloor_a Flags=1082130464 Link=10
      Origin   +00076.000122,+00083.000000,+00400.000000
      Normal   +00000.000000,-00001.000000,+00000.000000
      TextureU +00000.000000,+00000.000000,-00001.000000
      TextureV +00001.000000,+00000.000000,+00000.000000
      Vertex   +00076.000244,+00083.000000,+00032.000000
      Vertex   -00012.000000,+00083.000000,+00032.000000
      Vertex   -00012.000000,+00083.000000,-00003.950516
      Vertex   +00014.354736,+00083.000000,-00020.869629
      Vertex   +00076.000244,+00083.000000,+00004.571404
   End Polygon
   Begin Polygon Item=OUTSIDE Texture=un_woodfloor_a Flags=1082130464 Link=11
      Origin   +02324.000000,-01469.000000,+00032.000000
      Normal   +00000.000000,+00000.000000,-00001.000000
      TextureU +00001.000000,+00000.000000,+00000.000000
      TextureV +00000.000000,-00001.000000,+00000.000000
      Vertex   +00076.000244,+00083.000000,+00032.000000
      Vertex   +00076.000000,-00069.000122,+00031.999992
      Vertex   -00068.000000,-00069.000122,+00031.999992
      Vertex   -00067.999756,+00083.000000,+00032.000000
   End Polygon
   Begin Polygon Item=OUTSIDE Texture=mattress1 Flags=1082130464 Link=12
      Origin   +02324.000000,-01469.000000,+00019.199890
      Normal   +00000.000000,+00000.000000,-00001.000000
      Pan      U=-16 V=-8
      TextureU -00000.800000,+00000.000000,-00000.000000
      TextureV +00000.000000,+00001.000000,+00000.000000
      Vertex   +00068.000000,+00075.000000,+00019.199890
      Vertex   +00068.000000,-00053.000000,+00019.199890
      Vertex   -00060.000000,-00053.000000,+00019.199890
      Vertex   -00060.000000,+00075.000000,+00019.199890
   End Polygon
   Begin Polygon Item=OUTSIDE Flags=1082130464 Link=13
      Origin   +00068.000000,+00075.000000,+00128.000000
      Normal   +00000.000000,+00001.000000,+00000.000000
      TextureU +00002.000000,+00000.000000,+00000.000000
      TextureV -00000.000000,+00000.000000,+00002.000000
      Vertex   +00068.000000,+00075.000000,+00031.999985
      Vertex   +00068.000000,+00075.000000,+00019.199890
      Vertex   -00060.000000,+00075.000000,+00019.199890
      Vertex   -00060.000000,+00075.000000,+00031.999985
   End Polygon
   Begin Polygon Item=OUTSIDE Texture=mattress1 Flags=1082130464 Link=14
      Origin   +00068.000000,-00053.000122,+00400.000000
      Normal   +00001.000000,+00000.000000,+00000.000000
      TextureU -00000.000000,+00000.000000,+00001.000000
      TextureV +00000.000000,+00001.000000,+00000.000000
      Vertex   +00068.000000,-00053.000000,+00031.999985
      Vertex   +00068.000000,-00053.000000,+00019.199890
      Vertex   +00068.000000,+00075.000000,+00019.199890
      Vertex   +00068.000000,+00075.000000,+00031.999985
   End Polygon
   Begin Polygon Item=2DLoftTOP Texture=un_woodfloor_a Flags=1082130464 Link=15
      Origin   +00076.000122,+00091.000000,+00400.000000
      Normal   +00000.000000,+00001.000000,+00000.000000
      TextureU +00000.187112,+00000.000000,+00000.982339
      TextureV +00000.982339,+00000.000000,-00000.187112
      Vertex   -00012.000000,+00091.000000,+00032.000000
      Vertex   +00076.000244,+00091.000000,+00032.000000
      Vertex   +00076.000244,+00091.000000,+00004.571404
      Vertex   +00014.354736,+00091.000000,-00020.869629
      Vertex   -00012.000000,+00091.000000,-00003.950516
   End Polygon
   Begin Polygon Item=2DLoftSIDE Texture=un_woodfloor_a Flags=1082130464 Link=16
      Origin   +01034.153809,-01469.000122,+00399.999878
      Normal   +00000.381488,+00000.000000,-00000.924374
      TextureU +00000.000000,-00001.000000,+00000.000000
      TextureV -00000.924374,+00000.000000,-00000.381488
      Vertex   +00053.846436,+00091.000000,-00004.571457
      Vertex   +00076.000244,+00091.000000,+00004.571404
      Vertex   +00076.000244,+00083.000000,+00004.571404
      Vertex   +00053.846436,+00083.000000,-00004.571457
   End Polygon
   Begin Polygon Item=2DLoftSIDE Texture=un_woodfloor_a Flags=1082130464 Link=17
      Origin   +02324.000000,-01469.000122,-00032.000000
      Normal   +00000.000000,+00000.000000,-00001.000000
      TextureU +00000.000000,-00001.000000,+00000.000000
      TextureV -00001.000000,+00000.000000,-00000.000000
      Vertex   +00031.692505,+00091.000000,-00032.000061
      Vertex   +00031.692505,+00083.000000,-00032.000061
      Vertex   -00023.692139,+00083.000000,-00032.000061
      Vertex   -00023.692139,+00091.000000,-00032.000061
   End Polygon
   Begin Polygon Item=2DLoftSIDE Texture=un_woodfloor_a Flags=1082130464 Link=18
      Origin   +00380.614624,-01469.000122,+00399.998962
      Normal   +00000.777941,+00000.000000,-00000.628337
      TextureU +00000.000000,-00001.000000,+00000.000000
      TextureV -00000.628337,+00000.000000,-00000.777941
      Vertex   +00031.692505,+00091.000000,-00032.000061
      Vertex   +00053.846436,+00091.000000,-00004.571457
      Vertex   +00053.846436,+00083.000000,-00004.571457
      Vertex   +00031.692505,+00083.000000,-00032.000061
   End Polygon
   Begin Polygon Item=2DLoftSIDE Texture=un_woodfloor_a Flags=1082130464 Link=19
      Origin   +02324.000000,-01469.000000,+00032.000000
      Normal   -00000.000000,+00000.000000,+00001.000000
      TextureU +00000.000000,-00001.000000,+00000.000000
      TextureV +00001.000000,+00000.000000,+00000.000000
      Vertex   +00076.000244,+00083.000000,+00032.000000
      Vertex   +00076.000000,+00087.000000,+00032.000000
      Vertex   +00076.000244,+00091.000000,+00032.000000
      Vertex   -00067.999756,+00091.000000,+00032.000000
      Vertex   -00068.000000,+00087.000000,+00032.000000
      Vertex   -00067.999756,+00083.000000,+00032.000000
   End Polygon
   Begin Polygon Item=OUTSIDE Texture=un_woodfloor_a Flags=1082130464 Link=20
      Origin   +00076.000000,+00087.000000,+00400.000000
      Normal   +00000.000000,+00001.000000,+00000.000000
      TextureU -00001.000000,+00000.000000,-00000.000000
      TextureV -00000.000000,+00000.000000,+00001.000000
      Vertex   +00076.000000,+00087.000000,+00064.000000
      Vertex   +00076.000000,+00087.000000,+00032.000000
      Vertex   -00068.000000,+00087.000000,+00032.000000
      Vertex   -00068.000000,+00087.000000,+00064.000000
   End Polygon
   Begin Polygon Item=2DLoftTOP Texture=un_woodfloor_a Flags=1082130464 Link=15
      Origin   +00076.000122,+00091.000000,+00400.000000
      Normal   +00000.000000,+00001.000000,+00000.000000
      TextureU +00000.187112,+00000.000000,+00000.982339
      TextureV +00000.982339,+00000.000000,-00000.187112
      Vertex   -00012.000000,+00091.000000,-00032.000061
      Vertex   -00012.000000,+00091.000000,-00003.950516
      Vertex   +00031.692505,+00091.000000,-00032.000061
   End Polygon
   Begin Polygon Item=2DLoftTOP Texture=un_woodfloor_a Flags=1082130464 Link=15
      Origin   +00076.000122,+00091.000000,+00400.000000
      Normal   +00000.000000,+00001.000000,+00000.000000
      TextureU +00000.187112,+00000.000000,+00000.982339
      TextureV +00000.982339,+00000.000000,-00000.187112
      Vertex   +00014.354736,+00091.000000,-00020.869629
      Vertex   +00053.846436,+00091.000000,-00004.571457
      Vertex   +00031.692505,+00091.000000,-00032.000061
   End Polygon
   Begin Polygon Item=2DLoftEND Texture=un_woodfloor_a Flags=1082130464 Link=10
      Origin   +00076.000122,+00083.000000,+00400.000000
      Normal   +00000.000000,-00001.000000,+00000.000000
      TextureU +00000.000000,+00000.000000,-00001.000000
      TextureV +00001.000000,+00000.000000,+00000.000000
      Vertex   -00012.000000,+00083.000000,-00032.000061
      Vertex   +00031.692505,+00083.000000,-00032.000061
      Vertex   -00012.000000,+00083.000000,-00003.950516
   End Polygon
   Begin Polygon Item=2DLoftEND Texture=un_woodfloor_a Flags=1082130464 Link=10
      Origin   +00076.000122,+00083.000000,+00400.000000
      Normal   +00000.000000,-00001.000000,+00000.000000
      TextureU +00000.000000,+00000.000000,-00001.000000
      TextureV +00001.000000,+00000.000000,+00000.000000
      Vertex   +00014.354736,+00083.000000,-00020.869629
      Vertex   +00031.692505,+00083.000000,-00032.000061
      Vertex   +00053.846436,+00083.000000,-00004.571457
   End Polygon
   Begin Polygon Item=OUTSIDE Texture=un_woodfloor_a Flags=1082130464 Link=25
      Origin   +00076.000122,+00091.000000,+00400.000000
      Normal   -00001.000000,+00000.000000,-00000.000000
      TextureU +00000.000000,-00001.000000,+00000.000000
      TextureV -00000.000000,+00000.000000,+00001.000000
      Vertex   +00076.000000,+00087.000000,+00064.000000
      Vertex   +00076.000000,+00091.000000,+00064.000000
      Vertex   +00076.000244,+00091.000000,+00032.000000
      Vertex   +00076.000000,+00087.000000,+00032.000000
   End Polygon
   Begin Polygon Item=2DLoftSIDE Texture=un_woodfloor_a Flags=1082130464 Link=26
      Origin   +00076.000122,+00091.000000,+00400.000000
      Normal   +00001.000000,+00000.000000,+00000.000000
      TextureU +00000.000000,-00001.000000,+00000.000000
      TextureV +00000.000000,+00000.000000,-00001.000000
      Vertex   +00076.000244,+00083.000000,+00004.571404
      Vertex   +00076.000244,+00091.000000,+00004.571404
      Vertex   +00076.000244,+00091.000000,+00032.000000
      Vertex   +00076.000244,+00083.000000,+00032.000000
   End Polygon
   Begin Polygon Item=OUTSIDE Texture=un_woodfloor_a Flags=1082130464 Link=25
      Origin   +00076.000122,+00091.000000,+00400.000000
      Normal   -00001.000000,+00000.000000,-00000.000000
      TextureU +00000.000000,-00001.000000,+00000.000000
      TextureV -00000.000000,+00000.000000,+00001.000000
      Vertex   +00076.000244,+00091.000000,+00004.571404
      Vertex   +00076.000000,+00091.000000,-00001.999985
      Vertex   +00076.000000,+00083.000000,-00001.999985
      Vertex   +00076.000244,+00083.000000,+00004.571404
   End Polygon
   Begin Polygon Item=2DLoftEND Texture=un_woodfloor_a Flags=1082130464 Link=28
      Origin   +00076.000000,-00077.000000,+00400.000000
      Normal   +00000.000000,-00001.000000,+00000.000000
      TextureU +00000.000000,+00000.000000,-00001.000000
      TextureV +00001.000000,+00000.000000,+00000.000000
      Vertex   +00076.000000,-00077.000000,+00018.285721
      Vertex   +00076.000000,-00077.000000,+00031.999992
      Vertex   -00012.000000,-00077.000000,+00031.999992
      Vertex   -00012.000000,-00077.000000,+00014.024712
      Vertex   +00014.354492,-00077.000000,+00005.565262
   End Polygon
   Begin Polygon Item=2DLoftTOP Texture=un_woodfloor_a Flags=1082130464 Link=29
      Origin   +00076.000000,-00069.000000,+00400.000000
      Normal   +00000.000000,+00001.000000,+00000.000000
      TextureU +00000.094809,+00000.000000,+00000.995495
      TextureV +00000.995495,+00000.000000,-00000.094809
      Vertex   -00012.000000,-00069.000122,+00031.999992
      Vertex   +00076.000000,-00069.000122,+00031.999992
      Vertex   +00076.000000,-00069.000122,+00018.285721
      Vertex   +00014.354492,-00069.000122,+00005.565262
      Vertex   -00012.000000,-00069.000122,+00014.024712
   End Polygon
   Begin Polygon Item=OUTSIDE Texture=un_woodfloor_a Flags=1082130464 Link=30
      Origin   +00076.000000,-00069.000000,+00400.000000
      Normal   -00001.000000,+00000.000000,-00000.000000
      TextureU +00000.000000,-00001.000000,+00000.000000
      TextureV -00000.000000,+00000.000000,+00001.000000
      Vertex   +00076.000000,-00077.000000,+00064.000000
      Vertex   +00076.000000,-00069.000000,+00064.000000
      Vertex   +00076.000000,-00069.000000,+00016.000000
      Vertex   +00076.000000,-00077.000000,+00016.000000
   End Polygon
   Begin Polygon Item=2DLoftSIDE Texture=un_woodfloor_a Flags=1082130464 Link=31
      Origin   +02324.000000,-01469.000000,+00482.158081
      Normal   +00000.202091,+00000.000000,-00000.979367
      TextureU +00000.000000,-00001.000000,+00000.000000
      TextureV -00000.979367,+00000.000000,-00000.202091
      Vertex   +00053.846191,-00077.000000,+00013.714294
      Vertex   +00053.846191,-00069.000122,+00013.714294
      Vertex   +00076.000000,-00069.000122,+00018.285721
      Vertex   +00076.000000,-00077.000000,+00018.285721
   End Polygon
   Begin Polygon Item=2DLoftSIDE Texture=un_woodfloor_a Flags=1082130464 Link=32
      Origin   +02324.000000,-01469.000000,+00000.000000
      Normal   +00000.000000,+00000.000000,-00001.000000
      TextureU +00000.000000,-00001.000000,+00000.000000
      TextureV -00001.000000,+00000.000000,-00000.000000
      Vertex   +00031.692383,-00069.000122,+00000.000023
      Vertex   +00031.692383,-00077.000000,+00000.000023
      Vertex   -00023.692261,-00077.000000,+00000.000023
      Vertex   -00023.692261,-00069.000122,+00000.000023
   End Polygon
   Begin Polygon Item=2DLoftSIDE Texture=un_woodfloor_a Flags=1082130464 Link=33
      Origin   +00677.848511,-01469.000000,+00400.000885
      Normal   +00000.526354,+00000.000000,-00000.850266
      TextureU +00000.000000,-00001.000000,+00000.000000
      TextureV -00000.850265,+00000.000000,-00000.526354
      Vertex   +00031.692383,-00069.000122,+00000.000023
      Vertex   +00053.846191,-00069.000122,+00013.714294
      Vertex   +00053.846191,-00077.000000,+00013.714294
      Vertex   +00031.692383,-00077.000000,+00000.000023
   End Polygon
   Begin Polygon Item=2DLoftSIDE Texture=un_woodfloor_a Flags=1082130464 Link=34
      Origin   +02324.000000,-01469.000000,+00032.000000
      Normal   -00000.000000,+00000.000000,+00001.000000
      TextureU +00000.000000,-00001.000000,+00000.000000
      TextureV +00001.000000,+00000.000000,+00000.000000
      Vertex   +00076.000000,-00077.000000,+00031.999992
      Vertex   +00076.000000,-00069.000122,+00031.999992
      Vertex   -00068.000000,-00069.000122,+00031.999992
      Vertex   -00068.000000,-00077.000000,+00031.999992
   End Polygon
   Begin Polygon Item=OUTSIDE Texture=un_woodfloor_a Flags=1082130464 Link=35
      Origin   -00068.000000,-00073.000000,+00400.000000
      Normal   +00000.000000,-00001.000000,+00000.000000
      TextureU +00001.000000,+00000.000000,+00000.000000
      TextureV -00000.000000,+00000.000000,+00001.000000
      Vertex   +00076.000000,-00073.000000,+00032.000000
      Vertex   +00076.000000,-00073.000000,+00064.000000
      Vertex   -00068.000000,-00073.000000,+00064.000000
      Vertex   -00068.000000,-00073.000000,+00032.000000
   End Polygon
   Begin Polygon Item=OUTSIDE Texture=un_woodfloor_a Flags=1082130464 Link=36
      Origin   +00084.000000,-00077.000000,+00400.000000
      Normal   +00001.000000,+00000.000000,+00000.000000
      TextureU +00000.000000,+00001.000000,+00000.000000
      TextureV -00000.000000,+00000.000000,+00001.000000
      Vertex   +00084.000000,-00069.000000,+00064.000000
      Vertex   +00084.000000,-00077.000000,+00064.000000
      Vertex   +00084.000000,-00077.000000,+00016.000000
      Vertex   +00084.000000,-00069.000000,+00016.000000
   End Polygon
   Begin Polygon Item=OUTSIDE Texture=un_woodfloor_a Flags=1082130464 Link=37
      Origin   +02324.000000,-01469.000000,+00016.000000
      Normal   +00000.000000,+00000.000000,-00001.000000
      TextureU +00001.000000,+00000.000000,+00000.000000
      TextureV +00000.000000,-00001.000000,+00000.000000
      Vertex   +00076.000000,-00077.000000,+00016.000000
      Vertex   +00076.000000,-00069.000000,+00016.000000
      Vertex   +00084.000000,-00069.000000,+00016.000000
      Vertex   +00084.000000,-00077.000000,+00016.000000
   End Polygon
   Begin Polygon Item=OUTSIDE Texture=un_woodfloor_a Flags=1082130464 Link=38
      Origin   +00084.000000,-00069.000000,+00400.000000
      Normal   +00000.000000,+00001.000000,+00000.000000
      TextureU -00001.000000,+00000.000000,-00000.000000
      TextureV -00000.000000,+00000.000000,+00001.000000
      Vertex   +00076.000000,-00069.000000,+00064.000000
      Vertex   +00084.000000,-00069.000000,+00064.000000
      Vertex   +00084.000000,-00069.000000,+00016.000000
      Vertex   +00076.000000,-00069.000000,+00016.000000
   End Polygon
   Begin Polygon Item=2DLoftTOP Texture=un_woodfloor_a Flags=1082130464 Link=29
      Origin   +00076.000000,-00069.000000,+00400.000000
      Normal   +00000.000000,+00001.000000,+00000.000000
      TextureU +00000.094809,+00000.000000,+00000.995495
      TextureV +00000.995495,+00000.000000,-00000.094809
      Vertex   -00012.000000,-00069.000122,+00000.000023
      Vertex   -00012.000000,-00069.000122,+00014.024712
      Vertex   +00031.692383,-00069.000122,+00000.000023
   End Polygon
   Begin Polygon Item=2DLoftTOP Texture=un_woodfloor_a Flags=1082130464 Link=29
      Origin   +00076.000000,-00069.000000,+00400.000000
      Normal   +00000.000000,+00001.000000,+00000.000000
      TextureU +00000.094809,+00000.000000,+00000.995495
      TextureV +00000.995495,+00000.000000,-00000.094809
      Vertex   +00014.354492,-00069.000122,+00005.565262
      Vertex   +00053.846191,-00069.000122,+00013.714294
      Vertex   +00031.692383,-00069.000122,+00000.000023
   End Polygon
   Begin Polygon Item=OUTSIDE Texture=un_woodfloor_a Flags=1082130464 Link=41
      Origin   +00076.000000,-00077.000000,+00400.000000
      Normal   +00000.000000,-00001.000000,+00000.000000
      TextureU +00001.000000,+00000.000000,+00000.000000
      TextureV -00000.000000,+00000.000000,+00001.000000
      Vertex   +00084.000000,-00077.000000,+00064.000000
      Vertex   +00076.000000,-00077.000000,+00064.000000
      Vertex   +00076.000000,-00077.000000,+00016.000000
      Vertex   +00084.000000,-00077.000000,+00016.000000
   End Polygon
   Begin Polygon Item=2DLoftEND Texture=un_woodfloor_a Flags=1082130464 Link=28
      Origin   +00076.000000,-00077.000000,+00400.000000
      Normal   +00000.000000,-00001.000000,+00000.000000
      TextureU +00000.000000,+00000.000000,-00001.000000
      TextureV +00001.000000,+00000.000000,+00000.000000
      Vertex   -00012.000000,-00077.000000,+00000.000023
      Vertex   +00031.692383,-00077.000000,+00000.000023
      Vertex   -00012.000000,-00077.000000,+00014.024712
   End Polygon
   Begin Polygon Item=2DLoftEND Texture=un_woodfloor_a Flags=1082130464 Link=28
      Origin   +00076.000000,-00077.000000,+00400.000000
      Normal   +00000.000000,-00001.000000,+00000.000000
      TextureU +00000.000000,+00000.000000,-00001.000000
      TextureV +00001.000000,+00000.000000,+00000.000000
      Vertex   +00014.354492,-00077.000000,+00005.565262
      Vertex   +00031.692383,-00077.000000,+00000.000023
      Vertex   +00053.846191,-00077.000000,+00013.714294
   End Polygon
   Begin Polygon Item=OUTSIDE Texture=mattress1 Flags=1082130464 Link=44
      Origin   -00060.000000,-00053.000000,+00400.000000
      Normal   +00000.000000,-00001.000000,+00000.000000
      Pan      U=16 V=0
      TextureU +00000.000000,+00000.000000,-00001.000000
      TextureV -00001.000000,+00000.000000,-00000.000000
      Vertex   +00068.000000,-00053.000000,+00019.199890
      Vertex   +00068.000000,-00053.000000,+00031.999985
      Vertex   -00060.000000,-00053.000000,+00031.999985
      Vertex   -00060.000000,-00053.000000,+00019.199890
   End Polygon
   Begin Polygon Item=2DLoftTOP Texture=un_woodfloor_a Flags=1082130464 Link=29
      Origin   +00076.000000,-00069.000000,+00400.000000
      Normal   +00000.000000,+00001.000000,+00000.000000
      TextureU +00000.094809,+00000.000000,+00000.995495
      TextureV +00000.995495,+00000.000000,-00000.094809
      Vertex   -00012.000000,-00069.000122,+00016.000000
      Vertex   -00012.000000,-00069.000122,+00000.000023
      Vertex   -00023.692261,-00069.000122,+00000.000023
      Vertex   -00049.538574,-00069.000122,+00016.000000
   End Polygon
   Begin Polygon Item=OUTSIDE Texture=un_woodfloor_a Flags=1082130464 Link=46
      Origin   -00068.000000,+00083.000000,+00400.000000
      Normal   +00001.000000,+00000.000000,+00000.000000
      TextureU +00000.000000,+00001.000000,+00000.000000
      TextureV -00000.000000,+00000.000000,+00001.000000
      Vertex   -00067.999756,+00083.000000,+00004.571404
      Vertex   -00068.000000,+00083.000000,-00001.999985
      Vertex   -00068.000000,+00091.000000,-00001.999985
      Vertex   -00067.999756,+00091.000000,+00004.571404
   End Polygon
   Begin Polygon Item=2DLoftEND Texture=un_woodfloor_a Flags=1082130464 Link=10
      Origin   +00076.000122,+00083.000000,+00400.000000
      Normal   +00000.000000,-00001.000000,+00000.000000
      TextureU +00000.000000,+00000.000000,-00001.000000
      TextureV +00001.000000,+00000.000000,+00000.000000
      Vertex   -00023.692139,+00083.000000,-00032.000061
      Vertex   -00012.000000,+00083.000000,-00032.000061
      Vertex   -00012.000000,+00083.000000,+00015.191986
      Vertex   -00014.692139,+00083.000000,+00016.000000
      Vertex   -00062.461304,+00083.000000,+00016.000000
   End Polygon
   Begin Polygon Item=OUTSIDE Texture=mattress1 Flags=1082130464 Link=48
      Origin   -00060.000000,+00099.000000,+00400.000000
      Normal   -00001.000000,+00000.000000,-00000.000000
      Pan      U=-96 V=24
      TextureU +00000.000000,+00000.000000,-00001.000000
      TextureV +00000.000000,+00001.000000,+00000.000000
      Vertex   -00060.000000,+00075.000000,+00031.999985
      Vertex   -00060.000000,+00075.000000,+00019.199890
      Vertex   -00060.000000,-00053.000000,+00019.199890
      Vertex   -00060.000000,-00053.000000,+00031.999985
   End Polygon
   Begin Polygon Item=2DLoftTOP Texture=un_woodfloor_a Flags=1082130464 Link=15
      Origin   +00076.000122,+00091.000000,+00400.000000
      Normal   +00000.000000,+00001.000000,+00000.000000
      TextureU +00000.187112,+00000.000000,+00000.982339
      TextureV +00000.982339,+00000.000000,-00000.187112
      Vertex   -00014.692139,+00091.000000,+00016.000000
      Vertex   -00012.000000,+00091.000000,+00015.191986
      Vertex   -00012.000000,+00091.000000,-00032.000061
      Vertex   -00023.692139,+00091.000000,-00032.000061
      Vertex   -00062.461304,+00091.000000,+00016.000000
   End Polygon
   Begin Polygon Item=2DLoftSIDE Texture=un_woodfloor_a Flags=1082130464 Link=50
      Origin   -01026.154053,-01469.000122,+00400.000275
      Normal   -00000.381488,+00000.000000,-00000.924374
      TextureU +00000.000000,-00001.000000,+00000.000000
      TextureV -00000.924374,+00000.000000,+00000.381488
      Vertex   -00067.999756,+00091.000000,+00004.571404
      Vertex   -00045.845947,+00091.000000,-00004.571457
      Vertex   -00045.845947,+00083.000000,-00004.571457
      Vertex   -00067.999756,+00083.000000,+00004.571404
   End Polygon
   Begin Polygon Item=2DLoftSIDE Texture=un_woodfloor_a Flags=1082130464 Link=51
      Origin   -00372.616455,-01469.000122,+00400.001740
      Normal   -00000.777941,+00000.000000,-00000.628337
      TextureU +00000.000000,-00001.000000,+00000.000000
      TextureV -00000.628337,+00000.000000,+00000.777941
      Vertex   -00045.845947,+00091.000000,-00004.571457
      Vertex   -00023.692139,+00091.000000,-00032.000061
      Vertex   -00023.692139,+00083.000000,-00032.000061
      Vertex   -00045.845947,+00083.000000,-00004.571457
   End Polygon
   Begin Polygon Item=2DLoftTOP Texture=un_woodfloor_a Flags=1082130464 Link=15
      Origin   +00076.000122,+00091.000000,+00400.000000
      Normal   +00000.000000,+00001.000000,+00000.000000
      TextureU +00000.187112,+00000.000000,+00000.982339
      TextureV +00000.982339,+00000.000000,-00000.187112
      Vertex   -00012.000000,+00091.000000,+00015.191986
      Vertex   -00067.999756,+00091.000000,+00032.000000
      Vertex   -00012.000000,+00091.000000,+00032.000000
   End Polygon
   Begin Polygon Item=2DLoftTOP Texture=un_woodfloor_a Flags=1082130464 Link=15
      Origin   +00076.000122,+00091.000000,+00400.000000
      Normal   +00000.000000,+00001.000000,+00000.000000
      TextureU +00000.187112,+00000.000000,+00000.982339
      TextureV +00000.982339,+00000.000000,-00000.187112
      Vertex   -00067.999756,+00091.000000,+00016.000000
      Vertex   -00062.461304,+00091.000000,+00016.000000
      Vertex   -00045.845947,+00091.000000,-00004.571457
      Vertex   -00067.999756,+00091.000000,+00004.571404
   End Polygon
   Begin Polygon Item=2DLoftTOP Texture=un_woodfloor_a Flags=1082130464 Link=15
      Origin   +00076.000122,+00091.000000,+00400.000000
      Normal   +00000.000000,+00001.000000,+00000.000000
      TextureU +00000.187112,+00000.000000,+00000.982339
      TextureV +00000.982339,+00000.000000,-00000.187112
      Vertex   -00067.999756,+00091.000000,+00032.000000
      Vertex   -00014.692139,+00091.000000,+00016.000000
      Vertex   -00067.999756,+00091.000000,+00016.000000
   End Polygon
   Begin Polygon Item=2DLoftEND Texture=un_woodfloor_a Flags=1082130464 Link=10
      Origin   +00076.000122,+00083.000000,+00400.000000
      Normal   +00000.000000,-00001.000000,+00000.000000
      TextureU +00000.000000,+00000.000000,-00001.000000
      TextureV +00001.000000,+00000.000000,+00000.000000
      Vertex   -00067.999756,+00083.000000,+00032.000000
      Vertex   -00012.000000,+00083.000000,+00015.191986
      Vertex   -00012.000000,+00083.000000,+00032.000000
   End Polygon
   Begin Polygon Item=2DLoftEND Texture=un_woodfloor_a Flags=1082130464 Link=10
      Origin   +00076.000122,+00083.000000,+00400.000000
      Normal   +00000.000000,-00001.000000,+00000.000000
      TextureU +00000.000000,+00000.000000,-00001.000000
      TextureV +00001.000000,+00000.000000,+00000.000000
      Vertex   -00062.461304,+00083.000000,+00016.000000
      Vertex   -00067.999756,+00083.000000,+00016.000000
      Vertex   -00067.999756,+00083.000000,+00004.571404
      Vertex   -00045.845947,+00083.000000,-00004.571457
   End Polygon
   Begin Polygon Item=2DLoftEND Texture=un_woodfloor_a Flags=1082130464 Link=10
      Origin   +00076.000122,+00083.000000,+00400.000000
      Normal   +00000.000000,-00001.000000,+00000.000000
      TextureU +00000.000000,+00000.000000,-00001.000000
      TextureV +00001.000000,+00000.000000,+00000.000000
      Vertex   -00014.692139,+00083.000000,+00016.000000
      Vertex   -00067.999756,+00083.000000,+00032.000000
      Vertex   -00067.999756,+00083.000000,+00016.000000
   End Polygon
   Begin Polygon Item=OUTSIDE Texture=un_woodfloor_a Flags=1082130464 Link=58
      Origin   +02324.000000,-01469.000000,-00002.000000
      Normal   +00000.000000,+00000.000000,-00001.000000
      TextureU +00001.000000,+00000.000000,+00000.000000
      TextureV +00000.000000,-00001.000000,+00000.000000
      Vertex   -00076.000000,+00083.000000,-00001.999985
      Vertex   -00076.000000,+00091.000000,-00001.999985
      Vertex   -00068.000000,+00091.000000,-00001.999985
      Vertex   -00068.000000,+00083.000000,-00001.999985
   End Polygon
   Begin Polygon Item=OUTSIDE Texture=un_woodfloor_a Flags=1082130464 Link=59
      Origin   -00076.000000,+00091.000000,+00400.000000
      Normal   -00001.000000,+00000.000000,-00000.000000
      TextureU +00000.000000,-00001.000000,+00000.000000
      TextureV -00000.000000,+00000.000000,+00001.000000
      Vertex   -00076.000000,+00091.000000,-00001.999985
      Vertex   -00076.000000,+00083.000000,-00001.999985
      Vertex   -00076.000000,+00083.000000,+00064.000000
      Vertex   -00076.000000,+00091.000000,+00064.000000
   End Polygon
   Begin Polygon Item=OUTSIDE Texture=un_woodfloor_a Flags=1082130464 Link=60
      Origin   -00067.999756,+00091.000000,+00400.000000
      Normal   +00000.000000,+00001.000000,+00000.000000
      TextureU -00001.000000,+00000.000000,-00000.000000
      TextureV -00000.000000,+00000.000000,+00001.000000
      Vertex   -00068.000000,+00091.000000,-00001.999985
      Vertex   -00076.000000,+00091.000000,-00001.999985
      Vertex   -00076.000000,+00091.000000,+00064.000000
      Vertex   -00068.000000,+00091.000000,+00064.000000
   End Polygon
   Begin Polygon Item=OUTSIDE Texture=un_woodfloor_a Flags=1082130464 Link=61
      Origin   -00076.000000,+00083.000000,+00400.000000
      Normal   +00000.000000,-00001.000000,+00000.000000
      TextureU +00001.000000,+00000.000000,+00000.000000
      TextureV -00000.000000,+00000.000000,+00001.000000
      Vertex   -00076.000000,+00083.000000,-00001.999985
      Vertex   -00068.000000,+00083.000000,-00001.999985
      Vertex   -00068.000000,+00083.000000,+00064.000000
      Vertex   -00076.000000,+00083.000000,+00064.000000
   End Polygon
   Begin Polygon Item=2DLoftSIDE Texture=un_woodfloor_a Flags=1082130464 Link=62
      Origin   -00067.999756,+00091.000000,+00400.000000
      Normal   -00001.000000,+00000.000000,-00000.000000
      TextureU +00000.000000,-00001.000000,+00000.000000
      TextureV -00000.000000,+00000.000000,+00001.000000
      Vertex   -00067.999756,+00091.000000,+00004.571404
      Vertex   -00067.999756,+00083.000000,+00004.571404
      Vertex   -00067.999756,+00083.000000,+00032.000000
      Vertex   -00067.999756,+00091.000000,+00032.000000
   End Polygon
   Begin Polygon Item=OUTSIDE Texture=un_woodfloor_a Flags=1082130464 Link=63
      Origin   -00068.000000,+00087.000000,+00400.000000
      Normal   -00001.000000,+00000.000000,-00000.000000
      TextureU +00000.000000,-00001.000000,+00000.000000
      TextureV -00000.000000,+00000.000000,+00001.000000
      Vertex   -00068.000000,-00069.000122,+00031.999992
      Vertex   -00068.000000,-00069.000000,+00064.000000
      Vertex   -00068.000000,+00087.000000,+00064.000000
      Vertex   -00068.000000,+00087.000000,+00032.000000
   End Polygon
   Begin Polygon Item=OUTSIDE Texture=un_woodfloor_a Flags=1082130464 Link=46
      Origin   -00068.000000,+00083.000000,+00400.000000
      Normal   +00001.000000,+00000.000000,+00000.000000
      TextureU +00000.000000,+00001.000000,+00000.000000
      TextureV -00000.000000,+00000.000000,+00001.000000
      Vertex   -00068.000000,+00087.000000,+00064.000000
      Vertex   -00068.000000,+00087.000000,+00032.000000
      Vertex   -00067.999756,+00091.000000,+00032.000000
      Vertex   -00068.000000,+00091.000000,+00064.000000
   End Polygon
   Begin Polygon Item=OUTSIDE Texture=un_woodfloor_a Flags=1082130464 Link=65
      Origin   -00068.000000,-00077.000000,+00400.000000
      Normal   +00001.000000,+00000.000000,+00000.000000
      TextureU +00000.000000,+00001.000000,+00000.000000
      TextureV -00000.000000,+00000.000000,+00001.000000
      Vertex   -00068.000000,-00077.000000,+00064.000000
      Vertex   -00068.000000,-00077.000000,+00016.000000
      Vertex   -00068.000000,-00069.000000,+00016.000000
      Vertex   -00068.000000,-00069.000000,+00064.000000
   End Polygon
   Begin Polygon Item=2DLoftEND Texture=un_woodfloor_a Flags=1082130464 Link=28
      Origin   +00076.000000,-00077.000000,+00400.000000
      Normal   +00000.000000,-00001.000000,+00000.000000
      TextureU +00000.000000,+00000.000000,-00001.000000
      TextureV +00001.000000,+00000.000000,+00000.000000
      Vertex   -00023.692261,-00077.000000,+00000.000023
      Vertex   -00012.000000,-00077.000000,+00000.000023
      Vertex   -00012.000000,-00077.000000,+00016.000000
      Vertex   -00049.538574,-00077.000000,+00016.000000
   End Polygon
   Begin Polygon Item=2DLoftSIDE Texture=un_woodfloor_a Flags=1082130464 Link=67
      Origin   +02324.000000,-01469.000000,-00475.300903
      Normal   -00000.202091,+00000.000000,-00000.979367
      TextureU +00000.000000,-00001.000000,+00000.000000
      TextureV -00000.979367,+00000.000000,+00000.202091
      Vertex   -00045.846191,-00069.000122,+00013.714294
      Vertex   -00045.846191,-00077.000000,+00013.714294
      Vertex   -00068.000000,-00077.000000,+00018.285721
      Vertex   -00068.000000,-00069.000122,+00018.285721
   End Polygon
   Begin Polygon Item=2DLoftSIDE Texture=un_woodfloor_a Flags=1082130464 Link=68
      Origin   -00669.844971,-01469.000000,+00399.998627
      Normal   -00000.526354,+00000.000000,-00000.850266
      TextureU +00000.000000,-00001.000000,+00000.000000
      TextureV -00000.850265,+00000.000000,+00000.526354
      Vertex   -00045.846191,-00069.000122,+00013.714294
      Vertex   -00023.692261,-00069.000122,+00000.000023
      Vertex   -00023.692261,-00077.000000,+00000.000023
      Vertex   -00045.846191,-00077.000000,+00013.714294
   End Polygon
   Begin Polygon Item=2DLoftEND Texture=un_woodfloor_a Flags=1082130464 Link=28
      Origin   +00076.000000,-00077.000000,+00400.000000
      Normal   +00000.000000,-00001.000000,+00000.000000
      TextureU +00000.000000,+00000.000000,-00001.000000
      TextureV +00001.000000,+00000.000000,+00000.000000
      Vertex   -00049.538574,-00077.000000,+00016.000000
      Vertex   -00056.923096,-00077.000000,+00016.000000
      Vertex   -00045.846191,-00077.000000,+00013.714294
   End Polygon
   Begin Polygon Item=2DLoftEND Texture=un_woodfloor_a Flags=1082130464 Link=28
      Origin   +00076.000000,-00077.000000,+00400.000000
      Normal   +00000.000000,-00001.000000,+00000.000000
      TextureU +00000.000000,+00000.000000,-00001.000000
      TextureV +00001.000000,+00000.000000,+00000.000000
      Vertex   -00012.000000,-00077.000000,+00031.999992
      Vertex   -00068.000000,-00077.000000,+00031.999992
      Vertex   -00068.000000,-00077.000000,+00018.285721
      Vertex   -00056.923096,-00077.000000,+00016.000000
      Vertex   -00012.000000,-00077.000000,+00016.000000
   End Polygon
   Begin Polygon Item=OUTSIDE Texture=un_woodfloor_a Flags=1082130464 Link=71
      Origin   +02324.000000,-01469.000000,+00016.000000
      Normal   +00000.000000,+00000.000000,-00001.000000
      TextureU +00001.000000,+00000.000000,+00000.000000
      TextureV +00000.000000,-00001.000000,+00000.000000
      Vertex   -00076.000000,-00077.000000,+00016.000000
      Vertex   -00076.000000,-00069.000000,+00016.000000
      Vertex   -00068.000000,-00069.000000,+00016.000000
      Vertex   -00068.000000,-00077.000000,+00016.000000
   End Polygon
   Begin Polygon Item=OUTSIDE Texture=un_woodfloor_a Flags=1082130464 Link=72
      Origin   -00076.000000,-00069.000000,+00400.000000
      Normal   -00001.000000,+00000.000000,-00000.000000
      TextureU +00000.000000,-00001.000000,+00000.000000
      TextureV -00000.000000,+00000.000000,+00001.000000
      Vertex   -00076.000000,-00069.000000,+00064.000000
      Vertex   -00076.000000,-00069.000000,+00016.000000
