Begin PolyList
   Begin Polygon Item=OUTSIDE Flags=-1073741824 Link=0
      Origin   -00080.000000,+00275.000000,-00064.000000
      Normal   +00000.000000,+00000.000000,-00001.000000
      TextureU +00000.000000,-00001.000000,+00000.000000
      TextureV -00001.000000,+00000.000000,+00000.000000
      Vertex   +00017.000000,-00200.000000,-00064.000000
      Vertex   -00015.000000,-00200.000000,-00064.000000
      Vertex   -00015.000000,+00216.000000,-00064.000000
      Vertex   +00017.000000,+00216.000000,-00064.000000
   End Polygon
   Begin Polygon Item=OUTSIDE Texture=fltile1 Flags=1073741824 Link=1
      Origin   +00737.000244,-00248.000000,+00320.000183
      Normal   +00000.447214,+00000.000000,-00000.894427
      TextureU -00000.000000,+00001.000000,+00000.000000
      TextureV -00000.894427,-00000.000000,-00000.447213
      Vertex   +00033.000000,-00216.000000,-00032.000000
      Vertex   +00033.000000,+00232.000000,-00032.000000
      Vertex   +00065.000000,+00264.000000,-00016.000000
      Vertex   +00065.000000,-00248.000000,-00016.000000
   End Polygon
   Begin Polygon Item=OUTSIDE Texture=fltile1 Flags=1073741824 Link=2
      Origin   -00062.999756,+00936.000000,+00320.000000
      Normal   -00000.000000,+00000.447214,-00000.894427
      TextureU -00001.000000,-00000.000000,+00000.000000
      TextureV +00000.000000,-00000.894427,-00000.447214
      Vertex   +00065.000000,+00264.000000,-00016.000000
      Vertex   +00033.000000,+00232.000000,-00032.000000
      Vertex   -00031.000000,+00232.000000,-00032.000000
      Vertex   -00062.999756,+00264.000000,-00016.000000
   End Polygon
   Begin Polygon Item=OUTSIDE Texture=fltile1 Flags=1073741824 Link=3
      Origin   +00065.000000,-00920.000000,+00320.000000
      Normal   +00000.000000,-00000.447214,-00000.894427
      TextureU +00001.000000,+00000.000000,+00000.000000
      TextureV -00000.000000,+00000.894427,-00000.447214
      Vertex   +00033.000000,-00216.000000,-00032.000000
      Vertex   +00065.000000,-00248.000000,-00016.000000
      Vertex   -00062.999756,-00248.000000,-00016.000000
      Vertex   -00031.000000,-00216.000000,-00032.000000
   End Polygon
   Begin Polygon Item=OUTSIDE Texture=LiteBeigMarbl_A Flags=1073741824 Link=4
      Origin   +02433.000000,-01016.000000,-00016.000000
      Normal   +00000.000000,+00000.000000,+00001.000000
      TextureU +00000.000000,-00001.000000,+00000.000000
      TextureV +00001.000000,+00000.000000,+00000.000000
      Vertex   +00065.000000,-00248.000000,-00016.000000
      Vertex   +00065.000000,+00264.000000,-00016.000000
      Vertex   -00062.999756,+00264.000000,-00016.000000
      Vertex   -00062.999756,-00248.000000,-00016.000000
   End Polygon
   Begin Polygon Item=OUTSIDE Texture=fltile1 Flags=1073741824 Link=5
      Origin   -00062.999756,-00248.000000,-00032.000000
      Normal   +00000.000000,+00000.000000,-00001.000000
      TextureU +00001.000000,+00000.000000,+00000.000000
      TextureV +00000.000000,-00001.000000,+00000.000000
      Vertex   -00015.000000,-00216.000000,-00032.000000
      Vertex   -00031.000000,-00216.000000,-00032.000000
      Vertex   -00031.000000,+00232.000000,-00032.000000
      Vertex   -00015.000000,+00232.000000,-00032.000000
   End Polygon
   Begin Polygon Item=OUTSIDE Texture=fltile1 Flags=1073741824 Link=6
      Origin   -00015.000000,+00216.000000,-00064.000000
      Normal   -00000.000000,+00001.000000,+00000.000000
      TextureU +00001.000000,+00000.000000,+00000.000000
      TextureV +00000.000000,+00000.000000,-00001.000000
      Vertex   +00017.000000,+00216.000000,-00064.000000
      Vertex   -00015.000000,+00216.000000,-00064.000000
      Vertex   -00015.000000,+00216.000000,-00032.000000
      Vertex   +00017.000000,+00216.000000,-00032.000000
   End Polygon
   Begin Polygon Item=OUTSIDE Texture=fltile1 Flags=1073741824 Link=7
      Origin   -00015.000000,-00200.000000,-00064.000000
      Normal   -00001.000000,-00000.000000,+00000.000000
      TextureU -00000.000000,+00001.000000,+00000.000000
      TextureV +00000.000000,+00000.000000,-00001.000000
      Vertex   -00015.000000,-00200.000000,-00032.000000
      Vertex   -00015.000000,+00216.000000,-00032.000000
      Vertex   -00015.000000,+00216.000000,-00064.000000
      Vertex   -00015.000000,-00200.000000,-00064.000000
   End Polygon
   Begin Polygon Item=OUTSIDE Texture=fltile1 Flags=1073741824 Link=8
      Origin   +00017.000000,-00200.000000,-00064.000000
      Normal   +00000.000000,-00001.000000,+00000.000000
      TextureU -00001.000000,-00000.000000,+00000.000000
      TextureV +00000.000000,+00000.000000,-00001.000000
      Vertex   -00015.000000,-00200.000000,-00064.000000
      Vertex   +00017.000000,-00200.000000,-00064.000000
      Vertex   +00017.000000,-00200.000000,-00032.000000
      Vertex   -00015.000000,-00200.000000,-00032.000000
   End Polygon
   Begin Polygon Item=OUTSIDE Texture=fltile1 Flags=1073741824 Link=9
      Origin   +00017.000000,+00216.000000,-00064.000000
      Normal   +00001.000000,+00000.000000,+00000.000000
      TextureU +00000.000000,-00001.000000,+00000.000000
      TextureV +00000.000000,+00000.000000,-00001.000000
      Vertex   +00017.000000,+00216.000000,-00064.000000
      Vertex   +00017.000000,+00216.000000,-00032.000000
      Vertex   +00017.000000,-00200.000000,-00032.000000
      Vertex   +00017.000000,-00200.000000,-00064.000000
   End Polygon
   Begin Polygon Item=OUTSIDE Texture=fltile1 Flags=1073741824 Link=10
      Origin   -00734.994873,-00248.000000,+00320.000244
      Normal   -00000.447213,+00000.000000,-00000.894428
      TextureU +00000.000000,-00001.000000,+00000.000000
      TextureV +00000.894426,+00000.000000,-00000.447216
      Vertex   -00062.999756,-00248.000000,-00016.000000
      Vertex   -00062.999756,+00264.000000,-00016.000000
      Vertex   -00031.000000,+00232.000000,-00032.000000
      Vertex   -00031.000000,-00216.000000,-00032.000000
   End Polygon
   Begin Polygon Item=OUTSIDE Texture=fltile1 Flags=1073741824 Link=5
      Origin   -00062.999756,-00248.000000,-00032.000000
      Normal   +00000.000000,+00000.000000,-00001.000000
      TextureU +00001.000000,+00000.000000,+00000.000000
      TextureV +00000.000000,-00001.000000,+00000.000000
      Vertex   +00017.000000,-00200.000000,-00032.000000
      Vertex   +00017.000000,-00216.000000,-00032.000000
      Vertex   -00015.000000,-00216.000000,-00032.000000
      Vertex   -00015.000000,-00200.000000,-00032.000000
   End Polygon
   Begin Polygon Item=OUTSIDE Texture=fltile1 Flags=1073741824 Link=5
      Origin   -00062.999756,-00248.000000,-00032.000000
      Normal   +00000.000000,+00000.000000,-00001.000000
      TextureU +00001.000000,+00000.000000,+00000.000000
      TextureV +00000.000000,-00001.000000,+00000.000000
      Vertex   +00017.000000,+00216.000000,-00032.000000
      Vertex   -00015.000000,+00216.000000,-00032.000000
      Vertex   -00015.000000,+00232.000000,-00032.000000
      Vertex   +00017.000000,+00232.000000,-00032.000000
   End Polygon
   Begin Polygon Item=OUTSIDE Texture=fltile1 Flags=1073741824 Link=5
      Origin   -00062.999756,-00248.000000,-00032.000000
      Normal   +00000.000000,+00000.000000,-00001.000000
      TextureU +00001.000000,+00000.000000,+00000.000000
      TextureV +00000.000000,-00001.000000,+00000.000000
      Vertex   +00017.000000,-00216.000000,-00032.000000
      Vertex   +00017.000000,+00232.000000,-00032.000000
      Vertex   +00033.000000,+00232.000000,-00032.000000
      Vertex   +00033.000000,-00216.000000,-00032.000000
   End Polygon
End PolyList
