Begin PolyList
   Begin Polygon Item=OUTSIDE Flags=-1073741824 Link=0
      Origin   -00016.000000,+00098.000000,-00064.000000
      Normal   +00000.000000,+00000.000000,-00001.000000
      TextureU +00000.000000,-00001.000000,+00000.000000
      TextureV -00001.000000,+00000.000000,+00000.000000
      Vertex   +00002.537560,+00061.907959,-00064.000000
      Vertex   -00000.000004,+00065.000000,-00064.000000
      Vertex   +00003.092068,+00067.537598,-00064.000000
      Vertex   +00005.629646,+00064.445557,-00064.000000
   End Polygon
   Begin Polygon Item=2DLoftSIDE Texture=trough1 Flags=1082130432 Link=1
      Origin   -00060.000000,+03469.000000,-00023.000000
      Normal   -00000.242536,+00000.000000,+00000.970142
      TextureU +00000.000000,+00001.000000,+00000.000000
      TextureV -00000.941176,+00000.000000,-00000.235294
      Vertex   +00016.000000,-00080.000000,-00004.000000
      Vertex   -00016.000000,-00080.000000,-00012.000000
      Vertex   -00016.000000,-00081.000000,-00012.000000
      Vertex   +00016.000000,-00081.000000,-00004.000000
   End Polygon
   Begin Polygon Item=2DLoftSIDE Texture=trough1 Flags=1082130432 Link=2
      Origin   -00008.000000,+00079.000000,-00028.000000
      Normal   +00000.000000,+00000.000000,-00001.000000
      TextureU +00000.000000,-00001.000000,+00000.000000
      TextureV -00001.000000,+00000.000000,+00000.000000
      Vertex   -00008.000000,+00079.000000,-00028.000000
      Vertex   +00016.000000,+00079.000000,-00028.000000
      Vertex   +00016.000000,-00081.000000,-00028.000000
      Vertex   -00008.000000,-00081.000000,-00028.000000
   End Polygon
   Begin Polygon Item=OUTSIDE Texture=trough1 Flags=1082130464 Link=3
      Origin   +00003.092045,+00067.537598,-00032.000000
      Normal   +00000.773010,+00000.634393,+00000.000000
      TextureU -00000.634393,+00000.773010,-00000.000000
      TextureV +00000.000000,+00000.000000,-00001.000000
      Vertex   +00003.092045,+00067.537598,-00064.000000
      Vertex   +00003.092045,+00067.537598,-00028.000000
      Vertex   +00005.629616,+00064.445557,-00028.000000
      Vertex   +00005.629616,+00064.445557,-00064.000000
   End Polygon
   Begin Polygon Item=OUTSIDE Texture=trough1 Flags=1082130464 Link=4
      Origin   +00002.537575,+00061.907959,-00032.000000
      Normal   -00000.773010,-00000.634393,-00000.000000
      TextureU +00000.634393,-00000.773010,+00000.000000
      TextureV +00000.000000,+00000.000000,-00001.000000
      Vertex   +00002.537575,+00061.907959,-00064.000000
      Vertex   +00002.537575,+00061.907959,-00028.000000
      Vertex   +00000.000000,+00065.000000,-00028.000000
      Vertex   +00000.000000,+00065.000000,-00064.000000
   End Polygon
   Begin Polygon Item=OUTSIDE Texture=trough1 Flags=1082130464 Link=5
      Origin   +00005.629616,+00064.445557,-00032.000000
      Normal   +00000.634393,-00000.773010,+00000.000000
      TextureU +00000.773010,+00000.634393,+00000.000000
      TextureV +00000.000000,+00000.000000,-00001.000000
      Vertex   +00005.629616,+00064.445557,-00064.000000
      Vertex   +00005.629616,+00064.445557,-00028.000000
      Vertex   +00002.537575,+00061.907959,-00028.000000
      Vertex   +00002.537575,+00061.907959,-00064.000000
   End Polygon
   Begin Polygon Item=OUTSIDE Texture=trough1 Flags=1082130464 Link=6
      Origin   +00000.000000,+00065.000000,-00032.000000
      Normal   -00000.634393,+00000.773010,-00000.000000
      TextureU -00000.773010,-00000.634393,-00000.000000
      TextureV +00000.000000,+00000.000000,-00001.000000
      Vertex   +00000.000000,+00065.000000,-00064.000000
      Vertex   +00000.000000,+00065.000000,-00028.000000
      Vertex   +00003.092045,+00067.537598,-00028.000000
      Vertex   +00003.092045,+00067.537598,-00064.000000
   End Polygon
   Begin Polygon Item=2DLoftEND Texture=trough1 Flags=1082130432 Link=7
      Origin   -00008.000000,-00081.000000,-00032.000000
      Normal   +00000.000000,-00001.000000,+00000.000000
      TextureU +00001.000000,+00000.000000,+00000.000000
      TextureV +00000.000000,+00000.000000,-00001.000000
      Vertex   -00016.000000,-00081.000000,-00012.000000
      Vertex   -00008.000000,-00081.000000,-00028.000000
      Vertex   +00016.000000,-00081.000000,-00028.000000
      Vertex   +00016.000000,-00081.000000,-00004.000000
   End Polygon
   Begin Polygon Item=2DLoftTOP Texture=trough1 Flags=1082130432 Link=8
      Origin   -00016.000000,+00079.000000,-00032.000000
      Normal   +00000.000000,+00001.000000,+00000.000000
      TextureU -00001.000000,+00000.000000,+00000.000000
      TextureV +00000.000000,+00000.000000,-00001.000000
      Vertex   +00016.000000,+00079.000000,-00028.000000
      Vertex   -00008.000000,+00079.000000,-00028.000000
      Vertex   -00016.000000,+00079.000000,-00012.000000
      Vertex   +00016.000000,+00079.000000,-00004.000000
   End Polygon
   Begin Polygon Item=2DLoftSIDE Texture=trough1 Flags=1082130432 Link=9
      Origin   -00001.499996,+03469.000000,-00032.000000
      Normal   +00000.894427,-00000.000000,+00000.447214
      TextureU +00000.000000,+00002.000000,-00000.000000
      TextureV +00000.894427,-00000.000000,-00001.788854
      Vertex   -00012.000000,-00080.000000,-00011.000000
      Vertex   -00004.000000,-00080.000000,-00027.000000
      Vertex   -00004.000000,+00078.000000,-00027.000000
      Vertex   -00012.000000,+00078.000000,-00011.000000
   End Polygon
   Begin Polygon Item=2DLoftSIDE Texture=trough1 Flags=1082130432 Link=10
      Origin   +00012.000000,+00078.000000,-00032.000000
      Normal   -00001.000000,+00000.000000,+00000.000000
      TextureU -00000.000000,-00002.000000,+00000.000000
      TextureV -00000.000000,-00000.000000,-00002.000000
      Vertex   +00012.000000,-00080.000000,-00027.000000
      Vertex   +00012.000000,-00080.000000,-00005.000000
      Vertex   +00012.000000,+00078.000000,-00005.000000
      Vertex   +00012.000000,+00078.000000,-00027.000000
   End Polygon
   Begin Polygon Item=2DLoftEND Texture=trough1 Flags=1082130432 Link=11
      Origin   -00004.000000,-00080.000000,-00032.000000
      Normal   +00000.000000,+00001.000000,+00000.000000
      TextureU -00002.000000,+00000.000000,+00000.000000
      TextureV -00000.000000,-00000.000000,-00002.000000
      Vertex   +00012.000000,-00080.000000,-00027.000000
      Vertex   -00004.000000,-00080.000000,-00027.000000
      Vertex   -00012.000000,-00080.000000,-00011.000000
      Vertex   +00012.000000,-00080.000000,-00005.000000
   End Polygon
   Begin Polygon Item=2DLoftTOP Texture=trough1 Flags=1082130432 Link=12
      Origin   -00012.000000,+00078.000000,-00032.000000
      Normal   +00000.000000,-00001.000000,+00000.000000
      TextureU +00002.000000,-00000.000000,+00000.000000
      TextureV -00000.000000,-00000.000000,-00002.000000
      Vertex   -00012.000000,+00078.000000,-00011.000000
      Vertex   -00004.000000,+00078.000000,-00027.000000
      Vertex   +00012.000000,+00078.000000,-00027.000000
      Vertex   +00012.000000,+00078.000000,-00005.000000
   End Polygon
   Begin Polygon Item=2DLoftSIDE Texture=trough1 Flags=1082130432 Link=13
      Origin   -00060.000000,+03469.000000,-00027.000000
      Normal   +00000.000000,+00000.000000,+00001.000000
      TextureU +00000.000000,+00002.000000,-00000.000000
      TextureV -00002.000000,+00000.000000,+00000.000000
      Vertex   -00004.000000,-00080.000000,-00027.000000
      Vertex   +00012.000000,-00080.000000,-00027.000000
      Vertex   +00012.000000,+00078.000000,-00027.000000
      Vertex   -00004.000000,+00078.000000,-00027.000000
   End Polygon
   Begin Polygon Item=Top Texture=trough1 Flags=1082130464 Link=14
      Origin   +00006.999756,+00061.687256,-00026.000000
      Normal   +00000.000000,+00000.000000,+00001.000000
      Pan      U=16 V=47
      TextureU -00004.000000,+00000.000000,+00000.000000
      TextureV +00000.000000,-00004.000000,+00000.000000
      Vertex   +00006.999756,+00061.687256,-00026.000000
      Vertex   +00006.999756,+00065.000977,-00026.000000
      Vertex   +00004.656616,+00067.344238,-00026.000000
      Vertex   +00001.342903,+00067.343994,-00026.000000
      Vertex   -00001.000237,+00065.000977,-00026.000000
      Vertex   -00001.000237,+00061.687256,-00026.000000
      Vertex   +00001.342903,+00059.344238,-00026.000000
      Vertex   +00004.656616,+00059.343994,-00026.000000
   End Polygon
   Begin Polygon Texture=drtywater_a Flags=1082130700 Link=15
      Origin   +00012.000000,+00078.000000,-00024.000000
      Normal   +00000.000000,+00000.000000,+00001.000000
      TextureU +00000.000000,-00001.000000,+00000.000000
      TextureV +00001.000000,+00000.000000,+00000.000000
      Vertex   +00012.000000,+00078.000000,-00024.000000
      Vertex   -00005.000000,+00078.000000,-00024.000000
      Vertex   -00005.000000,-00080.000000,-00024.000000
      Vertex   +00012.000000,-00080.000000,-00024.000000
   End Polygon
   Begin Polygon Item=Outer Texture=trough1 Flags=1082130464 Link=16
      Origin   +00006.999756,+00065.000977,-00027.000000
      Normal   +00001.000000,+00000.000000,+00000.000000
      TextureU +00000.000000,-00001.000000,+00000.000000
      TextureV +00000.000000,+00000.000000,-00001.000000
      Vertex   +00006.999756,+00065.000977,-00027.000000
      Vertex   +00006.999756,+00065.000977,-00026.000000
      Vertex   +00006.999756,+00061.687256,-00026.000000
      Vertex   +00006.999756,+00061.687256,-00027.000000
   End Polygon
   Begin Polygon Item=Outer Texture=trough1 Flags=1082130464 Link=17
      Origin   +00004.656616,+00067.344238,-00027.000000
      Normal   +00000.707107,+00000.707107,+00000.000000
      TextureU +00000.707107,-00000.707107,+00000.000000
      TextureV +00000.000000,+00000.000000,-00001.000000
      Vertex   +00004.656616,+00067.344238,-00027.000000
      Vertex   +00004.656616,+00067.344238,-00026.000000
      Vertex   +00006.999756,+00065.000977,-00026.000000
      Vertex   +00006.999756,+00065.000977,-00027.000000
   End Polygon
   Begin Polygon Item=Outer Texture=trough1 Flags=1082130464 Link=18
      Origin   +00001.342903,+00067.343994,-00027.000000
      Normal   -00000.000021,+00001.000000,+00000.000000
      TextureU +00001.000000,+00000.000000,+00000.000000
      TextureV +00000.000000,+00000.000000,-00001.000000
      Vertex   +00001.342903,+00067.343994,-00027.000000
      Vertex   +00001.342903,+00067.343994,-00026.000000
      Vertex   +00004.656616,+00067.344238,-00026.000000
      Vertex   +00004.656616,+00067.344238,-00027.000000
   End Polygon
   Begin Polygon Item=Outer Texture=trough1 Flags=1082130464 Link=19
      Origin   -00001.000237,+00065.000977,-00027.000000
      Normal   -00000.707107,+00000.707107,+00000.000000
      TextureU +00000.707107,+00000.707107,+00000.000000
      TextureV +00000.000000,+00000.000000,-00001.000000
      Vertex   -00001.000237,+00065.000977,-00027.000000
      Vertex   -00001.000237,+00065.000977,-00026.000000
      Vertex   +00001.342903,+00067.343994,-00026.000000
      Vertex   +00001.342903,+00067.343994,-00027.000000
   End Polygon
   Begin Polygon Item=Outer Texture=trough1 Flags=1082130464 Link=20
      Origin   -00001.000237,+00061.687256,-00027.000000
      Normal   -00001.000000,+00000.000000,+00000.000000
      TextureU +00000.000000,+00001.000000,+00000.000000
      TextureV +00000.000000,+00000.000000,-00001.000000
      Vertex   -00001.000237,+00061.687256,-00027.000000
      Vertex   -00001.000237,+00061.687256,-00026.000000
      Vertex   -00001.000237,+00065.000977,-00026.000000
      Vertex   -00001.000237,+00065.000977,-00027.000000
   End Polygon
   Begin Polygon Item=Outer Texture=trough1 Flags=1082130464 Link=21
      Origin   +00001.342903,+00059.344238,-00027.000000
      Normal   -00000.707107,-00000.707107,+00000.000000
      TextureU -00000.707107,+00000.707107,+00000.000000
      TextureV +00000.000000,+00000.000000,-00001.000000
      Vertex   +00001.342903,+00059.344238,-00027.000000
      Vertex   +00001.342903,+00059.344238,-00026.000000
      Vertex   -00001.000237,+00061.687256,-00026.000000
      Vertex   -00001.000237,+00061.687256,-00027.000000
   End Polygon
   Begin Polygon Item=Outer Texture=trough1 Flags=1082130464 Link=22
      Origin   +00004.656616,+00059.343994,-00027.000000
      Normal   -00000.000021,-00001.000000,-00000.000000
      TextureU -00001.000000,+00000.000000,+00000.000000
      TextureV +00000.000000,+00000.000000,-00001.000000
      Vertex   +00004.656616,+00059.343994,-00027.000000
      Vertex   +00004.656616,+00059.343994,-00026.000000
      Vertex   +00001.342903,+00059.344238,-00026.000000
      Vertex   +00001.342903,+00059.344238,-00027.000000
   End Polygon
   Begin Polygon Item=Outer Texture=trough1 Flags=1082130464 Link=23
      Origin   +00006.999756,+00061.687256,-00027.000000
      Normal   +00000.707107,-00000.707107,+00000.000000
      TextureU -00000.707107,-00000.707107,+00000.000000
      TextureV +00000.000000,+00000.000000,-00001.000000
      Vertex   +00006.999756,+00061.687256,-00027.000000
      Vertex   +00006.999756,+00061.687256,-00026.000000
      Vertex   +00004.656616,+00059.343994,-00026.000000
      Vertex   +00004.656616,+00059.343994,-00027.000000
   End Polygon
   Begin Polygon Item=2DLoftSIDE Texture=trough1 Flags=1082130432 Link=24
      Origin   +00016.000000,+00079.000000,-00028.000000
      Normal   +00001.000000,+00000.000000,+00000.000000
      TextureU +00000.000000,-00001.000000,+00000.000000
      TextureV +00000.000000,+00000.000000,-00001.000000
      Vertex   +00016.000000,+00079.000000,-00028.000000
      Vertex   +00016.000000,+00079.000000,-00004.000000
      Vertex   +00016.000000,-00081.000000,-00004.000000
      Vertex   +00016.000000,-00081.000000,-00028.000000
   End Polygon
   Begin Polygon Item=2DLoftSIDE Texture=trough1 Flags=1082130432 Link=25
      Origin   -00006.000000,+03469.000000,-00032.000000
      Normal   -00000.894427,+00000.000000,-00000.447214
      TextureU -00000.000000,-00002.000000,+00000.000000
      TextureV +00000.894427,-00000.000000,-00001.788854
      Vertex   -00016.000000,+00079.000000,-00012.000000
      Vertex   -00008.000000,+00079.000000,-00028.000000
      Vertex   -00008.000000,-00081.000000,-00028.000000
      Vertex   -00016.000000,-00081.000000,-00012.000000
   End Polygon
   Begin Polygon Item=2DLoftSIDE Texture=trough1 Flags=1082130432 Link=1
      Origin   -00060.000000,+03469.000000,-00023.000000
      Normal   -00000.242536,+00000.000000,+00000.970142
      TextureU +00000.000000,+00001.000000,+00000.000000
      TextureV -00000.941176,+00000.000000,-00000.235294
      Vertex   +00016.000000,+00078.000000,-00004.000000
      Vertex   +00016.000000,+00079.000000,-00004.000000
      Vertex   -00016.000000,+00079.000000,-00012.000000
      Vertex   -00016.000000,+00078.000000,-00012.000000
   End Polygon
   Begin Polygon Item=2DLoftSIDE Texture=trough1 Flags=1082130432 Link=1
      Origin   -00060.000000,+03469.000000,-00023.000000
      Normal   -00000.242536,+00000.000000,+00000.970142
      TextureU +00000.000000,+00001.000000,+00000.000000
      TextureV -00000.941176,+00000.000000,-00000.235294
      Vertex   -00012.000000,-00080.000000,-00011.000000
      Vertex   -00012.000000,+00078.000000,-00011.000000
      Vertex   -00016.000000,+00078.000000,-00012.000000
      Vertex   -00016.000000,-00080.000000,-00012.000000
   End Polygon
   Begin Polygon Item=2DLoftSIDE Texture=trough1 Flags=1082130432 Link=1
      Origin   -00060.000000,+03469.000000,-00023.000000
      Normal   -00000.242536,+00000.000000,+00000.970142
      TextureU +00000.000000,+00001.000000,+00000.000000
      TextureV -00000.941176,+00000.000000,-00000.235294
      Vertex   +00012.000000,-00080.000000,-00005.000000
      Vertex   +00016.000000,-00080.000000,-00004.000000
      Vertex   +00016.000000,+00078.000000,-00004.000000
      Vertex   +00012.000000,+00078.000000,-00005.000000
   End Polygon
End PolyList
