Begin PolyList
   Begin Polygon Item=OUTSIDE Flags=-1073741824 Link=0
      Origin   -00256.000000,+00256.000000,-00512.000000
      Normal   +00000.000000,+00001.000000,+00000.000000
      TextureU +00001.000000,+00000.000000,+00000.000000
      TextureV +00000.000000,+00000.000000,-00001.000000
      Vertex   -00077.526367,+00256.000000,-00072.761200
      Vertex   -00078.147461,+00256.000000,-00072.110229
      Vertex   +00118.766602,+00256.000000,-00153.674561
      Vertex   +00117.751953,+00256.000000,-00153.698334
   End Polygon
   Begin Polygon Item=OUTSIDE Flags=-1073741824 Link=1
      Origin   +00256.000000,+00256.000000,-00512.000000
      Normal   +00001.000000,+00000.000000,+00000.000000
      TextureU +00000.000000,-00001.000000,+00000.000000
      TextureV +00000.000000,+00000.000000,-00001.000000
      Vertex   +00256.000000,-00106.404541,-00210.518433
      Vertex   +00256.000000,-00105.218506,-00210.998047
      Vertex   +00256.000000,+00106.273438,-00210.998047
      Vertex   +00256.000000,+00107.459473,-00210.518433
   End Polygon
   Begin Polygon Item=Base Texture=ClenIronWOriv_A Flags=1073741856 Link=2
      Origin   +00069.662598,-00004.443359,-00025.097595
      Normal   -00000.382680,+00000.000007,-00000.923881
      Pan      U=154 V=-4
      TextureU -00002.177605,+00002.357022,+00000.901994
      TextureV +00002.177604,+00002.357023,-00000.901993
      Vertex   +00061.638672,+00008.527832,-00021.773987
      Vertex   +00050.289063,+00008.527832,-00017.072754
      Vertex   +00053.983887,+00012.527344,-00018.603271
      Vertex   +00057.943848,+00012.527344,-00020.243408
   End Polygon
   Begin Polygon Item=OUTSIDE Texture=MetlBoxPanel_A Flags=1073741856 Link=3
      Origin   -00067.000000,-00031.000000,-00248.000000
      Normal   +00000.000000,+00000.000000,+00001.000000
      TextureU +00000.000000,+00010.000000,+00000.000000
      TextureV -00010.000000,+00000.000000,+00000.000000
      Vertex   -00003.000000,-00031.000000,-00248.000000
      Vertex   -00003.000000,-00028.718750,-00248.000000
      Vertex   -00020.477051,-00029.731934,-00248.000000
      Vertex   -00022.046875,-00029.822754,-00248.000000
      Vertex   -00042.353516,-00031.000000,-00248.000000
   End Polygon
   Begin Polygon Item=Outer Texture=AF_LiftMetl_A Flags=-1073741792 Link=4
      Origin   +00256.821777,-00105.511230,-00210.860443
      Normal   +00000.165140,+00000.000000,-00000.986270
      TextureU +00000.326853,+00000.943489,+00000.054728
      TextureV +00000.930535,-00000.331403,+00000.155808
      Vertex   +00256.000000,+00106.273438,-00210.998047
      Vertex   +00256.000000,-00105.218506,-00210.998047
      Vertex   -00003.000000,-00012.977539,-00254.364807
      Vertex   -00003.000000,+00014.032715,-00254.364807
   End Polygon
   Begin Polygon Texture=DrtyMetalWire_B Flags=1073742120 Link=5
      Origin   +00068.389648,+00000.527832,-00025.221863
      Normal   +00000.000000,-00001.000000,+00000.000000
      Pan      U=12 V=0
      TextureU +00007.730104,+00000.000000,+00006.343932
      TextureV -00006.343932,+00000.000000,+00007.730104
      Vertex   +00225.098145,+00000.527832,-00216.172211
      Vertex   +00225.718750,+00000.527832,-00216.928436
      Vertex   +00227.035645,+00000.527832,-00215.847839
   End Polygon
   Begin Polygon Item=Outer Texture=AF_LiftMetl_A Flags=1073741856 Link=6
      Origin   -00216.204590,+00106.566162,-00014.926514
      Normal   -00000.814132,-00000.000167,-00000.580680
      TextureU -00000.192421,-00000.943489,+00000.269818
      TextureV -00000.547815,+00000.331403,+00000.768161
      Vertex   -00049.987793,+00006.012695,-00248.000000
      Vertex   -00049.941895,-00005.040771,-00248.000000
      Vertex   -00216.204102,-00105.511230,-00014.925415
      Vertex   -00216.204590,+00106.566162,-00014.926514
   End Polygon
   Begin Polygon Texture=DrtyMetalWire_B Flags=1073742120 Link=7
      Origin   +00047.379883,+00000.527588,-00016.519287
      Normal   +00000.000000,+00001.000000,+00000.000000
      Pan      U=19 V=0
      TextureU -00000.980171,+00000.000000,+00009.951846
      TextureV +00009.951847,+00000.000000,+00000.980171
      Vertex   -00197.844238,+00000.527588,-00040.671753
      Vertex   -00199.425781,+00000.527588,-00040.827515
      Vertex   -00199.696777,+00000.527588,-00038.073914
   End Polygon
   Begin Polygon Item=Outer Texture=AF_LiftMetl_A Flags=1073741856 Link=8
      Origin   -00077.658203,-00255.472412,-00072.314270
      Normal   -00000.324516,-00000.529999,-00000.783448
      TextureU +00000.938886,-00000.281029,-00000.198785
      TextureV -00000.114816,-00000.800077,+00000.588807
      Vertex   -00043.400391,-00016.748291,-00248.000000
      Vertex   -00022.046875,-00029.822754,-00248.000000
      Vertex   -00021.479980,-00030.735107,-00247.617950
      Vertex   -00021.315430,-00031.000000,-00247.506927
      Vertex   +00118.275391,-00255.472412,-00153.472717
      Vertex   -00077.658203,-00255.472412,-00072.314270
   End Polygon
   Begin Polygon Texture=DrtyMetalWire_B Flags=1073742120 Link=9
      Origin   +00058.344727,-00012.343018,-00021.060974
      Normal   -00000.923899,+00000.000015,+00000.382638
      Pan      U=13 V=-12
      TextureU +00003.374966,-00004.713967,+00008.147889
      TextureV +00001.803957,+00008.819212,+00004.355138
      Vertex   +00014.005859,-00229.118896,-00128.110840
      Vertex   +00013.608887,-00231.059570,-00129.069275
      Vertex   +00014.901855,-00232.865723,-00125.947266
   End Polygon
   Begin Polygon Item=Outer Texture=AF_LiftMetl_A Flags=-1073741792 Link=10
      Origin   +00118.275391,+00256.527588,-00153.472717
      Normal   -00000.324515,+00000.529999,-00000.783448
      TextureU -00000.804455,+00000.281029,+00000.523331
      TextureV +00000.497537,+00000.800077,+00000.335162
      Vertex   -00077.582520,+00256.000000,-00072.702606
      Vertex   +00117.947266,+00256.000000,-00153.693726
      Vertex   -00022.046875,+00030.878174,-00248.000000
      Vertex   -00043.399902,+00017.803955,-00248.000000
   End Polygon
   Begin Polygon Item=Outer Texture=AF_LiftMetl_A Flags=-1073741792 Link=11
      Origin   +00256.821777,+00106.566162,-00210.860443
      Normal   +00000.021724,+00000.374766,-00000.926865
      TextureU -00000.365557,+00000.865865,+00000.341534
      TextureV +00000.930535,+00000.331403,+00000.155808
      Vertex   +00117.947266,+00256.000000,-00153.693726
      Vertex   +00118.762695,+00256.000000,-00153.674622
      Vertex   +00256.000000,+00107.455566,-00210.520050
      Vertex   +00256.000000,+00106.273438,-00210.998047
      Vertex   +00035.012695,+00027.570557,-00248.000000
      Vertex   -00022.046875,+00030.878174,-00248.000000
   End Polygon
   Begin Polygon Item=Outer Texture=AF_LiftMetl_A Flags=-1073741792 Link=12
      Origin   -00077.658203,+00256.527588,-00072.314331
      Normal   -00000.670754,+00000.374766,-00000.640032
      TextureU -00000.732739,-00000.468430,+00000.493626
      TextureV -00000.114816,+00000.800077,+00000.588807
      Vertex   -00078.145508,+00256.000000,-00072.112427
      Vertex   -00077.582520,+00256.000000,-00072.702606
      Vertex   -00043.399902,+00017.803955,-00248.000000
      Vertex   -00049.987793,+00006.012695,-00248.000000
      Vertex   -00216.204590,+00106.566162,-00014.926514
   End Polygon
   Begin Polygon Item=Outer Texture=AF_LiftMetl_A Flags=1073741856 Link=13
      Origin   -05464.437012,-03183.470947,-01438.389771
      Normal   +00000.002904,-00000.355063,+00000.934838
      TextureU -00000.359699,+00000.871900,+00000.332276
      TextureV +00000.933064,+00000.337225,+00000.125183
      Vertex   +00115.213867,+00248.527832,-00152.204590
      Vertex   -00029.958008,+00008.527832,-00242.908844
      Vertex   -00025.628418,+00003.841553,-00244.701965
      Vertex   +00249.430664,+00103.252686,-00207.798950
   End Polygon
   Begin Polygon Item=Outer Texture=AF_LiftMetl_A Flags=-1073741792 Link=14
      Origin   +00118.275391,-00255.472412,-00153.472717
      Normal   +00000.021723,-00000.374766,-00000.926865
      TextureU +00000.867171,+00000.468430,-00000.169079
      TextureV +00000.497537,-00000.800077,+00000.335162
      Vertex   +00035.012695,-00026.515381,-00248.000000
      Vertex   +00256.000000,-00105.218506,-00210.998047
      Vertex   +00256.000000,-00106.400635,-00210.520050
      Vertex   +00118.275391,-00255.472412,-00153.472717
      Vertex   -00021.315430,-00031.000000,-00247.506927
      Vertex   -00021.479980,-00030.735107,-00247.617950
      Vertex   -00022.046875,-00029.822754,-00248.000000
      Vertex   -00020.477051,-00029.731934,-00248.000000
   End Polygon
   Begin Polygon Item=Outer Texture=AF_LiftMetl_A Flags=1073741856 Link=15
      Origin   -00216.204102,-00105.511230,-00014.925415
      Normal   -00000.670753,-00000.374767,-00000.640031
      Pan      U=-57 V=57
      TextureU -00000.733232,+00000.464946,+00000.496182
      TextureV +00000.111628,+00000.802107,-00000.586654
      Vertex   -00049.941895,-00005.040771,-00248.000000
      Vertex   -00043.400391,-00016.748291,-00248.000000
      Vertex   -00077.658203,-00255.472412,-00072.314270
      Vertex   -00216.204102,-00105.511230,-00014.925415
   End Polygon
   Begin Polygon Item=Outer Texture=AF_LiftMetl_A Flags=1073741856 Link=16
      Origin   -04031.490479,-03183.471436,+02021.053955
      Normal   +00000.658976,-00000.355064,+00000.663084
      Pan      U=-23 V=0
      TextureU -00000.661131,+00000.146971,+00000.735735
      TextureV -00000.358687,-00000.923217,-00000.137893
      Vertex   -00074.596680,+00248.527832,-00073.582336
      Vertex   -00208.813477,+00103.252686,-00017.987976
      Vertex   -00040.411133,+00003.841553,-00238.579132
      Vertex   -00036.081543,+00008.527832,-00240.372498
   End Polygon
   Begin Polygon Item=Outer Texture=AF_LiftMetl_A Flags=1073741856 Link=17
      Origin   -04955.183105,-03183.472900,-00208.939392
      Normal   +00000.330941,-00000.502135,+00000.798961
      TextureU -00000.804962,+00000.291629,+00000.516710
      TextureV +00000.492458,+00000.814133,+00000.307688
      Vertex   +00115.213867,+00248.527832,-00152.204590
      Vertex   -00074.596680,+00248.527832,-00073.582336
      Vertex   -00036.081543,+00008.527832,-00240.372498
      Vertex   -00029.958008,+00008.527832,-00242.908844
   End Polygon
   Begin Polygon Item=Outer Texture=AF_LiftMetl_A Flags=1073741856 Link=18
      Origin   -05260.935547,-03183.472168,-00947.089294
      Normal   -00000.132972,+00000.000000,+00000.991120
      TextureU +00000.334230,+00000.941424,+00000.044842
      TextureV +00000.933064,-00000.337225,+00000.125183
      Vertex   +00249.430664,-00102.197266,-00207.798950
      Vertex   +00249.430664,+00103.252686,-00207.798950
      Vertex   -00025.628418,+00003.841553,-00244.701965
      Vertex   -00025.628418,-00002.785889,-00244.701874
   End Polygon
   Begin Polygon Item=Outer Texture=AF_LiftMetl_A Flags=1073741856 Link=19
      Origin   -04463.887695,-03183.472656,+00977.152588
      Normal   +00000.002905,+00000.355063,+00000.934838
      Pan      U=81 V=-628
      TextureU -00000.273503,-00000.671837,+00000.256022
      TextureV -00000.934651,+00000.333352,-00000.123707
      Vertex   +00249.430664,-00102.197266,-00207.798950
      Vertex   -00025.628418,-00002.785889,-00244.701874
      Vertex   -00029.958008,-00007.472168,-00242.908630
      Vertex   +00115.213867,-00247.472168,-00152.204590
   End Polygon
   Begin Polygon Item=Outer Texture=racksides Flags=1073741856 Link=20
      Origin   -00037.858887,-00007.472168,-00244.663879
      Normal   -00000.653281,-00000.707107,+00000.270598
      Pan      U=3 V=9
      TextureU +00000.382683,+00000.000000,+00000.923880
      TextureV -00000.653282,+00000.707107,+00000.270598
      Vertex   -00040.411133,-00002.785889,-00238.579315
      Vertex   -00036.081543,-00007.472168,-00240.372559
      Vertex   +00055.515625,-00007.472168,-00019.237671
      Vertex   +00051.186035,-00002.785889,-00017.444336
   End Polygon
   Begin Polygon Item=Outer Texture=AF_LiftMetl_A Flags=1073741856 Link=21
      Origin   -03540.194824,-03183.474854,+03207.144531
      Normal   +00000.330940,+00000.502135,+00000.798961
      Pan      U=1015 V=-1206
      TextureU -00000.086094,-00000.630621,+00000.431997
      TextureV -00000.936991,+00000.275276,+00000.215107
      Vertex   -00036.081543,-00007.472168,-00240.372559
      Vertex   -00074.596680,-00247.472168,-00073.582336
      Vertex   +00115.213867,-00247.472168,-00152.204590
      Vertex   -00029.958008,-00007.472168,-00242.908630
   End Polygon
   Begin Polygon Item=Outer Texture=AF_LiftMetl_A Flags=1073741856 Link=22
      Origin   -03030.938965,-03183.471680,+04436.595703
      Normal   +00000.658976,+00000.355065,+00000.663084
      TextureU +00000.489300,-00000.871900,-00000.019390
      TextureV -00000.571258,-00000.337225,+00000.748294
      Vertex   -00036.081543,-00007.472168,-00240.372559
      Vertex   -00040.411133,-00002.785889,-00238.579315
      Vertex   -00208.813477,-00102.197266,-00017.987976
      Vertex   -00074.596680,-00247.472168,-00073.582336
   End Polygon
   Begin Polygon Item=Outer Texture=AF_LiftMetl_A Flags=1073741856 Link=23
      Origin   -03234.442383,-03183.472168,+03945.298340
      Normal   +00000.794853,-00000.000001,+00000.606802
      TextureU -00000.204629,-00000.941424,+00000.268044
      TextureV -00000.571258,+00000.337225,+00000.748294
      Vertex   -00208.813477,+00103.252686,-00017.987976
      Vertex   -00208.813477,-00102.197266,-00017.987976
      Vertex   -00040.411133,-00002.785889,-00238.579315
      Vertex   -00040.411133,+00003.841553,-00238.579132
   End Polygon
   Begin Polygon Texture=DrtyMetalWire_B Flags=1073742120 Link=24
      Origin   +00023.338379,-00234.594727,-00126.483459
      Normal   +00000.337493,-00000.471397,+00000.814790
      Pan      U=17 V=0
      TextureU -00009.238795,+00000.000000,+00003.826834
      TextureV -00001.803957,-00008.819212,-00004.355138
      Vertex   +00009.274902,-00231.080566,-00118.625122
      Vertex   +00024.057129,-00231.080566,-00124.748047
      Vertex   +00068.798340,-00012.350586,-00016.733948
      Vertex   +00054.016113,-00012.350586,-00010.611023
   End Polygon
   Begin Polygon Texture=DrtyMetalWire_B Flags=1073742120 Link=9
      Origin   +00058.344727,-00012.343018,-00021.060974
      Normal   -00000.923899,+00000.000015,+00000.382638
      Pan      U=13 V=-12
      TextureU +00003.374966,-00004.713967,+00008.147889
      TextureV +00001.803957,+00008.819212,+00004.355138
      Vertex   +00058.577148,-00012.664551,-00020.505890
      Vertex   +00058.344727,-00012.343018,-00021.060974
      Vertex   +00015.072266,-00223.905029,-00125.536133
      Vertex   +00018.036133,-00237.243164,-00118.380859
      Vertex   +00019.008789,-00238.601807,-00116.032654
      Vertex   +00063.746582,-00019.885254,-00008.025208
   End Polygon
   Begin Polygon Texture=DrtyMetalWire_B Flags=1073742120 Link=26
      Origin   -00201.274902,-00007.472656,-00033.444763
      Normal   -00000.098017,+00000.000000,+00000.995185
      Pan      U=29 V=-80
      TextureU +00000.000000,+00010.000000,+00000.000000
      TextureV -00009.951847,+00000.000000,-00000.980171
      Vertex   -00197.311523,+00008.527344,-00033.054382
      Vertex   -00197.311523,-00007.472656,-00033.054382
      Vertex   +00049.511230,-00007.472656,-00008.744446
      Vertex   +00049.511230,+00008.527344,-00008.744446
   End Polygon
   Begin Polygon Texture=DrtyMetalWire_B Flags=1073742120 Link=7
      Origin   +00047.379883,+00000.527588,-00016.519287
      Normal   +00000.000000,+00001.000000,+00000.000000
      Pan      U=19 V=0
      TextureU -00000.980171,+00000.000000,+00009.951846
      TextureV +00009.951847,+00000.000000,+00000.980171
      Vertex   +00047.379883,+00000.527588,-00016.519287
      Vertex   -00191.940430,+00000.527588,-00040.090271
      Vertex   -00200.618164,+00000.527588,-00028.723328
      Vertex   -00200.994141,+00000.527588,-00024.904541
      Vertex   +00045.811523,+00000.527588,-00000.596313
   End Polygon
   Begin Polygon Item=Base Texture=AF_LiftMetl_A Flags=1073741856 Link=28
      Origin   -00216.204102,-00105.511230,-00014.925415
      Normal   +00000.382683,+00000.000000,+00000.923880
      TextureU +00000.653282,+00000.707106,-00000.270598
      TextureV -00000.653282,+00000.707107,+00000.270598
      Vertex   -00208.813477,+00103.252686,-00017.987976
      Vertex   -00216.204590,+00095.252441,-00014.926514
      Vertex   -00216.204590,-00094.197021,-00014.926514
      Vertex   -00208.813477,-00102.197266,-00017.987976
   End Polygon
   Begin Polygon Item=Base Texture=AF_LiftMetl_A Flags=1073741856 Link=28
      Origin   -00216.204102,-00105.511230,-00014.925415
      Normal   +00000.382683,+00000.000000,+00000.923880
      TextureU +00000.653282,+00000.707106,-00000.270598
      TextureV -00000.653282,+00000.707107,+00000.270598
      Vertex   -00216.204590,-00094.197021,-00014.926514
      Vertex   -00216.204102,-00105.511230,-00014.925415
      Vertex   -00085.049316,-00247.472168,-00069.252686
      Vertex   -00074.596680,-00247.472168,-00073.582336
   End Polygon
   Begin Polygon Item=Base Texture=AF_LiftMetl_A Flags=1073741856 Link=28
      Origin   -00216.204102,-00105.511230,-00014.925415
      Normal   +00000.382683,+00000.000000,+00000.923880
      TextureU +00000.653282,+00000.707106,-00000.270598
      TextureV -00000.653282,+00000.707107,+00000.270598
      Vertex   +00107.822754,-00255.472412,-00149.143005
      Vertex   +00115.213867,-00247.472168,-00152.204590
      Vertex   -00085.049316,-00247.472168,-00069.252686
      Vertex   -00077.658203,-00255.472412,-00072.314270
   End Polygon
   Begin Polygon Item=Outer Texture=racksides Flags=1073741856 Link=31
      Origin   -00027.406250,+00003.841553,-00248.993591
      Normal   +00000.923881,+00000.000002,-00000.382679
      Pan      U=3 V=9
      TextureU +00000.382683,+00000.000000,+00000.923880
      TextureV +00000.000000,-00001.000000,+00000.000000
      Vertex   -00025.628418,-00002.785889,-00244.701874
      Vertex   -00025.628418,+00003.841553,-00244.701965
      Vertex   +00065.968262,+00003.841553,-00023.567383
      Vertex   +00065.968262,-00002.785889,-00023.567383
   End Polygon
   Begin Polygon Texture=DrtyMetalWire_B Flags=1073742120 Link=5
      Origin   +00068.389648,+00000.527832,-00025.221863
      Normal   +00000.000000,-00001.000000,+00000.000000
      Pan      U=12 V=0
      TextureU +00007.730104,+00000.000000,+00006.343932
      TextureV -00006.343932,+00000.000000,+00007.730104
      Vertex   +00068.708496,+00000.527832,-00025.610718
      Vertex   +00221.321289,+00000.527832,-00211.570160
      Vertex   +00234.383301,+00000.527832,-00209.817719
      Vertex   +00238.086914,+00000.527832,-00206.778137
      Vertex   +00098.937500,+00000.527832,-00037.223694
      Vertex   +00069.029785,+00000.527832,-00024.835449
      Vertex   +00068.389648,+00000.527832,-00025.221863
   End Polygon
   Begin Polygon Texture=DrtyMetalWire_B Flags=1073742120 Link=33
      Origin   +00073.304688,-00007.472168,-00018.600708
      Normal   +00000.773011,+00000.000000,+00000.634393
      Pan      U=13 V=0
      TextureU +00000.000000,+00010.000000,+00000.000000
      TextureV -00006.343932,+00000.000000,+00007.730104
      Vertex   +00230.644043,-00007.472168,-00210.319366
      Vertex   +00230.644043,+00008.527832,-00210.319366
      Vertex   +00073.304688,+00008.527832,-00018.600708
      Vertex   +00073.304688,-00007.472168,-00018.600708
   End Polygon
   Begin Polygon Item=Outer Texture=racksides Flags=1073741856 Link=34
      Origin   -00037.858887,+00008.527832,-00244.663910
      Normal   +00000.000000,+00001.000000,+00000.000000
      Pan      U=3 V=9
      TextureU +00000.382683,+00000.000000,+00000.923880
      TextureV +00000.923881,+00000.000002,-00000.382679
      Vertex   -00029.958008,+00008.527832,-00242.908844
      Vertex   -00036.081543,+00008.527832,-00240.372498
      Vertex   +00055.515625,+00008.527832,-00019.237732
      Vertex   +00061.638672,+00008.527832,-00021.773987
   End Polygon
   Begin Polygon Texture=DrtyMetalWire_B Flags=1073742120 Link=35
      Origin   +00008.556152,+00235.649414,-00120.360657
      Normal   +00000.337496,+00000.471397,+00000.814789
      Pan      U=17 V=0
      TextureU +00009.238795,+00000.000000,-00003.826834
      TextureV -00001.803957,+00008.819213,-00004.355137
      Vertex   +00024.057129,+00232.135742,-00124.748413
      Vertex   +00009.274902,+00232.135742,-00118.625427
      Vertex   +00051.185547,+00027.242432,-00017.444214
      Vertex   +00065.967773,+00027.242432,-00023.567200
   End Polygon
   Begin Polygon Texture=DrtyMetalWire_B Flags=1073742120 Link=36
      Origin   +00058.346191,+00009.397949,-00021.062012
      Normal   +00000.923881,+00000.000002,-00000.382679
      Pan      U=17 V=0
      TextureU +00003.374966,+00004.713967,+00008.147889
      TextureV +00001.803957,-00008.819213,+00004.355137
      Vertex   +00016.666016,+00232.135742,-00121.687012
      Vertex   +00016.746582,+00232.498047,-00121.492615
      Vertex   +00019.008301,+00235.656738,-00116.032776
      Vertex   +00058.576660,+00042.213135,-00020.505737
      Vertex   +00058.576660,+00009.719727,-00020.505615
      Vertex   +00058.346191,+00009.397949,-00021.062012
      Vertex   +00014.645996,+00223.042725,-00126.564819
   End Polygon
   Begin Polygon Item=Outer Texture=racksides Flags=1073741856 Link=37
      Origin   -00031.735840,-00007.472168,-00247.200134
      Normal   +00000.000000,-00001.000000,+00000.000000
      Pan      U=3 V=9
      TextureU +00000.382683,+00000.000000,+00000.923880
      TextureV -00000.923899,+00000.000015,+00000.382638
      Vertex   -00036.081543,-00007.472168,-00240.372559
      Vertex   -00029.958008,-00007.472168,-00242.908630
      Vertex   +00061.638672,-00007.472168,-00021.773987
      Vertex   +00055.515625,-00007.472168,-00019.237671
   End Polygon
   Begin Polygon Item=Outer Texture=racksides Flags=1073741856 Link=38
      Origin   -00042.188477,-00002.785889,-00242.870514
      Normal   -00000.923879,-00000.000005,+00000.382684
      Pan      U=3 V=9
      TextureU +00000.382683,+00000.000000,+00000.923880
      TextureV +00000.000000,+00001.000000,+00000.000000
      Vertex   -00040.411133,+00003.841553,-00238.579132
      Vertex   -00040.411133,-00002.785889,-00238.579315
      Vertex   +00051.186035,-00002.785889,-00017.444336
      Vertex   +00051.186035,+00003.841553,-00017.444336
   End Polygon
   Begin Polygon Item=Outer Texture=racksides Flags=1073741856 Link=39
      Origin   -00031.735840,+00008.528076,-00247.200195
      Normal   +00000.653282,+00000.707106,-00000.270598
      Pan      U=3 V=9
      TextureU +00000.382683,+00000.000000,+00000.923880
      TextureV +00000.653281,-00000.707107,-00000.270598
      Vertex   -00025.628418,+00003.841553,-00244.701965
      Vertex   -00029.958008,+00008.527832,-00242.908844
      Vertex   +00061.638672,+00008.527832,-00021.773987
      Vertex   +00065.968262,+00003.841553,-00023.567383
   End Polygon
   Begin Polygon Item=Outer Texture=racksides Flags=1073741856 Link=40
      Origin   -00042.188477,+00003.841553,-00242.870544
      Normal   -00000.653282,+00000.707107,+00000.270598
      Pan      U=3 V=9
      TextureU +00000.382683,+00000.000000,+00000.923880
      TextureV +00000.653282,+00000.707106,-00000.270598
      Vertex   -00036.081543,+00008.527832,-00240.372498
      Vertex   -00040.411133,+00003.841553,-00238.579132
      Vertex   +00051.186035,+00003.841553,-00017.444336
      Vertex   +00055.515625,+00008.527832,-00019.237732
   End Polygon
   Begin Polygon Item=Outer Texture=racksides Flags=1073741856 Link=41
      Origin   -00027.406250,-00002.785889,-00248.993561
      Normal   +00000.653281,-00000.707107,-00000.270598
      Pan      U=3 V=9
      TextureU +00000.382683,+00000.000000,+00000.923880
      TextureV -00000.653281,-00000.707107,+00000.270598
      Vertex   -00029.958008,-00007.472168,-00242.908630
      Vertex   -00025.628418,-00002.785889,-00244.701874
      Vertex   +00065.968262,-00002.785889,-00023.567383
      Vertex   +00061.638672,-00007.472168,-00021.773987
   End Polygon
   Begin Polygon Item=Base Texture=AF_LiftMetl_A Flags=1073741856 Link=28
      Origin   -00216.204102,-00105.511230,-00014.925415
      Normal   +00000.382683,+00000.000000,+00000.923880
      TextureU +00000.653282,+00000.707106,-00000.270598
      TextureV -00000.653282,+00000.707107,+00000.270598
      Vertex   +00249.430664,-00113.511475,-00207.798920
      Vertex   +00249.430664,-00102.197266,-00207.798950
      Vertex   +00107.822754,-00255.472412,-00149.143005
      Vertex   +00118.275391,-00255.472412,-00153.472717
   End Polygon
   Begin Polygon Item=Base Texture=AF_LiftMetl_A Flags=-1073741792 Link=28
      Origin   -00216.204102,-00105.511230,-00014.925415
      Normal   +00000.382683,+00000.000000,+00000.923880
      TextureU +00000.653282,+00000.707106,-00000.270598
      TextureV -00000.653282,+00000.707107,+00000.270598
      Vertex   +00256.000000,+00096.141846,-00210.520050
      Vertex   +00249.430664,+00103.252686,-00207.798950
      Vertex   +00249.430664,-00113.511475,-00207.798920
      Vertex   +00256.000000,-00106.400635,-00210.520050
   End Polygon
   Begin Polygon Item=Base Texture=AF_LiftMetl_A Flags=-1073741792 Link=28
      Origin   -00216.204102,-00105.511230,-00014.925415
      Normal   +00000.382683,+00000.000000,+00000.923880
      TextureU +00000.653282,+00000.707106,-00000.270598
      TextureV -00000.653282,+00000.707107,+00000.270598
      Vertex   +00108.311035,+00256.000000,-00149.345306
      Vertex   -00067.692871,+00256.000000,-00076.442017
      Vertex   -00074.596680,+00248.527832,-00073.582336
      Vertex   +00115.213867,+00248.527832,-00152.204590
   End Polygon
   Begin Polygon Item=Base Texture=AF_LiftMetl_A Flags=-1073741792 Link=28
      Origin   -00216.204102,-00105.511230,-00014.925415
      Normal   +00000.382683,+00000.000000,+00000.923880
      TextureU +00000.653282,+00000.707106,-00000.270598
      TextureV -00000.653282,+00000.707107,+00000.270598
      Vertex   -00067.692871,+00256.000000,-00076.442017
      Vertex   -00078.145508,+00256.000000,-00072.112427
      Vertex   -00216.204590,+00106.566162,-00014.926514
      Vertex   -00216.204590,+00095.252441,-00014.926514
   End Polygon
   Begin Polygon Item=Base Texture=AF_LiftMetl_A Flags=-1073741792 Link=28
      Origin   -00216.204102,-00105.511230,-00014.925415
      Normal   +00000.382683,+00000.000000,+00000.923880
      TextureU +00000.653282,+00000.707106,-00000.270598
      TextureV -00000.653282,+00000.707107,+00000.270598
      Vertex   +00256.000000,+00107.455566,-00210.520050
      Vertex   +00118.762695,+00256.000000,-00153.674622
      Vertex   +00108.311035,+00256.000000,-00149.345337
      Vertex   +00256.000000,+00096.141846,-00210.520050
   End Polygon
   Begin Polygon Item=OUTSIDE Texture=MetlBoxPanel_C Flags=1073741856 Link=47
      Origin   -00067.000000,+00033.000000,-00264.000000
      Normal   +00000.000000,+00000.000000,-00001.000000
      Pan      U=1 V=-18
      TextureU +00000.000000,-00001.000000,+00000.000000
      TextureV -00001.000000,+00000.000000,+00000.000000
      Vertex   -00021.745117,+00033.000000,-00264.000000
      Vertex   -00003.000000,+00033.000000,-00264.000000
      Vertex   -00003.000000,+00014.254883,-00264.000000
   End Polygon
   Begin Polygon Item=Outer Texture=StanGalvMetal Flags=1073741856 Link=48
      Origin   -00021.745117,+00033.000000,-00480.000000
      Normal   +00000.707118,+00000.707096,+00000.000000
      TextureU +00000.831890,-00000.831890,+00000.000000
      TextureV +00000.000000,+00000.000000,-00001.176471
      Vertex   -00021.745117,+00033.000000,-00264.000000
      Vertex   -00003.000000,+00014.254883,-00264.000000
      Vertex   -00003.000000,+00014.254883,-00480.000000
      Vertex   -00021.745117,+00033.000000,-00480.000000
   End Polygon
   Begin Polygon Item=Outer Texture=StanGalvMetal Flags=1073741856 Link=49
      Origin   -00048.254883,+00033.000000,-00480.000000
      Normal   +00000.000000,+00001.000000,+00000.000000
      TextureU +00001.176471,+00000.000000,+00000.000000
      TextureV +00000.000000,+00000.000000,-00001.176471
      Vertex   -00048.254883,+00033.000000,-00264.000000
      Vertex   -00021.745117,+00033.000000,-00264.000000
      Vertex   -00021.745117,+00033.000000,-00480.000000
      Vertex   -00048.254883,+00033.000000,-00480.000000
   End Polygon
   Begin Polygon Item=Outer Texture=StanGalvMetal Flags=1073741856 Link=50
      Origin   -00067.000000,+00014.254883,-00480.000000
      Normal   -00000.707107,+00000.707107,+00000.000000
      TextureU +00000.831890,+00000.831890,+00000.000000
      TextureV +00000.000000,+00000.000000,-00001.176471
      Vertex   -00067.000000,+00014.254883,-00264.000000
      Vertex   -00048.254883,+00033.000000,-00264.000000
      Vertex   -00048.254883,+00033.000000,-00480.000000
      Vertex   -00067.000000,+00014.254883,-00480.000000
   End Polygon
   Begin Polygon Item=Outer Texture=StanGalvMetal Flags=1073741856 Link=51
      Origin   -00067.000000,-00012.254883,-00480.000000
      Normal   -00001.000000,+00000.000000,+00000.000000
      TextureU +00000.000000,+00001.176471,+00000.000000
      TextureV +00000.000000,+00000.000000,-00001.176471
      Vertex   -00067.000000,-00012.254639,-00264.000000
      Vertex   -00067.000000,+00014.254883,-00264.000000
      Vertex   -00067.000000,+00014.254883,-00480.000000
      Vertex   -00067.000000,-00012.254883,-00480.000000
   End Polygon
   Begin Polygon Item=Outer Texture=StanGalvMetal Flags=1073741856 Link=52
      Origin   -00048.254883,-00031.000000,-00480.000000
      Normal   -00000.707107,-00000.707107,+00000.000000
      TextureU -00000.831890,+00000.831890,+00000.000000
      TextureV +00000.000000,+00000.000000,-00001.176471
      Vertex   -00048.254883,-00031.000000,-00264.000000
      Vertex   -00067.000000,-00012.254639,-00264.000000
      Vertex   -00067.000000,-00012.254883,-00480.000000
      Vertex   -00048.254883,-00031.000000,-00480.000000
   End Polygon
   Begin Polygon Item=Outer Texture=StanGalvMetal Flags=1073741856 Link=53
      Origin   -00021.745117,-00031.000000,-00480.000000
      Normal   +00000.000000,-00001.000000,+00000.000000
      TextureU -00001.176471,+00000.000000,+00000.000000
      TextureV +00000.000000,+00000.000000,-00001.176471
      Vertex   -00021.745117,-00031.000000,-00264.000000
      Vertex   -00048.254883,-00031.000000,-00264.000000
      Vertex   -00048.254883,-00031.000000,-00480.000000
      Vertex   -00021.745117,-00031.000000,-00480.000000
   End Polygon
   Begin Polygon Item=Outer Texture=StanGalvMetal Flags=1073741856 Link=54
      Origin   -00003.000000,-00012.254883,-00480.000000
      Normal   +00000.707107,-00000.707107,+00000.000000
      TextureU -00000.831896,-00000.831885,+00000.000000
      TextureV +00000.000000,+00000.000000,-00001.176471
      Vertex   -00003.000000,-00012.254883,-00264.000000
      Vertex   -00021.745117,-00031.000000,-00264.000000
      Vertex   -00021.745117,-00031.000000,-00480.000000
      Vertex   -00003.000000,-00012.254883,-00480.000000
   End Polygon
   Begin Polygon Item=Outer Texture=StanGalvMetal Flags=1073741856 Link=55
      Origin   -00003.000000,+00014.254883,-00480.000000
      Normal   +00001.000000,+00000.000000,+00000.000000
      TextureU +00000.000000,-00001.176471,+00000.000000
      TextureV +00000.000000,+00000.000000,-00001.176471
      Vertex   -00003.000000,+00014.254883,-00264.000000
      Vertex   -00003.000000,-00012.254883,-00264.000000
      Vertex   -00003.000000,-00012.254883,-00480.000000
      Vertex   -00003.000000,+00014.254883,-00480.000000
   End Polygon
   Begin Polygon Item=OUTSIDE Texture=MetlBoxPanel_C Flags=1073741856 Link=56
      Origin   -00003.000000,+00033.000000,-00264.000000
      Normal   +00001.000000,+00000.000000,+00000.000000
      Pan      U=0 V=31
      TextureU +00000.000000,-00004.000000,+00000.000000
      TextureV -00000.000000,-00000.000000,-00002.000000
      Vertex   -00003.000000,-00031.000000,-00254.364807
      Vertex   -00003.000000,-00031.000000,-00264.000000
      Vertex   -00003.000000,-00012.254883,-00264.000000
      Vertex   -00003.000000,-00012.254883,-00256.000000
      Vertex   -00003.000000,-00012.254639,-00254.364746
   End Polygon
   Begin Polygon Item=Outer Texture=AF_LiftMetl_A Flags=1073741856 Link=14
      Origin   +00118.275391,-00255.472412,-00153.472717
      Normal   +00000.021723,-00000.374766,-00000.926865
      TextureU +00000.867171,+00000.468430,-00000.169079
      TextureV +00000.497537,-00000.800077,+00000.335162
      Vertex   +00035.012695,-00026.515381,-00248.000000
      Vertex   -00003.000000,-00028.718750,-00248.000000
      Vertex   -00003.000000,-00012.977539,-00254.364807
   End Polygon
   Begin Polygon Item=Outer Texture=AF_LiftMetl_A Flags=1073741856 Link=11
      Origin   +00256.821777,+00106.566162,-00210.860443
      Normal   +00000.021724,+00000.374766,-00000.926865
      TextureU -00000.365557,+00000.865865,+00000.341534
      TextureV +00000.930535,+00000.331403,+00000.155808
      Vertex   -00003.000000,+00029.774170,-00248.000000
      Vertex   +00035.012695,+00027.570557,-00248.000000
      Vertex   -00003.000000,+00014.032715,-00254.364807
   End Polygon
   Begin Polygon Item=OUTSIDE Texture=MetlBoxPanel_C Flags=1073741856 Link=59
      Origin   -00067.000000,+00033.000000,-00264.000000
      Normal   +00000.000000,+00001.000000,+00000.000000
      Pan      U=0 V=33
      TextureU +00004.000000,+00000.000000,+00000.000000
      TextureV -00000.000000,-00000.000000,-00002.000000
      Vertex   -00003.000000,+00033.000000,-00264.000000
      Vertex   -00067.000000,+00033.000000,-00264.000000
      Vertex   -00067.000000,+00033.000000,-00248.000000
      Vertex   -00003.000000,+00033.000000,-00248.000000
   End Polygon
   Begin Polygon Item=OUTSIDE Texture=MetlBoxPanel_C Flags=1073741856 Link=60
      Origin   -00003.000000,-00031.000000,-00264.000000
      Normal   +00000.000000,-00001.000000,+00000.000000
      Pan      U=0 V=34
      TextureU -00004.000000,+00000.000000,-00000.000000
      TextureV -00000.000000,-00000.000000,-00002.000000
      Vertex   -00003.000000,-00031.000000,-00264.000000
      Vertex   -00003.000000,-00031.000000,-00248.000000
      Vertex   -00067.000000,-00031.000000,-00248.000000
      Vertex   -00067.000000,-00031.000000,-00264.000000
   End Polygon
   Begin Polygon Item=OUTSIDE Texture=MetlBoxPanel_C Flags=1073741856 Link=61
      Origin   -00067.000000,-00031.000000,-00264.000000
      Normal   -00001.000000,+00000.000000,+00000.000000
      Pan      U=256 V=290
      TextureU +00000.000000,+00004.000000,+00000.000000
      TextureV -00000.000000,-00000.000000,-00002.000000
      Vertex   -00067.000000,-00031.000000,-00248.000000
      Vertex   -00067.000000,+00033.000000,-00248.000000
      Vertex   -00067.000000,+00033.000000,-00264.000000
      Vertex   -00067.000000,-00031.000000,-00264.000000
   End Polygon
   Begin Polygon Item=OUTSIDE Texture=MetlBoxPanel_C Flags=1073741856 Link=56
      Origin   -00003.000000,+00033.000000,-00264.000000
      Normal   +00001.000000,+00000.000000,+00000.000000
      Pan      U=0 V=31
      TextureU +00000.000000,-00004.000000,+00000.000000
      TextureV -00000.000000,-00000.000000,-00002.000000
      Vertex   -00003.000000,+00033.000000,-00264.000000
      Vertex   -00003.000000,+00033.000000,-00254.364807
      Vertex   -00003.000000,-00012.254639,-00254.364746
      Vertex   -00003.000000,-00012.254883,-00256.000000
      Vertex   -00003.000000,-00012.254883,-00264.000000
   End Polygon
   Begin Polygon Item=OUTSIDE Texture=MetlBoxPanel_C Flags=1073741856 Link=56
      Origin   -00003.000000,+00033.000000,-00264.000000
      Normal   +00001.000000,+00000.000000,+00000.000000
      Pan      U=0 V=31
      TextureU +00000.000000,-00004.000000,+00000.000000
      TextureV -00000.000000,-00000.000000,-00002.000000
      Vertex   -00003.000000,-00028.718750,-00248.000000
      Vertex   -00003.000000,-00031.000000,-00248.000000
      Vertex   -00003.000000,-00031.000000,-00254.364807
      Vertex   -00003.000000,-00012.977539,-00254.364807
   End Polygon
   Begin Polygon Item=OUTSIDE Texture=MetlBoxPanel_C Flags=1073741856 Link=56
      Origin   -00003.000000,+00033.000000,-00264.000000
      Normal   +00001.000000,+00000.000000,+00000.000000
      Pan      U=0 V=31
      TextureU +00000.000000,-00004.000000,+00000.000000
      TextureV -00000.000000,-00000.000000,-00002.000000
      Vertex   -00003.000000,+00033.000000,-00254.364807
      Vertex   -00003.000000,+00033.000000,-00248.000000
      Vertex   -00003.000000,+00029.774170,-00248.000000
      Vertex   -00003.000000,+00014.032715,-00254.364807
   End Polygon
   Begin Polygon Item=OUTSIDE Texture=MetlBoxPanel_C Flags=1073741856 Link=47
      Origin   -00067.000000,+00033.000000,-00264.000000
      Normal   +00000.000000,+00000.000000,-00001.000000
      Pan      U=1 V=-18
      TextureU +00000.000000,-00001.000000,+00000.000000
      TextureV -00001.000000,+00000.000000,+00000.000000
      Vertex   -00048.254883,+00033.000000,-00264.000000
      Vertex   -00067.000000,+00014.254883,-00264.000000
      Vertex   -00067.000000,+00033.000000,-00264.000000
   End Polygon
   Begin Polygon Item=OUTSIDE Texture=MetlBoxPanel_C Flags=1073741856 Link=47
      Origin   -00067.000000,+00033.000000,-00264.000000
      Normal   +00000.000000,+00000.000000,-00001.000000
      Pan      U=1 V=-18
      TextureU +00000.000000,-00001.000000,+00000.000000
      TextureV -00001.000000,+00000.000000,+00000.000000
      Vertex   -00048.254883,-00031.000000,-00264.000000
      Vertex   -00067.000000,-00031.000000,-00264.000000
      Vertex   -00067.000000,-00012.254639,-00264.000000
   End Polygon
   Begin Polygon Item=OUTSIDE Texture=MetlBoxPanel_C Flags=1073741856 Link=47
      Origin   -00067.000000,+00033.000000,-00264.000000
      Normal   +00000.000000,+00000.000000,-00001.000000
      Pan      U=1 V=-18
      TextureU +00000.000000,-00001.000000,+00000.000000
      TextureV -00001.000000,+00000.000000,+00000.000000
      Vertex   -00003.000000,-00012.254883,-00264.000000
      Vertex   -00003.000000,-00031.000000,-00264.000000
      Vertex   -00021.745117,-00031.000000,-00264.000000
   End Polygon
   Begin Polygon Item=OUTSIDE Texture=MetlBoxPanel_A Flags=1073741856 Link=3
      Origin   -00067.000000,-00031.000000,-00248.000000
      Normal   +00000.000000,+00000.000000,+00001.000000
      TextureU +00000.000000,+00010.000000,+00000.000000
      TextureV -00010.000000,+00000.000000,+00000.000000
      Vertex   -00067.000000,-00024.435547,-00248.000000
      Vertex   -00034.909668,+00033.000000,-00248.000000
      Vertex   -00067.000000,+00033.000000,-00248.000000
   End Polygon
   Begin Polygon Item=OUTSIDE Texture=MetlBoxPanel_A Flags=1073741856 Link=3
      Origin   -00067.000000,-00031.000000,-00248.000000
      Normal   +00000.000000,+00000.000000,+00001.000000
      TextureU +00000.000000,+00010.000000,+00000.000000
      TextureV -00010.000000,+00000.000000,+00000.000000
      Vertex   -00053.052734,+00000.527344,-00248.000000
      Vertex   -00057.784180,-00007.941162,-00248.000000
      Vertex   -00043.400391,-00016.748291,-00248.000000
   End Polygon
   Begin Polygon Item=OUTSIDE Texture=MetlBoxPanel_A Flags=1073741856 Link=3
      Origin   -00067.000000,-00031.000000,-00248.000000
      Normal   +00000.000000,+00000.000000,+00001.000000
      TextureU +00000.000000,+00010.000000,+00000.000000
      TextureV -00010.000000,+00000.000000,+00000.000000
      Vertex   -00042.353516,-00031.000000,-00248.000000
      Vertex   -00022.046875,-00029.822754,-00248.000000
      Vertex   -00057.784180,-00007.941162,-00248.000000
