Begin PolyList
   Begin Polygon Texture=cf_m_wd3 Flags=1073741824 Link=0
      Origin   +00096.000137,-01600.000000,+00039.999859
      Normal   +00000.000000,-00000.000000,+00001.000000
      TextureU -00000.000000,+00001.000000,+00000.000000
      TextureV -00001.000000,-00000.000000,-00000.000000
      Vertex   +00096.000015,-00180.857147,+00039.999985
      Vertex   +00100.857132,-00180.857178,+00039.999985
      Vertex   +00100.857162,+00180.857056,+00040.000015
      Vertex   +00095.999985,+00180.857178,+00040.000015
   End Polygon
   Begin Polygon Item=Top Texture=cf_m_wd3 Flags=1073741824 Link=1
      Origin   +00064.000015,-00176.000000,+00039.999985
      Normal   -00000.999512,+00000.000000,+00000.031235
      TextureU -00000.000975,+00000.999513,-00000.031204
      TextureV -00000.031220,-00000.031219,-00000.999025
      Vertex   +00069.000015,-00171.000015,+00199.999985
      Vertex   +00069.000015,-00149.000015,+00199.999985
      Vertex   +00064.000015,-00144.000000,+00039.999989
      Vertex   +00064.000015,-00176.000000,+00039.999985
   End Polygon
   Begin Polygon Item=Top Texture=cf_m_wd3 Flags=1073741824 Link=2
      Origin   -00048.000011,+00143.999985,+00040.000011
      Normal   +00000.000000,-00000.999512,+00000.031235
      TextureU -00000.999513,-00000.000975,-00000.031204
      TextureV +00000.031219,-00000.031219,-00000.999025
      Vertex   -00053.000011,+00148.999985,+00200.000015
      Vertex   -00075.000015,+00148.999969,+00200.000015
      Vertex   -00080.000015,+00143.999985,+00040.000011
      Vertex   -00048.000011,+00143.999985,+00040.000011
   End Polygon
   Begin Polygon Texture=cf_m_wd3 Flags=1073741824 Link=3
      Origin   -00767.999878,-01616.000122,+00199.999863
      Normal   +00000.000000,-00000.000000,+00001.000000
      TextureU -00000.000000,+00001.000000,+00000.000000
      TextureV -00001.000000,-00000.000000,-00000.000000
      Vertex   -00052.999989,-00149.000015,+00199.999985
      Vertex   -00074.999985,-00149.000031,+00199.999985
      Vertex   -00074.999985,-00171.000031,+00199.999985
      Vertex   -00052.999985,-00171.000015,+00199.999985
   End Polygon
   Begin Polygon Item=Top Texture=cf_m_wd3 Flags=1073741824 Link=4
      Origin   -00079.999985,-00176.000015,+00039.999985
      Normal   -00000.999512,+00000.000000,+00000.031235
      TextureU -00000.000975,+00000.999513,-00000.031204
      TextureV -00000.031220,-00000.031219,-00000.999025
      Vertex   -00074.999985,-00171.000031,+00199.999985
      Vertex   -00074.999985,-00149.000031,+00199.999985
      Vertex   -00079.999985,-00144.000015,+00039.999989
      Vertex   -00079.999985,-00176.000015,+00039.999985
   End Polygon
   Begin Polygon Item=Top Texture=cf_m_wd3 Flags=1073741824 Link=5
      Origin   -00079.999985,-00144.000015,+00039.999989
      Normal   +00000.000000,+00000.999512,+00000.031235
      TextureU +00000.999513,+00000.000975,-00000.031204
      TextureV -00000.031220,+00000.031220,-00000.999025
      Vertex   -00074.999985,-00149.000031,+00199.999985
      Vertex   -00052.999989,-00149.000015,+00199.999985
      Vertex   -00047.999989,-00144.000015,+00039.999989
      Vertex   -00079.999985,-00144.000015,+00039.999989
   End Polygon
   Begin Polygon Item=Top Texture=cf_m_wd3 Flags=1073741824 Link=6
      Origin   -00047.999989,-00144.000015,+00039.999989
      Normal   +00000.999512,-00000.000000,+00000.031235
      TextureU +00000.000975,-00000.999513,-00000.031204
      TextureV +00000.031219,+00000.031220,-00000.999025
      Vertex   -00052.999989,-00149.000015,+00199.999985
      Vertex   -00052.999985,-00171.000015,+00199.999985
      Vertex   -00047.999985,-00176.000015,+00039.999985
      Vertex   -00047.999989,-00144.000015,+00039.999989
   End Polygon
   Begin Polygon Item=Top Texture=cf_m_wd3 Flags=1073741824 Link=7
      Origin   -00047.999985,-00176.000015,+00039.999985
      Normal   +00000.000000,-00000.999512,+00000.031235
      TextureU -00000.999513,-00000.000975,-00000.031204
      TextureV +00000.031219,-00000.031219,-00000.999025
      Vertex   -00052.999985,-00171.000015,+00199.999985
      Vertex   -00074.999985,-00171.000031,+00199.999985
      Vertex   -00079.999985,-00176.000015,+00039.999985
      Vertex   -00047.999985,-00176.000015,+00039.999985
   End Polygon
   Begin Polygon Texture=cf_m_wd3 Flags=1073741824 Link=8
      Origin   -00767.999878,-01296.000122,+00199.999893
      Normal   +00000.000000,-00000.000000,+00001.000000
      TextureU -00000.000000,+00001.000000,+00000.000000
      TextureV -00001.000000,-00000.000000,-00000.000000
      Vertex   -00053.000015,+00170.999985,+00200.000015
      Vertex   -00075.000015,+00170.999969,+00200.000015
      Vertex   -00075.000015,+00148.999969,+00200.000015
      Vertex   -00053.000011,+00148.999985,+00200.000015
   End Polygon
   Begin Polygon Item=Top Texture=cf_m_wd3 Flags=1073741824 Link=9
      Origin   -00080.000015,+00143.999985,+00040.000011
      Normal   -00000.999512,+00000.000000,+00000.031235
      TextureU -00000.000975,+00000.999513,-00000.031204
      TextureV -00000.031220,-00000.031219,-00000.999025
      Vertex   -00075.000015,+00148.999969,+00200.000015
      Vertex   -00075.000015,+00170.999969,+00200.000015
      Vertex   -00080.000015,+00175.999985,+00040.000015
      Vertex   -00080.000015,+00143.999985,+00040.000011
   End Polygon
   Begin Polygon Item=Top Texture=cf_m_wd3 Flags=1073741824 Link=10
      Origin   -00080.000015,+00175.999985,+00040.000015
      Normal   +00000.000000,+00000.999512,+00000.031235
      TextureU +00000.999513,+00000.000975,-00000.031204
      TextureV -00000.031220,+00000.031220,-00000.999025
      Vertex   -00075.000015,+00170.999969,+00200.000015
      Vertex   -00053.000015,+00170.999985,+00200.000015
      Vertex   -00048.000015,+00175.999985,+00040.000015
      Vertex   -00080.000015,+00175.999985,+00040.000015
   End Polygon
   Begin Polygon Item=Top Texture=cf_m_wd3 Flags=1073741824 Link=11
      Origin   -00048.000015,+00175.999985,+00040.000015
      Normal   +00000.999512,-00000.000000,+00000.031235
      TextureU +00000.000975,-00000.999513,-00000.031204
      TextureV +00000.031219,+00000.031220,-00000.999025
      Vertex   -00053.000015,+00170.999985,+00200.000015
      Vertex   -00053.000011,+00148.999985,+00200.000015
      Vertex   -00048.000011,+00143.999985,+00040.000011
      Vertex   -00048.000015,+00175.999985,+00040.000015
   End Polygon
   Begin Polygon Item=Top Texture=cf_m_wd3 Flags=1073741824 Link=12
      Origin   +00095.999985,+00144.000000,+00040.000011
      Normal   +00000.000000,-00000.999512,+00000.031235
      TextureU -00000.999513,-00000.000975,-00000.031204
      TextureV +00000.031219,-00000.031219,-00000.999025
      Vertex   +00090.999985,+00148.999985,+00200.000015
      Vertex   +00068.999985,+00148.999985,+00200.000015
      Vertex   +00063.999989,+00144.000000,+00040.000011
      Vertex   +00095.999985,+00144.000000,+00040.000011
   End Polygon
   Begin Polygon Texture=cf_m_wd3 Flags=1073741824 Link=13
      Origin   -00623.999878,-01616.000122,+00199.999863
      Normal   +00000.000000,-00000.000000,+00001.000000
      TextureU -00000.000000,+00001.000000,+00000.000000
      TextureV -00001.000000,-00000.000000,-00000.000000
      Vertex   +00091.000015,-00149.000015,+00199.999985
      Vertex   +00069.000015,-00149.000015,+00199.999985
      Vertex   +00069.000015,-00171.000015,+00199.999985
      Vertex   +00091.000015,-00171.000015,+00199.999985
   End Polygon
   Begin Polygon Item=Top Texture=cf_m_wd3 Flags=1073741824 Link=14
      Origin   +00096.000015,-00176.000000,+00039.999985
      Normal   +00000.000000,-00000.999512,+00000.031235
      TextureU -00000.999513,-00000.000975,-00000.031204
      TextureV +00000.031219,-00000.031219,-00000.999025
      Vertex   +00091.000015,-00171.000015,+00199.999985
      Vertex   +00069.000015,-00171.000015,+00199.999985
      Vertex   +00064.000015,-00176.000000,+00039.999985
      Vertex   +00096.000015,-00176.000000,+00039.999985
   End Polygon
   Begin Polygon Item=Top Texture=cf_m_wd3 Flags=1073741824 Link=15
      Origin   +00064.000015,-00144.000000,+00039.999989
      Normal   +00000.000000,+00000.999512,+00000.031235
      TextureU +00000.999513,+00000.000975,-00000.031204
      TextureV -00000.031220,+00000.031220,-00000.999025
      Vertex   +00069.000015,-00149.000015,+00199.999985
      Vertex   +00091.000015,-00149.000015,+00199.999985
      Vertex   +00096.000015,-00144.000000,+00039.999989
      Vertex   +00064.000015,-00144.000000,+00039.999989
   End Polygon
   Begin Polygon Item=Top Texture=cf_m_wd3 Flags=1073741824 Link=16
      Origin   +00096.000015,-00144.000000,+00039.999989
      Normal   +00000.999512,-00000.000000,+00000.031235
      TextureU +00000.000975,-00000.999513,-00000.031204
      TextureV +00000.031219,+00000.031220,-00000.999025
      Vertex   +00091.000015,-00149.000015,+00199.999985
      Vertex   +00091.000015,-00171.000015,+00199.999985
      Vertex   +00096.000015,-00176.000000,+00039.999985
      Vertex   +00096.000015,-00144.000000,+00039.999989
   End Polygon
   Begin Polygon Texture=cf_m_wd3 Flags=1073741824 Link=17
      Origin   -00623.999878,-01296.000122,+00199.999893
      Normal   +00000.000000,-00000.000000,+00001.000000
      TextureU -00000.000000,+00001.000000,+00000.000000
      TextureV -00001.000000,-00000.000000,-00000.000000
      Vertex   +00090.999985,+00170.999985,+00200.000015
      Vertex   +00068.999985,+00170.999985,+00200.000015
      Vertex   +00068.999985,+00148.999985,+00200.000015
      Vertex   +00090.999985,+00148.999985,+00200.000015
   End Polygon
   Begin Polygon Item=Top Texture=cf_m_wd3 Flags=1073741824 Link=18
      Origin   +00095.999985,+00176.000000,+00040.000015
      Normal   +00000.999512,-00000.000000,+00000.031235
      TextureU +00000.000975,-00000.999513,-00000.031204
      TextureV +00000.031219,+00000.031220,-00000.999025
      Vertex   +00090.999985,+00170.999985,+00200.000015
      Vertex   +00090.999985,+00148.999985,+00200.000015
      Vertex   +00095.999985,+00144.000000,+00040.000011
      Vertex   +00095.999985,+00176.000000,+00040.000015
   End Polygon
   Begin Polygon Item=Top Texture=cf_m_wd3 Flags=1073741824 Link=19
      Origin   +00063.999985,+00176.000000,+00040.000015
      Normal   +00000.000000,+00000.999512,+00000.031235
      TextureU +00000.999513,+00000.000975,-00000.031204
      TextureV -00000.031220,+00000.031220,-00000.999025
      Vertex   +00068.999985,+00170.999985,+00200.000015
      Vertex   +00090.999985,+00170.999985,+00200.000015
      Vertex   +00095.999985,+00176.000000,+00040.000015
      Vertex   +00063.999985,+00176.000000,+00040.000015
   End Polygon
   Begin Polygon Item=Top Texture=cf_m_wd3 Flags=1073741824 Link=20
      Origin   +00063.999989,+00144.000000,+00040.000011
      Normal   -00000.999512,+00000.000000,+00000.031235
      TextureU -00000.000975,+00000.999513,-00000.031204
      TextureV -00000.031220,-00000.031219,-00000.999025
      Vertex   +00068.999985,+00148.999985,+00200.000015
      Vertex   +00068.999985,+00170.999985,+00200.000015
      Vertex   +00063.999985,+00176.000000,+00040.000015
      Vertex   +00063.999989,+00144.000000,+00040.000011
   End Polygon
   Begin Polygon Texture=cf_m_wd3 Flags=1073741824 Link=21
      Origin   -00103.999985,-00200.000000,-00184.000000
      Normal   +00000.000000,+00000.000000,-00001.000000
      TextureU +00001.000000,+00000.000000,+00000.000000
      TextureV +00000.000000,-00001.000000,-00000.000000
      Vertex   +00120.000015,-00199.999969,-00184.000000
      Vertex   -00103.999985,-00200.000000,-00184.000000
      Vertex   -00104.000015,+00200.000000,-00184.000000
      Vertex   +00119.999985,+00200.000031,-00184.000000
   End Polygon
   Begin Polygon Texture=cf_m_wd3 Flags=1073741824 Link=22
      Origin   -00104.000015,+00200.000000,-00168.000000
      Normal   +00000.000000,-00000.000000,+00001.000000
      TextureU +00001.000000,+00000.000000,+00000.000000
      TextureV -00000.000000,+00001.000000,+00000.000000
      Vertex   +00120.000015,-00199.999969,-00168.000000
      Vertex   +00120.000015,-00191.999969,-00168.000000
      Vertex   -00103.999985,-00191.999939,-00168.000000
      Vertex   -00103.999985,-00200.000000,-00168.000000
   End Polygon
   Begin Polygon Item=Top Texture=cf_m_wd3 Flags=1073741824 Link=23
      Origin   -00096.000015,+00192.000000,-00168.000015
      Normal   -00000.000000,+00000.998568,+00000.053495
      TextureU +00000.998572,+00000.002858,-00000.053342
      TextureV -00000.053418,+00000.053418,-00000.997142
      Vertex   -00084.857132,+00180.857162,+00040.000015
      Vertex   +00095.999985,+00180.857178,+00040.000015
      Vertex   +00095.999985,+00192.000031,-00167.999985
      Vertex   -00096.000015,+00192.000000,-00168.000015
   End Polygon
   Begin Polygon Item=Top Texture=cf_m_wd3 Flags=1073741824 Link=24
      Origin   +00288.000031,-00192.000015,-00167.999985
      Normal   -00000.000000,-00000.998568,+00000.053495
      TextureU -00000.998572,-00000.002857,-00000.053342
      TextureV +00000.053418,-00000.053418,-00000.997142
      Vertex   +00096.000015,-00191.999969,-00168.000015
      Vertex   +00096.000015,-00180.857147,+00039.999985
      Vertex   -00084.857162,-00180.857071,+00039.999985
      Vertex   -00096.000046,-00191.999939,-00168.000046
   End Polygon
   Begin Polygon Item=Top Texture=cf_m_wd3 Flags=1073741824 Link=25
      Origin   -00096.000046,-00191.999939,-00168.000046
      Normal   -00000.998568,+00000.000000,+00000.053495
      TextureU -00000.002858,+00000.998572,-00000.053342
      TextureV -00000.053418,-00000.053418,-00000.997142
      Vertex   -00096.000046,-00191.999939,-00168.000046
      Vertex   -00084.857162,-00180.857071,+00039.999985
      Vertex   -00084.857132,+00180.857162,+00040.000015
      Vertex   -00096.000015,+00192.000000,-00168.000015
   End Polygon
   Begin Polygon Item=Top Texture=cf_m_wd3 Flags=1073741824 Link=26
      Origin   +00112.000046,+00191.999969,-00168.000015
      Normal   +00000.998568,-00000.000000,+00000.053495
      TextureU +00000.002857,-00000.998572,-00000.053342
      TextureV +00000.053418,+00000.053418,-00000.997142
      Vertex   +00100.857132,-00180.857178,+00039.999985
      Vertex   +00112.000015,-00192.000000,-00168.000046
      Vertex   +00112.000046,+00191.999969,-00168.000015
      Vertex   +00100.857162,+00180.857056,+00040.000015
   End Polygon
   Begin Polygon Item=Top Texture=cf_m_wd3 Flags=1073741824 Link=27
      Origin   +00112.000015,-00192.000000,-00168.000046
      Normal   -00000.000000,-00000.998568,+00000.053495
      TextureU -00000.998572,-00000.002857,-00000.053342
      TextureV +00000.053418,-00000.053418,-00000.997142
      Vertex   +00100.857132,-00180.857178,+00039.999985
      Vertex   +00096.000015,-00180.857147,+00039.999985
      Vertex   +00096.000015,-00191.999969,-00168.000015
      Vertex   +00112.000015,-00192.000000,-00168.000046
   End Polygon
   Begin Polygon Item=Top Texture=cf_m_wd3 Flags=1073741824 Link=28
      Origin   -00272.000031,+00192.000046,-00167.999954
      Normal   -00000.000000,+00000.998568,+00000.053495
      TextureU +00000.998572,+00000.002858,-00000.053342
      TextureV -00000.053418,+00000.053418,-00000.997142
      Vertex   +00095.999985,+00180.857178,+00040.000015
      Vertex   +00100.857162,+00180.857056,+00040.000015
      Vertex   +00112.000046,+00191.999969,-00168.000015
      Vertex   +00095.999985,+00192.000031,-00167.999985
   End Polygon
   Begin Polygon Texture=cf_m_wd3 Flags=1073741824 Link=29
      Origin   -00104.000015,+00200.000000,-00184.000000
      Normal   -00000.000000,+00001.000000,+00000.000000
      TextureU +00001.000000,+00000.000000,+00000.000000
      TextureV +00000.000000,+00000.000000,-00001.000000
      Vertex   -00104.000015,+00200.000000,-00184.000000
      Vertex   -00104.000015,+00200.000000,-00168.000000
      Vertex   +00119.999985,+00200.000031,-00168.000000
      Vertex   +00119.999985,+00200.000031,-00184.000000
   End Polygon
   Begin Polygon Texture=cf_m_wd3 Flags=1073741824 Link=30
      Origin   +00119.999985,+00200.000031,-00184.000000
      Normal   +00001.000000,+00000.000000,+00000.000000
      TextureU +00000.000000,-00001.000000,-00000.000000
      TextureV +00000.000000,+00000.000000,-00001.000000
      Vertex   +00120.000015,-00199.999969,-00168.000000
      Vertex   +00120.000015,-00199.999969,-00184.000000
      Vertex   +00119.999985,+00200.000031,-00184.000000
      Vertex   +00119.999985,+00200.000031,-00168.000000
   End Polygon
   Begin Polygon Texture=cf_m_wd3 Flags=1073741824 Link=31
      Origin   +00120.000015,-00199.999969,-00184.000000
      Normal   +00000.000000,-00001.000000,-00000.000000
      TextureU -00001.000000,-00000.000000,-00000.000000
      TextureV +00000.000000,+00000.000000,-00001.000000
      Vertex   +00120.000015,-00199.999969,-00168.000000
      Vertex   -00103.999985,-00200.000000,-00168.000000
      Vertex   -00103.999985,-00200.000000,-00184.000000
      Vertex   +00120.000015,-00199.999969,-00184.000000
   End Polygon
   Begin Polygon Texture=cf_m_wd3 Flags=1073741824 Link=32
      Origin   -00103.999985,-00200.000000,-00184.000000
      Normal   -00001.000000,-00000.000000,-00000.000000
      TextureU -00000.000000,+00001.000000,+00000.000000
      TextureV +00000.000000,+00000.000000,-00001.000000
      Vertex   -00103.999985,-00200.000000,-00184.000000
      Vertex   -00103.999985,-00200.000000,-00168.000000
      Vertex   -00104.000015,+00200.000000,-00168.000000
      Vertex   -00104.000015,+00200.000000,-00184.000000
   End Polygon
   Begin Polygon Texture=cf_m_wd3 Flags=1073741824 Link=22
      Origin   -00104.000015,+00200.000000,-00168.000000
      Normal   +00000.000000,-00000.000000,+00001.000000
      TextureU +00001.000000,+00000.000000,+00000.000000
      TextureV -00000.000000,+00001.000000,+00000.000000
      Vertex   +00112.000015,-00192.000000,-00168.000046
      Vertex   +00120.000015,-00191.999969,-00168.000000
      Vertex   +00119.999985,+00192.000031,-00168.000000
      Vertex   +00112.000046,+00191.999969,-00168.000015
   End Polygon
   Begin Polygon Texture=cf_m_wd3 Flags=1073741824 Link=22
      Origin   -00104.000015,+00200.000000,-00168.000000
      Normal   +00000.000000,-00000.000000,+00001.000000
      TextureU +00001.000000,+00000.000000,+00000.000000
      TextureV -00000.000000,+00001.000000,+00000.000000
      Vertex   -00103.999985,-00191.999939,-00168.000000
      Vertex   -00096.000046,-00191.999939,-00168.000046
      Vertex   -00096.000015,+00192.000000,-00168.000015
      Vertex   -00104.000015,+00192.000000,-00168.000000
   End Polygon
   Begin Polygon Texture=cf_m_wd3 Flags=1073741824 Link=22
      Origin   -00104.000015,+00200.000000,-00168.000000
      Normal   +00000.000000,-00000.000000,+00001.000000
      TextureU +00001.000000,+00000.000000,+00000.000000
      TextureV -00000.000000,+00001.000000,+00000.000000
      Vertex   -00104.000015,+00200.000000,-00168.000000
      Vertex   -00104.000015,+00192.000000,-00168.000000
      Vertex   +00119.999985,+00192.000031,-00168.000000
      Vertex   +00119.999985,+00200.000031,-00168.000000
   End Polygon
   Begin Polygon Texture=cf_m_wd3 Flags=1073741824 Link=36
      Origin   -01951.999878,-00880.000183,+00039.999924
      Normal   +00000.000000,-00000.000000,+00001.000000
      TextureU -00000.000000,+00001.000000,+00000.000000
      TextureV -00001.000000,-00000.000000,-00000.000000
      Vertex   +00096.000015,-00180.857147,+00039.999985
      Vertex   +00096.000015,-00176.000000,+00039.999985
      Vertex   -00084.857162,-00176.000015,+00039.999985
      Vertex   -00084.857162,-00180.857071,+00039.999985
   End Polygon
   Begin Polygon Texture=cf_m_wd3 Flags=1073741824 Link=36
      Origin   -01951.999878,-00880.000183,+00039.999924
      Normal   +00000.000000,-00000.000000,+00001.000000
      TextureU -00000.000000,+00001.000000,+00000.000000
      TextureV -00001.000000,-00000.000000,-00000.000000
      Vertex   +00096.000015,-00144.000000,+00039.999989
      Vertex   +00096.000008,-00127.999992,+00039.999989
      Vertex   -00079.999992,-00128.000015,+00039.999989
      Vertex   -00079.999985,-00144.000015,+00039.999989
   End Polygon
   Begin Polygon Texture=cf_m_wd3 Flags=1073741824 Link=36
      Origin   -01951.999878,-00880.000183,+00039.999924
      Normal   +00000.000000,-00000.000000,+00001.000000
      TextureU -00000.000000,+00001.000000,+00000.000000
      TextureV -00001.000000,-00000.000000,-00000.000000
      Vertex   -00079.999985,-00176.000015,+00039.999985
      Vertex   -00079.999992,-00128.000015,+00039.999989
      Vertex   -00084.857170,-00128.000015,+00039.999989
      Vertex   -00084.857162,-00176.000015,+00039.999985
   End Polygon
   Begin Polygon Texture=cf_m_wd3 Flags=1073741824 Link=36
      Origin   -01951.999878,-00880.000183,+00039.999924
      Normal   +00000.000000,-00000.000000,+00001.000000
      TextureU -00000.000000,+00001.000000,+00000.000000
      TextureV -00001.000000,-00000.000000,-00000.000000
      Vertex   -00047.999989,-00144.000015,+00039.999989
      Vertex   -00047.999985,-00176.000015,+00039.999985
      Vertex   +00064.000015,-00176.000000,+00039.999985
      Vertex   +00064.000015,-00144.000000,+00039.999989
   End Polygon
   Begin Polygon Texture=cf_m_wd3 Flags=1073741824 Link=36
      Origin   -01951.999878,-00880.000183,+00039.999924
      Normal   +00000.000000,-00000.000000,+00001.000000
      TextureU -00000.000000,+00001.000000,+00000.000000
      TextureV -00001.000000,-00000.000000,-00000.000000
      Vertex   -00084.857170,-00128.000015,+00039.999989
      Vertex   +00096.000008,-00127.999992,+00039.999989
      Vertex   +00095.999985,+00144.000000,+00040.000011
      Vertex   -00084.857193,+00143.999985,+00040.000011
   End Polygon
   Begin Polygon Texture=cf_m_wd3 Flags=1073741824 Link=36
      Origin   -01951.999878,-00880.000183,+00039.999924
      Normal   +00000.000000,-00000.000000,+00001.000000
      TextureU -00000.000000,+00001.000000,+00000.000000
      TextureV -00001.000000,-00000.000000,-00000.000000
      Vertex   +00095.999985,+00176.000000,+00040.000015
      Vertex   +00095.999985,+00180.857178,+00040.000015
      Vertex   -00084.857132,+00180.857162,+00040.000015
      Vertex   -00084.857193,+00175.999985,+00040.000015
   End Polygon
   Begin Polygon Texture=cf_m_wd3 Flags=1073741824 Link=36
      Origin   -01951.999878,-00880.000183,+00039.999924
      Normal   +00000.000000,-00000.000000,+00001.000000
      TextureU -00000.000000,+00001.000000,+00000.000000
      TextureV -00001.000000,-00000.000000,-00000.000000
      Vertex   -00080.000015,+00143.999985,+00040.000011
      Vertex   -00080.000015,+00175.999985,+00040.000015
      Vertex   -00084.857193,+00175.999985,+00040.000015
      Vertex   -00084.857193,+00143.999985,+00040.000011
   End Polygon
   Begin Polygon Texture=cf_m_wd3 Flags=1073741824 Link=36
      Origin   -01951.999878,-00880.000183,+00039.999924
      Normal   +00000.000000,-00000.000000,+00001.000000
      TextureU -00000.000000,+00001.000000,+00000.000000
      TextureV -00001.000000,-00000.000000,-00000.000000
      Vertex   -00048.000011,+00143.999985,+00040.000011
      Vertex   +00063.999989,+00144.000000,+00040.000011
      Vertex   +00063.999985,+00176.000000,+00040.000015
      Vertex   -00048.000015,+00175.999985,+00040.000015
   End Polygon
End PolyList
