Begin PolyList
   Begin Polygon Item=OUTSIDE Flags=-1073741824 Link=0
      Origin   -00512.000000,-00170.000000,+00175.000000
      Normal   +00000.000000,+00000.000000,+00001.000000
      TextureU +00000.000000,+00001.000000,+00000.000000
      TextureV -00001.000000,+00000.000000,+00000.000000
      Vertex   +00375.843750,-00000.000488,+00175.000000
      Vertex   +00381.999512,-00002.000488,+00175.000000
      Vertex   +00388.155029,-00000.000488,+00175.000000
      Vertex   +00381.999512,+00001.999512,+00175.000000
   End Polygon
   Begin Polygon Item=2DLoftSIDE Texture=OL_Tredtrac Flags=1082130432 Link=1
      Origin   -00385.999512,+00159.999023,-00017.000000
      Normal   -00001.000000,+00000.000000,-00000.000000
      TextureU +00000.000000,-00001.000000,+00000.000000
      TextureV +00000.000000,+00000.000000,-00001.000000
      Vertex   -00385.999512,+00159.999023,+00155.000000
      Vertex   -00385.999512,+00159.999023,+00123.000000
      Vertex   -00385.999512,+00095.999023,+00123.000000
      Vertex   -00385.999512,+00095.999023,+00155.000000
   End Polygon
   Begin Polygon Item=2DLoftTOP Texture=ClenMedmWalnt_A Flags=1073741824 Link=2
      Origin   +00078.000000,-00007.999512,+00095.000000
      Normal   +00000.000000,+00000.000000,-00001.000000
      TextureU -00000.707107,+00000.707107,-00000.000000
      TextureV +00000.707107,+00000.707107,-00000.000001
      Vertex   +00078.000000,-00007.999512,+00095.000000
      Vertex   +00062.000000,-00023.999512,+00095.000000
      Vertex   +00046.000000,-00023.999512,+00095.000000
      Vertex   +00030.000000,-00007.999512,+00095.000000
      Vertex   +00030.000000,+00008.000488,+00095.000000
      Vertex   +00046.000000,+00024.000488,+00095.000000
      Vertex   +00062.000000,+00024.000488,+00095.000000
      Vertex   +00078.000000,+00008.000488,+00095.000000
   End Polygon
   Begin Polygon Item=OUTSIDE Texture=OL_Tunlrbody Flags=1082130432 Link=3
      Origin   -03494.000000,-06048.000000,+00047.000000
      Normal   -00000.000000,+00000.000000,+00001.000000
      TextureU +00000.000000,+00002.000000,+00000.000000
      TextureV +00002.000000,+00000.000000,+00000.000000
      Vertex   +00094.000488,-00052.000000,+00047.000000
      Vertex   +00094.000000,-00056.205078,+00047.000000
      Vertex   +00094.000488,-00128.333008,+00047.000000
      Vertex   +00218.000244,-00089.259766,+00047.000000
      Vertex   +00222.000000,-00088.000977,+00047.000000
      Vertex   +00222.000488,-00052.000000,+00047.000000
   End Polygon
   Begin Polygon Item=OUTSIDE Texture=OL_Tunlrbody Flags=1082130432 Link=4
      Origin   +00349.998779,-06048.000000,-00017.000610
      Normal   +00000.447214,+00000.000000,+00000.894427
      TextureU +00000.000000,-00001.000000,+00000.000000
      TextureV -00000.894427,+00000.000000,+00000.447214
      Vertex   +00126.000488,-00052.000000,+00095.000000
      Vertex   +00158.000244,-00052.000000,+00079.000122
      Vertex   +00158.000244,+00056.000000,+00079.000122
      Vertex   +00126.000488,+00056.000000,+00095.000000
   End Polygon
   Begin Polygon Item=OUTSIDE Texture=OL_Tunlrbody Flags=1082130432 Link=5
      Origin   +00246.000000,+00024.000488,-00017.000000
      Normal   +00000.000000,+00001.000000,+00000.000000
      TextureU +00001.000000,+00000.000000,+00000.000000
      TextureV -00000.000000,+00000.000000,+00001.000000
      Vertex   +00206.000000,+00024.000488,+00055.000000
      Vertex   +00158.000000,+00024.000488,+00079.000000
      Vertex   +00230.000000,+00024.000488,+00131.000000
      Vertex   +00238.000000,+00024.000488,+00111.000000
   End Polygon
   Begin Polygon Item=OUTSIDE Texture=OL_Tunlrbody Flags=1082130432 Link=6
      Origin   +00025.074219,-06048.000000,-00017.001953
      Normal   -00000.585491,-00000.000000,+00000.810679
      TextureU +00000.000000,+00001.000000,+00000.000000
      TextureV +00000.810679,+00000.000000,+00000.585491
      Vertex   +00158.000000,+00024.000488,+00079.000000
      Vertex   +00158.000000,-00023.999512,+00079.000000
      Vertex   +00230.000000,-00023.999512,+00131.000000
      Vertex   +00230.000000,+00024.000488,+00131.000000
   End Polygon
   Begin Polygon Item=OUTSIDE Texture=OL_Tunlrbody Flags=1082130432 Link=7
      Origin   +00182.000000,-00023.999512,-00017.000000
      Normal   +00000.000000,-00001.000000,+00000.000000
      TextureU -00001.000000,+00000.000000,-00000.000000
      TextureV -00000.000000,+00000.000000,+00001.000000
      Vertex   +00158.000000,-00023.999512,+00079.000000
      Vertex   +00206.000000,-00023.999512,+00055.000000
      Vertex   +00238.000000,-00023.999512,+00111.000000
      Vertex   +00230.000000,-00023.999512,+00131.000000
   End Polygon
   Begin Polygon Item=OUTSIDE Texture=OL_TunlrDetl_C Flags=1082130432 Link=8
      Origin   +00164.857178,-06048.000000,-00017.000000
      Normal   +00000.868243,+00000.000000,-00000.496139
      Pan      U=-9 V=-8
      TextureU +00000.000000,-00000.800000,+00000.000000
      TextureV +00000.451035,+00000.000000,+00000.789312
      Vertex   +00206.000000,-00023.999512,+00055.000000
      Vertex   +00206.000000,+00024.000488,+00055.000000
      Vertex   +00238.000000,+00024.000488,+00111.000000
      Vertex   +00238.000000,-00023.999512,+00111.000000
   End Polygon
   Begin Polygon Item=OUTSIDE Texture=ClenMedmWalnt_A Flags=1073741824 Link=9
      Origin   +00094.000488,+00056.000000,+00095.000000
      Normal   -00001.000000,+00000.000000,-00000.000000
      TextureU +00000.000000,-00001.000000,+00000.000000
      TextureV -00000.000000,+00000.000000,+00001.000000
      Vertex   +00094.000488,-00052.000000,+00047.000000
      Vertex   +00094.000488,-00052.000000,+00095.000000
      Vertex   +00094.000488,+00056.000000,+00095.000000
      Vertex   +00094.000488,+00056.000000,+00047.000000
   End Polygon
   Begin Polygon Item=2DLoftSIDE Texture=OL_Tunlrside_A Flags=1082130464 Link=10
      Origin   -03494.000000,-00155.111816,-00017.001343
      Normal   +00000.000000,-00000.853282,+00000.521450
      Pan      U=132 V=46
      TextureU -00001.250000,-00000.000000,-00000.000000
      TextureV -00000.000000,+00000.579389,+00000.948091
      Vertex   +00094.000000,-00116.000000,+00047.000000
      Vertex   +00094.000000,-00086.666504,+00095.000000
      Vertex   -00322.000000,-00086.666504,+00095.000000
      Vertex   -00322.000000,-00116.000000,+00047.000000
   End Polygon
   Begin Polygon Item=2DLoftSIDE Texture=OL_Tunlrside_A Flags=1082130464 Link=11
      Origin   -03494.000000,+00157.777344,-00016.998657
      Normal   -00000.000000,+00000.853282,+00000.521450
      Pan      U=131 V=-9
      TextureU +00001.250000,+00000.000000,+00000.000000
      TextureV -00000.000000,-00000.521450,+00000.853282
      Vertex   +00094.000000,+00089.333496,+00095.000000
      Vertex   +00094.000000,+00118.666992,+00047.000000
      Vertex   -00322.000000,+00118.666992,+00047.000000
      Vertex   -00322.000000,+00089.333496,+00095.000000
   End Polygon
   Begin Polygon Item=2DLoftTOP Texture=OL_Tunlrback Flags=1082130464 Link=12
      Origin   -00322.000000,-00116.000000,-00017.000000
      Normal   -00001.000000,+00000.000000,-00000.000000
      Pan      U=-12 V=-143
      TextureU +00000.000000,-00001.000000,+00000.000000
      TextureV -00000.000000,+00000.000000,+00001.000000
      Vertex   -00322.000000,-00116.000000,+00047.000000
      Vertex   -00322.000000,-00086.666504,+00095.000000
      Vertex   -00322.000000,+00089.333496,+00095.000000
      Vertex   -00322.000000,+00118.666992,+00047.000000
      Vertex   -00322.000000,+00118.666992,-00033.000000
      Vertex   -00322.000000,+00089.333496,-00081.000000
      Vertex   -00322.000000,+00045.333496,-00113.000000
      Vertex   -00322.000000,-00042.666504,-00113.000000
      Vertex   -00322.000000,-00086.666504,-00081.000000
      Vertex   -00322.000000,-00116.000000,-00033.000000
   End Polygon
   Begin Polygon Item=OUTSIDE Texture=OL_Tunlrbody Flags=1082130432 Link=13
      Origin   +00222.000488,+00056.000000,-00017.000000
      Normal   +00000.000000,+00001.000000,+00000.000000
      TextureU +00001.000000,+00000.000000,+00000.000000
      TextureV -00000.000000,+00000.000000,+00001.000000
      Vertex   +00094.000488,+00056.000000,+00047.000000
      Vertex   +00094.000488,+00056.000000,+00095.000000
      Vertex   +00126.000488,+00056.000000,+00095.000000
      Vertex   +00222.000488,+00056.000000,+00047.000000
   End Polygon
   Begin Polygon Item=OUTSIDE Texture=OL_Tunlrbasa Flags=1082130432 Link=14
      Origin   +00094.000488,-00052.000000,-00017.000000
      Normal   +00000.000000,-00001.000000,+00000.000000
      Pan      U=64 V=-25
      TextureU +00000.666667,+00000.000000,+00000.000000
      TextureV -00000.000000,+00000.000000,+00000.833333
      Vertex   +00126.000488,-00052.000000,+00095.000000
      Vertex   +00094.000488,-00052.000000,+00095.000000
      Vertex   +00094.000488,-00052.000000,+00047.000000
      Vertex   +00222.000488,-00052.000000,+00047.000000
   End Polygon
   Begin Polygon Item=2DLoftEND Texture=OL_Tunlrbody Flags=1082130464 Link=15
      Origin   +00094.000000,-00116.000000,-00017.000000
      Normal   +00001.000000,+00000.000000,+00000.000000
      Pan      U=0 V=-2
      TextureU +00000.000000,-00001.000000,+00000.000000
      TextureV -00000.000000,+00000.000000,+00001.000000
      Vertex   +00094.000000,-00086.666504,+00095.000000
      Vertex   +00094.000000,-00116.000000,+00047.000000
      Vertex   +00094.000488,-00052.000000,+00047.000000
      Vertex   +00094.000488,-00052.000000,+00095.000000
   End Polygon
   Begin Polygon Item=2DLoftEND Texture=OL_Tunlrbody Flags=1082130464 Link=15
      Origin   +00094.000000,-00116.000000,-00017.000000
      Normal   +00001.000000,+00000.000000,+00000.000000
      Pan      U=0 V=-2
      TextureU +00000.000000,-00001.000000,+00000.000000
      TextureV -00000.000000,+00000.000000,+00001.000000
      Vertex   +00094.000000,+00118.666992,+00047.000000
      Vertex   +00094.000000,+00089.333496,+00095.000000
      Vertex   +00094.000488,+00056.000000,+00095.000000
      Vertex   +00094.000488,+00056.000000,+00047.000000
   End Polygon
   Begin Polygon Item=OUTSIDE Texture=OL_Tunlrbody Flags=1082130432 Link=4
      Origin   +00349.998779,-06048.000000,-00017.000610
      Normal   +00000.447214,+00000.000000,+00000.894427
      TextureU +00000.000000,-00001.000000,+00000.000000
      TextureV -00000.894427,+00000.000000,+00000.447214
      Vertex   +00206.000244,+00056.000000,+00055.000122
      Vertex   +00206.000244,-00052.000000,+00055.000122
      Vertex   +00222.000488,-00052.000000,+00047.000000
      Vertex   +00222.000488,+00056.000000,+00047.000000
   End Polygon
   Begin Polygon Item=OUTSIDE Texture=OL_Tunlrbody Flags=1082130432 Link=4
      Origin   +00349.998779,-06048.000000,-00017.000610
      Normal   +00000.447214,+00000.000000,+00000.894427
      TextureU +00000.000000,-00001.000000,+00000.000000
      TextureV -00000.894427,+00000.000000,+00000.447214
      Vertex   +00158.000000,-00023.999512,+00079.000000
      Vertex   +00158.000244,-00052.000000,+00079.000122
      Vertex   +00206.000244,-00052.000000,+00055.000122
      Vertex   +00206.000000,-00023.999512,+00055.000000
   End Polygon
   Begin Polygon Item=OUTSIDE Texture=OL_Tunlrbody Flags=1082130432 Link=4
      Origin   +00349.998779,-06048.000000,-00017.000610
      Normal   +00000.447214,+00000.000000,+00000.894427
      TextureU +00000.000000,-00001.000000,+00000.000000
      TextureV -00000.894427,+00000.000000,+00000.447214
      Vertex   +00158.000000,+00024.000488,+00079.000000
      Vertex   +00206.000000,+00024.000488,+00055.000000
      Vertex   +00206.000244,+00056.000000,+00055.000122
      Vertex   +00158.000244,+00056.000000,+00079.000122
   End Polygon
   Begin Polygon Item=OUTSIDE Texture=OL_Tunlrbody Flags=1082130432 Link=20
      Origin   -03494.000000,-06048.000000,-01010.000122
      Normal   +00000.242536,+00000.000000,-00000.970142
      TextureU +00000.000000,+00002.000000,+00000.000000
      TextureV +00001.940285,+00000.000000,+00000.485071
      Vertex   +00218.000000,-00089.260254,-00082.000122
      Vertex   +00094.000488,-00128.333008,-00113.000000
      Vertex   +00094.000488,+00128.333984,-00113.000000
      Vertex   +00222.000000,+00088.000488,-00081.000000
      Vertex   +00222.000000,-00088.000977,-00081.000000
   End Polygon
   Begin Polygon Item=OUTSIDE Texture=OL_Tunlrbody Flags=1082130432 Link=21
      Origin   +00094.000488,+00088.000488,-00017.000000
      Normal   -00001.000000,+00000.000000,-00000.000000
      TextureU +00000.000000,+00002.000000,+00000.000000
      TextureV -00000.000000,+00000.000000,+00002.000000
      Vertex   +00094.000488,-00128.333008,+00047.000000
      Vertex   +00094.000488,+00128.333984,+00047.000000
      Vertex   +00094.000488,+00128.333984,-00113.000000
      Vertex   +00094.000488,-00128.333008,-00113.000000
   End Polygon
   Begin Polygon Item=2DLoftSIDE Texture=OL_Tunlrside_B Flags=1082130464 Link=22
      Origin   -00322.000000,-00116.000000,-00017.000000
      Normal   +00000.000000,-00001.000000,+00000.000000
      Pan      U=7 V=-72
      TextureU -00001.250000,-00000.000000,-00000.000000
      TextureV -00000.000000,+00000.000000,+00001.111111
      Vertex   +00094.000000,-00116.000000,-00033.000000
      Vertex   +00094.000000,-00116.000000,+00047.000000
      Vertex   -00322.000000,-00116.000000,+00047.000000
      Vertex   -00322.000000,-00116.000000,-00033.000000
   End Polygon
   Begin Polygon Item=2DLoftSIDE Texture=OL_Tunlrbody Flags=1082130464 Link=23
      Origin   -03494.000000,-00125.778320,-00016.998657
      Normal   +00000.000000,-00000.853282,-00000.521450
      TextureU -00001.000000,+00000.000000,-00000.000000
      TextureV -00000.000000,-00000.521450,+00000.853282
      Vertex   +00094.000000,-00086.666504,-00081.000000
      Vertex   +00094.000000,-00116.000000,-00033.000000
      Vertex   -00322.000000,-00116.000000,-00033.000000
      Vertex   -00322.000000,-00086.666504,-00081.000000
   End Polygon
   Begin Polygon Item=2DLoftSIDE Texture=OL_Tunlrside_B Flags=1082130464 Link=24
      Origin   -00322.000000,+00118.666992,-00017.000000
      Normal   +00000.000000,+00001.000000,+00000.000000
      Pan      U=0 V=63
      TextureU +00001.250000,+00000.000000,+00000.000000
      TextureV -00000.000000,+00000.000000,+00001.000000
      Vertex   +00094.000000,+00118.666992,+00047.000000
      Vertex   +00094.000000,+00118.666992,-00033.000000
      Vertex   -00322.000000,+00118.666992,-00033.000000
      Vertex   -00322.000000,+00118.666992,+00047.000000
   End Polygon
   Begin Polygon Item=2DLoftSIDE Texture=OL_Tunlrbody Flags=1082130464 Link=25
      Origin   -03494.000000,+00128.443848,-00017.001465
      Normal   -00000.000000,+00000.853282,-00000.521450
      TextureU +00001.000000,+00000.000000,+00000.000000
      TextureV -00000.000000,+00000.521450,+00000.853282
      Vertex   +00094.000000,+00118.666992,-00033.000000
      Vertex   +00094.000000,+00089.333496,-00081.000000
      Vertex   -00322.000000,+00089.333496,-00081.000000
      Vertex   -00322.000000,+00118.666992,-00033.000000
   End Polygon
   Begin Polygon Item=2DLoftSIDE Texture=OL_Tunlrbody Flags=1082130464 Link=26
      Origin   -03494.000000,+00177.330078,-00017.002563
      Normal   +00000.000000,+00000.588172,-00000.808736
      TextureU +00001.000000,+00000.000000,+00000.000000
      TextureV -00000.000000,+00000.808736,+00000.588172
      Vertex   +00094.000000,+00089.333496,-00081.000000
      Vertex   +00094.000000,+00045.333496,-00113.000000
      Vertex   -00322.000000,+00045.333496,-00113.000000
      Vertex   -00322.000000,+00089.333496,-00081.000000
   End Polygon
   Begin Polygon Item=2DLoftSIDE Texture=OL_Tunlrbody Flags=1082130464 Link=27
      Origin   -03494.000000,-06048.000000,-00113.000000
      Normal   +00000.000000,+00000.000000,-00001.000000
      TextureU +00000.000000,+00001.000000,+00000.000000
      TextureV +00001.000000,+00000.000000,+00000.000000
      Vertex   +00094.000000,+00045.333496,-00113.000000
      Vertex   +00094.000000,-00042.666504,-00113.000000
      Vertex   -00322.000000,-00042.666504,-00113.000000
      Vertex   -00322.000000,+00045.333496,-00113.000000
   End Polygon
   Begin Polygon Item=2DLoftSIDE Texture=OL_Tunlrbody Flags=1082130464 Link=28
      Origin   -03494.000000,-00174.666504,-00017.000000
      Normal   +00000.000000,-00000.588172,-00000.808736
      TextureU -00001.000000,+00000.000000,-00000.000000
      TextureV +00000.000000,-00000.808736,+00000.588172
      Vertex   +00094.000000,-00042.666504,-00113.000000
      Vertex   +00094.000000,-00086.666504,-00081.000000
      Vertex   -00322.000000,-00086.666504,-00081.000000
      Vertex   -00322.000000,-00042.666504,-00113.000000
   End Polygon
   Begin Polygon Item=OUTSIDE Texture=OL_Tunlrdoor Flags=1082130432 Link=29
      Origin   +00105.561768,-00124.689941,-00017.000000
      Normal   +00000.300537,-00000.953770,+00000.000000
      Pan      U=5 V=-56
      TextureU +00000.953770,+00000.300537,+00000.000000
      TextureV -00000.000000,+00000.000000,+00000.909091
      Vertex   +00094.000488,-00128.333008,+00047.000000
      Vertex   +00094.000488,-00128.333008,-00113.000000
      Vertex   +00222.000000,-00088.000977,-00081.000000
      Vertex   +00222.000000,-00088.000977,+00047.000000
   End Polygon
   Begin Polygon Item=OUTSIDE Texture=OL_Tunlrdoor Flags=1082130432 Link=30
      Origin   +00222.000000,+00088.000488,-00017.000000
      Normal   +00000.300537,+00000.953770,+00000.000000
      Pan      U=-1 V=-52
      TextureU +00000.953770,-00000.300537,+00000.000000
      TextureV -00000.000000,+00000.000000,+00000.909091
      Vertex   +00094.000488,+00128.333984,-00113.000000
      Vertex   +00094.000488,+00128.333984,+00047.000000
      Vertex   +00222.000000,+00088.000488,+00047.000000
      Vertex   +00222.000000,+00088.000488,-00081.000000
   End Polygon
   Begin Polygon Item=OUTSIDE Texture=OL_Tunlrbody Flags=1082130432 Link=3
      Origin   -03494.000000,-06048.000000,+00047.000000
      Normal   -00000.000000,+00000.000000,+00001.000000
      TextureU +00000.000000,+00002.000000,+00000.000000
      TextureV +00002.000000,+00000.000000,+00000.000000
      Vertex   +00094.000488,+00128.333984,+00047.000000
      Vertex   +00094.000488,+00122.182129,+00047.000000
      Vertex   +00094.000000,+00118.666992,+00047.000000
      Vertex   +00094.000488,+00056.000000,+00047.000000
      Vertex   +00222.000488,+00056.000000,+00047.000000
      Vertex   +00222.000000,+00088.000488,+00047.000000
   End Polygon
   Begin Polygon Item=2DLoftSIDE Texture=OL_Tredtrac Flags=1082130432 Link=32
      Origin   +00074.000000,-06048.000000,-00017.000000
      Normal   -00000.707107,+00000.000000,-00000.707107
      TextureU +00000.000000,-00001.000000,+00000.000000
      TextureV +00000.707107,+00000.000000,-00000.707107
      Vertex   -00050.000000,+00160.000000,+00107.000000
      Vertex   -00050.000000,+00096.000000,+00107.000000
      Vertex   -00066.000000,+00096.000000,+00123.000000
      Vertex   -00066.000000,+00160.000000,+00123.000000
   End Polygon
   Begin Polygon Item=2DLoftEND Texture=OL_Tredwheel1 Flags=1082130432 Link=33
      Origin   -00161.999512,+00095.999023,-00017.000000
      Normal   +00000.000000,-00001.000000,+00000.000000
      Pan      U=18 V=0
      TextureU -00001.052632,-00000.000000,-00000.000000
      TextureV -00000.000000,+00000.000000,+00001.000000
      Vertex   -00145.999512,+00095.999023,+00123.000000
      Vertex   -00145.999512,+00095.999023,+00155.000000
      Vertex   -00161.999512,+00095.999023,+00171.000000
      Vertex   -00369.999512,+00095.999023,+00171.000000
      Vertex   -00385.999512,+00095.999023,+00155.000000
      Vertex   -00385.999512,+00095.999023,+00123.000000
      Vertex   -00369.999512,+00095.999023,+00107.000000
      Vertex   -00161.999512,+00095.999023,+00107.000000
   End Polygon
   Begin Polygon Item=2DLoftTOP Texture=OL_Tredwheel1 Flags=1082130432 Link=34
      Origin   -00370.000000,-00095.999023,-00017.000000
      Normal   +00000.000000,+00001.000000,+00000.000000
      Pan      U=19 V=0
      TextureU +00001.052632,+00000.000000,+00000.000000
      TextureV -00000.000000,+00000.000000,+00001.000000
      Vertex   -00386.000000,-00095.999023,+00123.000000
      Vertex   -00386.000000,-00095.999023,+00155.000000
      Vertex   -00370.000000,-00095.999023,+00171.000000
      Vertex   -00162.000000,-00095.999023,+00171.000000
      Vertex   -00146.000000,-00095.999023,+00155.000000
      Vertex   -00146.000000,-00095.999023,+00123.000000
      Vertex   -00162.000000,-00095.999023,+00107.000000
      Vertex   -00370.000000,-00095.999023,+00107.000000
   End Polygon
   Begin Polygon Item=2DLoftEND Texture=ClenMedmWalnt_A Flags=1073741824 Link=35
      Origin   -00242.000000,+00008.000000,+00111.000122
      Normal   -00000.000000,+00000.000000,+00001.000000
      TextureU +00000.894427,-00000.447214,+00000.000000
      TextureV +00000.447214,+00000.894427,+00000.000000
      Vertex   -00274.000000,-00024.000000,+00111.000122
      Vertex   -00258.000000,-00024.000000,+00111.000122
      Vertex   -00242.000000,-00008.000000,+00111.000122
      Vertex   -00242.000000,+00008.000000,+00111.000122
      Vertex   -00258.000000,+00024.000000,+00111.000122
      Vertex   -00274.000000,+00024.000000,+00111.000122
      Vertex   -00290.000000,+00008.000000,+00111.000122
      Vertex   -00290.000000,-00008.000000,+00111.000122
   End Polygon
   Begin Polygon Item=OUTSIDE Texture=OL_Tunlrbody Flags=1082130464 Link=36
      Origin   -03494.000000,-06048.000000,+00143.000122
      Normal   -00000.000000,+00000.000000,+00001.000000
      TextureU +00000.000000,+00002.000000,+00000.000000
      TextureV +00002.000000,+00000.000000,+00000.000000
      Vertex   -00322.000488,+00095.999023,+00143.000122
      Vertex   -00322.000488,-00096.000977,+00143.000122
      Vertex   -00210.000488,-00096.000977,+00143.000122
      Vertex   -00210.000488,+00095.999023,+00143.000122
   End Polygon
   Begin Polygon Item=OUTSIDE Texture=OL_Tunlrbasc Flags=1082130464 Link=37
      Origin   -00322.000488,+00095.999023,-00017.000000
      Normal   -00001.000000,+00000.000000,-00000.000000
      Pan      U=-162 V=0
      TextureU +00000.000000,+00001.000000,+00000.000000
      TextureV -00000.000000,+00000.000000,+00001.000000
      Vertex   -00322.000488,+00095.999023,+00143.000122
      Vertex   -00322.000488,+00095.999023,+00110.999878
      Vertex   -00322.000488,-00096.000977,+00110.999878
      Vertex   -00322.000488,-00096.000977,+00143.000122
   End Polygon
   Begin Polygon Item=OUTSIDE Texture=OL_Tunlrbasc Flags=1082130464 Link=38
      Origin   -00210.000488,-00096.000977,-00017.000000
      Normal   +00001.000000,+00000.000000,+00000.000000
      Pan      U=-162 V=0
      TextureU +00000.000000,-00001.000000,+00000.000000
      TextureV -00000.000000,+00000.000000,+00001.000000
      Vertex   -00210.000488,-00096.000977,+00143.000122
      Vertex   -00210.000488,-00096.000977,+00110.999878
      Vertex   -00210.000488,+00095.999023,+00110.999878
      Vertex   -00210.000488,+00095.999023,+00143.000122
   End Polygon
   Begin Polygon Item=2DLoftSIDE Texture=ShipGrayMetal_A Flags=1082130432 Link=39
      Origin   -00242.000000,-00008.000000,-00017.000000
      Normal   +00000.707107,-00000.707107,+00000.000000
      TextureU -00001.414216,-00001.414211,-00000.000000
      TextureV -00000.000000,+00000.000000,+00002.000000
      Vertex   -00242.000000,-00008.000000,+00111.000122
      Vertex   -00258.000000,-00024.000000,+00111.000122
      Vertex   -00258.000000,-00024.000000,+00095.000000
      Vertex   -00242.000000,-00008.000000,+00095.000000
   End Polygon
   Begin Polygon Item=2DLoftSIDE Texture=ShipGrayMetal_A Flags=1082130432 Link=40
      Origin   -00242.000000,+00008.000000,-00017.000000
      Normal   +00001.000000,+00000.000000,+00000.000000
      TextureU +00000.000000,-00002.000000,+00000.000000
      TextureV -00000.000000,+00000.000000,+00002.000000
      Vertex   -00242.000000,+00008.000000,+00111.000122
      Vertex   -00242.000000,-00008.000000,+00111.000122
      Vertex   -00242.000000,-00008.000000,+00095.000000
      Vertex   -00242.000000,+00008.000000,+00095.000000
   End Polygon
   Begin Polygon Item=2DLoftSIDE Texture=ShipGrayMetal_A Flags=1082130432 Link=41
      Origin   -00290.000000,+00008.000000,-00017.000000
      Normal   -00000.707107,+00000.707107,-00000.000000
      TextureU +00001.414208,+00001.414219,+00000.000000
      TextureV -00000.000000,+00000.000000,+00002.000000
      Vertex   -00290.000000,+00008.000000,+00111.000122
      Vertex   -00274.000000,+00024.000000,+00111.000122
      Vertex   -00274.000000,+00024.000000,+00095.000000
      Vertex   -00290.000000,+00008.000000,+00095.000000
   End Polygon
   Begin Polygon Item=2DLoftSIDE Texture=ShipGrayMetal_A Flags=1082130432 Link=42
      Origin   -00290.000000,-00008.000000,-00017.000000
      Normal   -00001.000000,+00000.000000,-00000.000000
      TextureU +00000.000000,+00002.000000,+00000.000000
      TextureV -00000.000000,+00000.000000,+00002.000000
      Vertex   -00290.000000,-00008.000000,+00111.000122
      Vertex   -00290.000000,+00008.000000,+00111.000122
      Vertex   -00290.000000,+00008.000000,+00095.000000
      Vertex   -00290.000000,-00008.000000,+00095.000000
   End Polygon
   Begin Polygon Item=2DLoftSIDE Texture=ShipGrayMetal_A Flags=1082130432 Link=43
      Origin   -00274.000000,-00024.000000,-00017.000000
      Normal   -00000.707107,-00000.707107,-00000.000000
      TextureU -00001.414218,+00001.414209,-00000.000000
      TextureV -00000.000000,+00000.000000,+00002.000000
      Vertex   -00274.000000,-00024.000000,+00111.000122
      Vertex   -00290.000000,-00008.000000,+00111.000122
      Vertex   -00290.000000,-00008.000000,+00095.000000
      Vertex   -00274.000000,-00024.000000,+00095.000000
   End Polygon
   Begin Polygon Item=2DLoftSIDE Texture=ShipGrayMetal_A Flags=1082130432 Link=44
      Origin   -00258.000000,-00024.000000,-00017.000000
      Normal   +00000.000000,-00001.000000,+00000.000000
      TextureU -00002.000000,+00000.000000,-00000.000000
      TextureV -00000.000000,+00000.000000,+00002.000000
      Vertex   -00258.000000,-00024.000000,+00111.000122
      Vertex   -00274.000000,-00024.000000,+00111.000122
      Vertex   -00274.000000,-00024.000000,+00095.000000
      Vertex   -00258.000000,-00024.000000,+00095.000000
   End Polygon
   Begin Polygon Item=2DLoftSIDE Texture=ShipGrayMetal_A Flags=1082130432 Link=45
      Origin   -00258.000000,+00024.000000,-00017.000000
      Normal   +00000.707107,+00000.707107,-00000.000001
      TextureU +00001.414211,-00001.414216,+00000.000000
      TextureV -00000.000000,+00000.000000,+00002.000000
      Vertex   -00258.000000,+00024.000000,+00111.000122
      Vertex   -00242.000000,+00008.000000,+00111.000122
      Vertex   -00242.000000,+00008.000000,+00095.000000
      Vertex   -00258.000000,+00024.000000,+00095.000000
   End Polygon
   Begin Polygon Item=2DLoftSIDE Texture=ShipGrayMetal_A Flags=1082130432 Link=46
      Origin   -00274.000000,+00024.000000,-00017.000000
      Normal   +00000.000000,+00001.000000,+00000.000000
      TextureU +00002.000000,+00000.000000,+00000.000000
      TextureV -00000.000000,+00000.000000,+00002.000000
      Vertex   -00274.000000,+00024.000000,+00111.000122
      Vertex   -00258.000000,+00024.000000,+00111.000122
      Vertex   -00258.000000,+00024.000000,+00095.000000
      Vertex   -00274.000000,+00024.000000,+00095.000000
   End Polygon
   Begin Polygon Item=OUTSIDE Texture=OL_Tunlrbody Flags=1082130464 Link=47
      Origin   -03494.000000,-06048.000000,+00110.999878
      Normal   +00000.000000,+00000.000000,-00001.000000
      TextureU +00000.000000,+00002.000000,+00000.000000
      TextureV +00002.000000,+00000.000000,+00000.000000
      Vertex   -00210.000488,+00023.999512,+00110.999878
      Vertex   -00210.000488,-00096.000977,+00110.999878
      Vertex   -00322.000488,-00096.000977,+00110.999878
      Vertex   -00322.000488,-00088.000488,+00110.999878
   End Polygon
   Begin Polygon Item=OUTSIDE Texture=OL_Tunlrbody Flags=1082130464 Link=47
      Origin   -03494.000000,-06048.000000,+00110.999878
      Normal   +00000.000000,+00000.000000,-00001.000000
      TextureU +00000.000000,+00002.000000,+00000.000000
      TextureV +00002.000000,+00000.000000,+00000.000000
      Vertex   -00242.000000,+00095.999023,+00110.999878
      Vertex   -00210.000488,+00095.999023,+00110.999878
      Vertex   -00210.000488,+00023.999512,+00110.999878
      Vertex   -00242.000000,-00008.000000,+00111.000122
   End Polygon
   Begin Polygon Item=OUTSIDE Texture=OL_Tunlrbody Flags=1082130464 Link=47
      Origin   -03494.000000,-06048.000000,+00110.999878
      Normal   +00000.000000,+00000.000000,-00001.000000
      TextureU +00000.000000,+00002.000000,+00000.000000
      TextureV +00002.000000,+00000.000000,+00000.000000
      Vertex   -00242.000000,+00095.999023,+00110.999878
      Vertex   -00242.000000,+00056.000000,+00110.999878
      Vertex   -00322.000488,-00024.000488,+00110.999878
      Vertex   -00322.000488,+00095.999023,+00110.999878
   End Polygon
   Begin Polygon Item=OUTSIDE Texture=OL_Tunlrbody Flags=1082130464 Link=47
      Origin   -03494.000000,-06048.000000,+00110.999878
      Normal   +00000.000000,+00000.000000,-00001.000000
      TextureU +00000.000000,+00002.000000,+00000.000000
      TextureV +00002.000000,+00000.000000,+00000.000000
      Vertex   -00290.000000,+00008.000000,+00111.000122
      Vertex   -00290.000000,-00056.000000,+00110.999878
      Vertex   -00322.000488,-00088.000488,+00110.999878
      Vertex   -00322.000488,-00024.000488,+00110.999878
   End Polygon
   Begin Polygon Item=OUTSIDE Texture=OL_Tunlrbody Flags=1082130464 Link=47
      Origin   -03494.000000,-06048.000000,+00110.999878
      Normal   +00000.000000,+00000.000000,-00001.000000
      TextureU +00000.000000,+00002.000000,+00000.000000
      TextureV +00002.000000,+00000.000000,+00000.000000
      Vertex   -00290.000000,-00008.000000,+00111.000122
      Vertex   -00266.000000,-00032.000000,+00110.999878
      Vertex   -00290.000000,-00056.000000,+00110.999878
   End Polygon
   Begin Polygon Item=OUTSIDE Texture=OL_Tunlrbody Flags=1082130464 Link=47
      Origin   -03494.000000,-06048.000000,+00110.999878
      Normal   +00000.000000,+00000.000000,-00001.000000
      TextureU +00000.000000,+00002.000000,+00000.000000
      TextureV +00002.000000,+00000.000000,+00000.000000
      Vertex   -00274.000000,-00024.000000,+00111.000122
      Vertex   -00258.000000,-00024.000000,+00111.000122
      Vertex   -00266.000000,-00032.000000,+00110.999878
   End Polygon
   Begin Polygon Item=OUTSIDE Texture=OL_Tunlrbody Flags=1082130464 Link=47
      Origin   -03494.000000,-06048.000000,+00110.999878
      Normal   +00000.000000,+00000.000000,-00001.000000
      TextureU +00000.000000,+00002.000000,+00000.000000
      TextureV +00002.000000,+00000.000000,+00000.000000
      Vertex   -00266.000000,+00032.000000,+00110.999878
      Vertex   -00242.000000,+00056.000000,+00110.999878
      Vertex   -00242.000000,+00008.000000,+00111.000122
   End Polygon
   Begin Polygon Item=OUTSIDE Texture=OL_Tunlrbody Flags=1082130464 Link=47
      Origin   -03494.000000,-06048.000000,+00110.999878
      Normal   +00000.000000,+00000.000000,-00001.000000
      TextureU +00000.000000,+00002.000000,+00000.000000
      TextureV +00002.000000,+00000.000000,+00000.000000
      Vertex   -00274.000000,+00024.000000,+00111.000122
      Vertex   -00266.000000,+00032.000000,+00110.999878
      Vertex   -00258.000000,+00024.000000,+00111.000122
   End Polygon
   Begin Polygon Item=2DLoftSIDE Texture=OL_Tredtrac Flags=1082130432 Link=55
      Origin   -00285.999512,-06047.997070,-00017.000000
      Normal   +00000.707107,+00000.000000,-00000.707107
      TextureU +00000.000000,+00001.000000,+00000.000000
      TextureV -00000.707107,+00000.000000,-00000.707107
      Vertex   -00146.000000,-00095.999023,+00123.000000
      Vertex   -00146.000000,-00159.999023,+00123.000000
      Vertex   -00162.000000,-00159.999023,+00107.000000
      Vertex   -00162.000000,-00095.999023,+00107.000000
   End Polygon
   Begin Polygon Item=2DLoftSIDE Texture=OL_Tredtrac Flags=1082130432 Link=56
      Origin   -03494.000000,-06048.000000,+00171.000000
      Normal   -00000.000000,+00000.000000,+00001.000000
      TextureU +00000.000000,-00001.000000,+00000.000000
      TextureV -00001.000000,+00000.000000,-00000.000000
      Vertex   -00162.000000,-00095.999023,+00171.000000
      Vertex   -00370.000000,-00095.999023,+00171.000000
      Vertex   -00370.000000,-00159.999023,+00171.000000
      Vertex   -00162.000000,-00159.999023,+00171.000000
   End Polygon
   Begin Polygon Item=2DLoftSIDE Texture=OL_Tredtrac Flags=1082130432 Link=57
      Origin   +00026.003174,-06048.000000,-00017.002686
      Normal   +00000.707107,+00000.000000,+00000.707107
      TextureU +00000.000000,+00001.000000,+00000.000000
      TextureV +00000.707107,+00000.000000,-00000.707107
      Vertex   -00146.000000,-00095.999023,+00155.000000
      Vertex   -00162.000000,-00095.999023,+00171.000000
      Vertex   -00162.000000,-00159.999023,+00171.000000
      Vertex   -00146.000000,-00159.999023,+00155.000000
   End Polygon
   Begin Polygon Item=2DLoftSIDE Texture=OL_Tredtrac Flags=1082130432 Link=58
      Origin   -00146.000000,-00095.999023,-00017.000000
      Normal   +00001.000000,+00000.000000,+00000.000000
      TextureU +00000.000000,+00001.000000,+00000.000000
      TextureV +00000.000000,+00000.000000,-00001.000000
      Vertex   -00146.000000,-00095.999023,+00123.000000
      Vertex   -00146.000000,-00095.999023,+00155.000000
      Vertex   -00146.000000,-00159.999023,+00155.000000
      Vertex   -00146.000000,-00159.999023,+00123.000000
   End Polygon
   Begin Polygon Item=2DLoftSIDE Texture=OL_Tredtrac Flags=1082130432 Link=59
      Origin   -00245.999512,-06048.000000,-00017.000000
      Normal   -00000.707107,+00000.000000,-00000.707107
      TextureU +00000.000000,-00001.000000,+00000.000000
      TextureV +00000.707107,+00000.000000,-00000.707107
      Vertex   -00386.000000,-00159.999023,+00123.000000
      Vertex   -00386.000000,-00095.999023,+00123.000000
      Vertex   -00370.000000,-00095.999023,+00107.000000
      Vertex   -00370.000000,-00159.999023,+00107.000000
   End Polygon
   Begin Polygon Item=2DLoftSIDE Texture=OL_Tredtrac Flags=1082130432 Link=60
      Origin   -00557.999512,-06047.997559,-00017.000000
      Normal   -00000.707107,+00000.000000,+00000.707107
      TextureU +00000.000000,-00001.000000,+00000.000000
      TextureV -00000.707107,+00000.000000,-00000.707107
      Vertex   -00370.000000,-00095.999023,+00171.000000
      Vertex   -00386.000000,-00095.999023,+00155.000000
      Vertex   -00386.000000,-00159.999023,+00155.000000
      Vertex   -00370.000000,-00159.999023,+00171.000000
   End Polygon
   Begin Polygon Item=2DLoftEND Texture=OL_Tredwheel Flags=1082130432 Link=61
      Origin   -00162.000000,-00159.999023,-00017.000000
      Normal   +00000.000000,-00001.000000,+00000.000000
      Pan      U=-44 V=-1
      TextureU -00001.052632,-00000.000000,-00000.000000
      TextureV -00000.000000,+00000.000000,+00001.000000
      Vertex   -00146.000000,-00159.999023,+00123.000000
      Vertex   -00146.000000,-00159.999023,+00155.000000
      Vertex   -00162.000000,-00159.999023,+00171.000000
      Vertex   -00370.000000,-00159.999023,+00171.000000
      Vertex   -00386.000000,-00159.999023,+00155.000000
      Vertex   -00386.000000,-00159.999023,+00123.000000
      Vertex   -00370.000000,-00159.999023,+00107.000000
      Vertex   -00162.000000,-00159.999023,+00107.000000
   End Polygon
   Begin Polygon Item=2DLoftSIDE Texture=OL_Tredtrac Flags=1082130432 Link=62
      Origin   -03494.000000,-06048.000000,+00107.000000
      Normal   +00000.000000,+00000.000000,-00001.000000
      TextureU +00000.000000,-00001.000000,+00000.000000
      TextureV -00001.000000,+00000.000000,-00000.000000
      Vertex   -00162.000000,-00095.999023,+00107.000000
      Vertex   -00162.000000,-00159.999023,+00107.000000
      Vertex   -00370.000000,-00159.999023,+00107.000000
      Vertex   -00370.000000,-00095.999023,+00107.000000
   End Polygon
   Begin Polygon Item=2DLoftTOP Texture=OL_Tredwheel Flags=1082130432 Link=63
      Origin   -00369.999512,+00159.999023,-00017.000000
      Normal   +00000.000000,+00001.000000,+00000.000000
      Pan      U=18 V=0
      TextureU +00001.052632,+00000.000000,+00000.000000
      TextureV -00000.000000,+00000.000000,+00001.000000
      Vertex   -00385.999512,+00159.999023,+00123.000000
      Vertex   -00385.999512,+00159.999023,+00155.000000
      Vertex   -00369.999512,+00159.999023,+00171.000000
      Vertex   -00161.999512,+00159.999023,+00171.000000
      Vertex   -00145.999512,+00159.999023,+00155.000000
      Vertex   -00145.999512,+00159.999023,+00123.000000
      Vertex   -00161.999512,+00159.999023,+00107.000000
      Vertex   -00369.999512,+00159.999023,+00107.000000
   End Polygon
   Begin Polygon Item=2DLoftSIDE Texture=OL_Tredtrac Flags=1082130432 Link=64
      Origin   -00245.999512,-06048.000000,-00017.000000
      Normal   -00000.707107,+00000.000000,-00000.707107
      TextureU +00000.000000,-00001.000000,+00000.000000
      TextureV +00000.707107,+00000.000000,-00000.707107
      Vertex   -00385.999512,+00095.999023,+00123.000000
      Vertex   -00385.999512,+00159.999023,+00123.000000
      Vertex   -00369.999512,+00159.999023,+00107.000000
      Vertex   -00369.999512,+00095.999023,+00107.000000
   End Polygon
   Begin Polygon Item=2DLoftSIDE Texture=OL_Tredtrac Flags=1082130432 Link=65
      Origin   -03494.000000,-06048.000000,+00171.000000
      Normal   -00000.000000,+00000.000000,+00001.000000
      TextureU +00000.000000,-00001.000000,+00000.000000
      TextureV -00001.000000,+00000.000000,-00000.000000
      Vertex   -00161.999512,+00159.999023,+00171.000000
      Vertex   -00369.999512,+00159.999023,+00171.000000
      Vertex   -00369.999512,+00095.999023,+00171.000000
      Vertex   -00161.999512,+00095.999023,+00171.000000
   End Polygon
   Begin Polygon Item=2DLoftSIDE Texture=OL_Tredtrac Flags=1082130432 Link=66
      Origin   +00026.003174,-06048.000000,-00017.002686
      Normal   +00000.707107,+00000.000000,+00000.707107
      TextureU +00000.000000,+00001.000000,+00000.000000
      TextureV +00000.707107,+00000.000000,-00000.707107
      Vertex   -00145.999512,+00159.999023,+00155.000000
      Vertex   -00161.999512,+00159.999023,+00171.000000
      Vertex   -00161.999512,+00095.999023,+00171.000000
      Vertex   -00145.999512,+00095.999023,+00155.000000
   End Polygon
   Begin Polygon Item=2DLoftSIDE Texture=OL_Tredtrac Flags=1082130432 Link=67
      Origin   -00145.999512,+00159.999023,-00017.000000
      Normal   +00001.000000,+00000.000000,+00000.000000
      TextureU +00000.000000,+00001.000000,+00000.000000
      TextureV +00000.000000,+00000.000000,-00001.000000
      Vertex   -00145.999512,+00159.999023,+00123.000000
      Vertex   -00145.999512,+00159.999023,+00155.000000
      Vertex   -00145.999512,+00095.999023,+00155.000000
      Vertex   -00145.999512,+00095.999023,+00123.000000
   End Polygon
   Begin Polygon Item=2DLoftSIDE Texture=OL_Tredtrac Flags=1082130432 Link=68
      Origin   -00557.999512,-06047.997559,-00017.000000
      Normal   -00000.707107,+00000.000000,+00000.707107
      TextureU +00000.000000,-00001.000000,+00000.000000
      TextureV -00000.707107,+00000.000000,-00000.707107
      Vertex   -00369.999512,+00159.999023,+00171.000000
      Vertex   -00385.999512,+00159.999023,+00155.000000
      Vertex   -00385.999512,+00095.999023,+00155.000000
