Begin PolyList
   Begin Polygon Flags=1073741824 Link=0
      Origin   +00096.000000,+00064.000000,-00088.000000
      Normal   +00001.000000,+00000.000000,+00000.000000
      TextureU +00000.000000,-00001.000000,+00000.000000
      TextureV +00000.000000,+00000.000000,-00001.000000
      Vertex   +00096.000000,+00056.000000,-00085.000061
      Vertex   +00096.000000,+00064.000000,-00085.000061
      Vertex   +00096.000000,+00064.000000,+00024.000000
      Vertex   +00096.000000,+00056.000000,+00024.000000
   End Polygon
   Begin Polygon Flags=1073741824 Link=1
      Origin   -00088.000000,+00072.000000,+00016.000000
      Normal   +00000.000000,+00001.000000,+00000.000000
      TextureU +00001.000000,+00000.000000,+00000.000000
      TextureV +00000.000000,+00000.000000,-00001.000000
      Vertex   +00096.000000,+00072.000000,+00016.000000
      Vertex   +00096.000000,+00072.000000,+00024.000000
      Vertex   +00104.000000,+00072.000000,+00024.000000
      Vertex   +00104.000000,+00072.000000,+00016.000000
   End Polygon
   Begin Polygon Flags=1073741824 Link=2
      Origin   -00088.000000,-00072.000000,+00024.000000
      Normal   +00000.000000,-00001.000000,+00000.000000
      TextureU +00001.000000,+00000.000000,+00000.000000
      TextureV +00000.000000,+00000.000000,+00001.000000
      Vertex   +00104.000000,-00072.000000,+00016.000000
      Vertex   +00104.000000,-00072.000000,+00024.000000
      Vertex   -00038.153809,-00072.000000,+00024.000000
      Vertex   -00028.307617,-00072.000000,+00016.000000
   End Polygon
   Begin Polygon Flags=1073741824 Link=3
      Origin   +00104.000000,-00072.000000,+00024.000000
      Normal   +00001.000000,+00000.000000,+00000.000000
      TextureU +00000.000000,+00000.000000,+00001.000000
      TextureV +00000.000000,-00001.000000,+00000.000000
      Vertex   +00104.000000,+00064.000000,+00024.000000
      Vertex   +00104.000000,+00072.000000,+00024.000000
      Vertex   +00104.000000,+00004.535400,+00083.968506
      Vertex   +00104.000000,+00000.000000,+00080.000000
   End Polygon
   Begin Polygon Flags=1073741824 Link=4
      Origin   -00088.000000,+00064.000000,+00016.000000
      Normal   +00000.000000,+00000.000000,-00001.000000
      TextureU +00001.000000,+00000.000000,+00000.000000
      TextureV +00000.000000,-00001.000000,+00000.000000
      Vertex   +00104.000000,+00072.000000,+00016.000000
      Vertex   +00104.000000,+00064.000000,+00016.000000
      Vertex   -00028.307617,+00064.000000,+00016.000000
      Vertex   -00028.307617,+00072.000000,+00016.000000
   End Polygon
   Begin Polygon Flags=1073741824 Link=5
      Origin   -00136.000000,+00072.000000,+00024.000000
      Normal   +00000.000000,+00000.664364,+00000.747409
      TextureU +00001.000000,+00000.000000,+00000.000000
      TextureV +00000.000000,+00000.747409,-00000.664364
      Vertex   +00104.000000,+00000.000000,+00088.000000
      Vertex   +00104.000000,+00072.000000,+00024.000000
      Vertex   -00038.153809,+00072.000000,+00024.000000
      Vertex   -00116.923340,+00000.000000,+00088.000000
   End Polygon
   Begin Polygon Flags=1073741824 Link=6
      Origin   +00096.000000,+00000.000000,+00080.000000
      Normal   +00000.000000,+00000.658505,-00000.752577
      TextureU +00001.000000,+00000.000000,+00000.000000
      TextureV -00000.000000,+00000.752577,+00000.658505
      Vertex   +00104.000000,-00064.000000,+00024.000000
      Vertex   +00096.000000,-00064.000000,+00024.000000
      Vertex   +00096.000000,+00000.000000,+00080.000000
      Vertex   +00104.000000,+00000.000000,+00080.000000
   End Polygon
   Begin Polygon Flags=1073741824 Link=7
      Origin   -00088.000000,+00064.000000,+00024.000000
      Normal   +00000.000000,-00001.000000,+00000.000000
      TextureU +00001.000000,+00000.000000,+00000.000000
      TextureV +00000.000000,+00000.000000,+00001.000000
      Vertex   +00096.000000,+00064.000000,+00016.000000
      Vertex   +00104.000000,+00064.000000,+00016.000000
      Vertex   +00104.000000,+00064.000000,+00024.000000
      Vertex   +00096.000000,+00064.000000,+00024.000000
   End Polygon
   Begin Polygon Flags=1073741824 Link=8
      Origin   +00096.000000,+00064.000000,+00024.000000
      Normal   +00000.000000,-00000.658505,-00000.752577
      TextureU +00001.000000,+00000.000000,+00000.000000
      TextureV +00000.000000,+00000.752577,-00000.658505
      Vertex   +00096.000000,+00064.000000,+00024.000000
      Vertex   +00104.000000,+00064.000000,+00024.000000
      Vertex   +00104.000000,+00000.000000,+00080.000000
      Vertex   +00096.000000,+00000.000000,+00080.000000
   End Polygon
   Begin Polygon Flags=1073741824 Link=9
      Origin   -00088.000000,-00064.000000,+00016.000000
      Normal   +00000.000000,+00001.000000,+00000.000000
      TextureU +00001.000000,+00000.000000,+00000.000000
      TextureV +00000.000000,+00000.000000,-00001.000000
      Vertex   +00096.000000,-00064.000000,+00016.000000
      Vertex   +00096.000000,-00064.000000,+00024.000000
      Vertex   +00104.000000,-00064.000000,+00024.000000
      Vertex   +00104.000000,-00064.000000,+00016.000000
   End Polygon
   Begin Polygon Flags=1073741824 Link=10
      Origin   -00136.000000,+00000.000000,+00088.000000
      Normal   +00000.000000,-00000.664364,+00000.747409
      TextureU +00001.000000,+00000.000000,+00000.000000
      TextureV -00000.000000,+00000.747409,+00000.664364
      Vertex   +00104.000000,-00072.000000,+00024.000000
      Vertex   +00104.000000,+00000.000000,+00088.000000
      Vertex   -00116.923340,+00000.000000,+00088.000000
      Vertex   -00038.153809,-00072.000000,+00024.000000
   End Polygon
   Begin Polygon Flags=1073741824 Link=11
      Origin   -00088.000000,-00072.000000,+00016.000000
      Normal   +00000.000000,+00000.000000,-00001.000000
      TextureU +00001.000000,+00000.000000,+00000.000000
      TextureV +00000.000000,-00001.000000,+00000.000000
      Vertex   +00104.000000,-00064.000000,+00016.000000
      Vertex   +00104.000000,-00072.000000,+00016.000000
      Vertex   -00028.307617,-00072.000000,+00016.000000
      Vertex   -00028.307617,-00064.000000,+00016.000000
   End Polygon
   Begin Polygon Flags=1073741824 Link=12
      Origin   +00104.000000,+00064.000000,+00016.000000
      Normal   +00001.000000,+00000.000000,+00000.000000
      TextureU +00000.000000,+00000.000000,+00001.000000
      TextureV +00000.000000,-00001.000000,+00000.000000
      Vertex   +00104.000000,+00064.000000,+00016.000000
      Vertex   +00104.000000,+00072.000000,+00016.000000
      Vertex   +00104.000000,+00072.000000,+00024.000000
      Vertex   +00104.000000,+00064.000000,+00024.000000
   End Polygon
   Begin Polygon Flags=1073741824 Link=3
      Origin   +00104.000000,-00072.000000,+00024.000000
      Normal   +00001.000000,+00000.000000,+00000.000000
      TextureU +00000.000000,+00000.000000,+00001.000000
      TextureV +00000.000000,-00001.000000,+00000.000000
      Vertex   +00104.000000,-00064.000000,+00024.000000
      Vertex   +00104.000000,+00004.535400,+00083.968506
      Vertex   +00104.000000,+00000.000000,+00088.000000
      Vertex   +00104.000000,-00072.000000,+00024.000000
   End Polygon
   Begin Polygon Flags=1073741824 Link=14
      Origin   +00104.000000,-00072.000000,+00016.000000
      Normal   +00001.000000,+00000.000000,+00000.000000
      TextureU +00000.000000,+00000.000000,+00001.000000
      TextureV +00000.000000,-00001.000000,+00000.000000
      Vertex   +00104.000000,-00072.000000,+00016.000000
      Vertex   +00104.000000,-00064.000000,+00016.000000
      Vertex   +00104.000000,-00064.000000,+00024.000000
      Vertex   +00104.000000,-00072.000000,+00024.000000
   End Polygon
   Begin Polygon Flags=1073741824 Link=15
      Origin   -00176.000000,+00056.000000,+00024.000000
      Normal   +00000.000000,+00000.000000,-00001.000000
      TextureU +00001.000000,+00000.000000,+00000.000000
      TextureV +00000.000000,+00001.000000,+00000.000000
      Vertex   -00038.153809,-00056.000000,+00024.000000
      Vertex   -00038.153809,+00056.000000,+00024.000000
      Vertex   +00080.000000,+00056.000000,+00024.000000
      Vertex   +00080.000000,-00056.000000,+00024.000000
   End Polygon
   Begin Polygon Texture=ThRoof1 Flags=1082130432 Link=16
      Origin   +00552.615234,-00264.000000,-00455.999878
      Normal   -00000.630593,-00000.000000,-00000.776114
      TextureU +00000.000000,+00001.000000,+00000.000000
      TextureV +00000.776114,+00000.000000,-00000.630593
      Vertex   -00038.153809,+00064.000000,+00024.000000
      Vertex   -00038.153809,+00072.000000,+00024.000000
      Vertex   -00028.307617,+00072.000000,+00016.000000
      Vertex   -00028.307617,+00064.000000,+00016.000000
   End Polygon
   Begin Polygon Flags=1073741824 Link=17
      Origin   +00080.000000,+00048.000000,-00072.000000
      Normal   +00000.000000,-00001.000000,+00000.000000
      TextureU +00001.000000,+00000.000000,+00000.000000
      TextureV +00000.000000,+00000.000000,-00001.000000
      Vertex   +00080.000000,+00048.000000,+00023.999992
      Vertex   +00080.000000,+00048.000000,-00072.000000
      Vertex   +00096.000000,+00048.000000,-00072.000000
      Vertex   +00096.000000,+00048.000000,+00023.999992
   End Polygon
   Begin Polygon Flags=1073741824 Link=18
      Origin   +00080.000000,-00056.000000,-00120.000000
      Normal   +00000.000000,+00001.000000,+00000.000000
      TextureU -00001.000000,+00000.000000,+00000.000000
      TextureV +00000.000000,+00000.000000,-00001.000000
      Vertex   -00038.153809,-00056.000000,+00024.000000
      Vertex   +00080.000000,-00056.000000,+00024.000000
      Vertex   +00080.000000,-00056.000000,-00072.000046
   End Polygon
   Begin Polygon Flags=1073741824 Link=19
      Origin   +00080.000000,-00048.000000,+00024.000000
      Normal   +00000.000000,+00001.000000,+00000.000000
      TextureU +00001.000000,+00000.000000,+00000.000000
      TextureV +00000.000000,+00000.000000,+00001.000000
      Vertex   +00080.000000,-00048.000000,-00072.000000
      Vertex   +00080.000000,-00048.000000,+00024.000000
      Vertex   +00096.000000,-00048.000000,+00024.000000
      Vertex   +00096.000000,-00048.000000,-00072.000000
   End Polygon
   Begin Polygon Flags=1073741824 Link=20
      Origin   +00080.000000,-00048.000000,-00072.000000
      Normal   +00000.000000,+00000.000000,+00001.000000
      TextureU +00001.000000,+00000.000000,+00000.000000
      TextureV +00000.000000,-00001.000000,+00000.000000
      Vertex   +00080.000000,+00048.000000,-00072.000000
      Vertex   +00080.000000,-00048.000000,-00072.000000
      Vertex   +00096.000000,-00048.000000,-00072.000000
      Vertex   +00096.000000,+00048.000000,-00072.000000
   End Polygon
   Begin Polygon Flags=1073741824 Link=21
      Origin   +00080.000000,+00056.000000,-00120.000000
      Normal   -00001.000000,+00000.000000,+00000.000000
      TextureU +00000.000000,-00001.000000,+00000.000000
      TextureV +00000.000000,+00000.000000,-00001.000000
      Vertex   +00080.000000,-00056.000000,-00072.000046
      Vertex   +00080.000000,-00056.000000,+00024.000000
      Vertex   +00080.000000,-00048.000000,+00024.000000
      Vertex   +00080.000000,-00048.000000,-00072.000000
   End Polygon
   Begin Polygon Flags=1073741824 Link=22
      Origin   +00096.000000,-00064.000000,-00088.000000
      Normal   +00000.000000,-00001.000000,+00000.000000
      TextureU -00001.000000,+00000.000000,+00000.000000
      TextureV +00000.000000,+00000.000000,-00001.000000
      Vertex   -00028.307617,-00064.000000,+00016.000000
      Vertex   +00096.000000,-00064.000000,-00085.000061
      Vertex   +00096.000000,-00064.000000,+00016.000000
   End Polygon
   Begin Polygon Flags=1073741824 Link=23
      Origin   -00096.000000,+00064.000000,-00088.000000
      Normal   +00000.000000,+00001.000000,+00000.000000
      TextureU +00001.000000,+00000.000000,+00000.000000
      TextureV +00000.000000,+00000.000000,-00001.000000
      Vertex   -00028.307617,+00064.000000,+00016.000000
      Vertex   +00096.000000,+00064.000000,+00016.000000
      Vertex   +00096.000000,+00064.000000,-00085.000061
   End Polygon
   Begin Polygon Flags=1073741824 Link=24
      Origin   +00096.000000,+00072.000000,-00088.000000
      Normal   +00000.000000,+00001.000000,+00000.000000
      TextureU -00001.000000,+00000.000000,+00000.000000
      TextureV +00000.000000,+00000.000000,-00001.000000
      Vertex   -00028.307617,+00072.000000,+00016.000000
      Vertex   -00038.153809,+00072.000000,+00024.000000
      Vertex   +00096.000000,+00072.000000,+00024.000000
      Vertex   +00096.000000,+00072.000000,+00016.000000
   End Polygon
   Begin Polygon Flags=1073741824 Link=21
      Origin   +00080.000000,+00056.000000,-00120.000000
      Normal   -00001.000000,+00000.000000,+00000.000000
      TextureU +00000.000000,-00001.000000,+00000.000000
      TextureV +00000.000000,+00000.000000,-00001.000000
      Vertex   +00080.000000,+00048.000000,+00023.999992
      Vertex   +00080.000000,+00056.000000,+00024.000000
      Vertex   +00080.000000,+00056.000000,-00072.000000
      Vertex   +00080.000000,+00048.000000,-00072.000000
   End Polygon
   Begin Polygon Flags=1073741824 Link=26
      Origin   -00176.000000,+00056.000000,-00120.000000
      Normal   +00000.000000,-00001.000000,+00000.000000
      TextureU +00001.000000,+00000.000000,+00000.000000
      TextureV +00000.000000,+00000.000000,-00001.000000
      Vertex   -00038.153809,+00056.000000,+00024.000000
      Vertex   +00080.000000,+00056.000000,-00072.000000
      Vertex   +00080.000000,+00056.000000,+00024.000000
   End Polygon
   Begin Polygon Texture=ThRoof1 Flags=1082130432 Link=27
      Origin   +00552.615234,-00400.000000,-00455.999878
      Normal   -00000.630593,-00000.000000,-00000.776114
      TextureU +00000.000000,+00001.000000,+00000.000000
      TextureV +00000.776114,+00000.000000,-00000.630593
      Vertex   -00038.153809,+00056.000000,+00024.000000
      Vertex   -00038.153809,+00064.000000,+00024.000000
      Vertex   +00080.000000,+00064.000000,-00072.000000
      Vertex   +00080.000000,+00056.000000,-00072.000000
   End Polygon
   Begin Polygon Texture=ThRoof1 Flags=1082130432 Link=28
      Origin   +00560.000000,-00400.000000,-00456.000000
      Normal   -00000.624695,+00000.000000,-00000.780869
      TextureU +00000.000000,+00001.000000,+00000.000000
      TextureV +00000.780869,+00000.000000,-00000.624695
      Vertex   +00080.000000,+00064.000000,-00072.000000
      Vertex   +00096.000000,+00064.000000,-00085.000061
      Vertex   +00096.000000,-00064.000000,-00085.000061
      Vertex   +00080.000000,-00064.000000,-00072.000031
   End Polygon
   Begin Polygon Texture=ThRoof1 Flags=1082130432 Link=29
      Origin   +00552.615234,-00400.000000,-00455.999878
      Normal   -00000.630593,-00000.000000,-00000.776114
      TextureU +00000.000000,+00001.000000,+00000.000000
      TextureV +00000.776114,+00000.000000,-00000.630593
      Vertex   -00038.153809,-00072.000000,+00024.000000
      Vertex   -00038.153809,-00064.000000,+00024.000000
      Vertex   -00028.307617,-00064.000000,+00016.000000
      Vertex   -00028.307617,-00072.000000,+00016.000000
   End Polygon
   Begin Polygon Texture=ThRoof1 Flags=1082130432 Link=27
      Origin   +00552.615234,-00400.000000,-00455.999878
      Normal   -00000.630593,-00000.000000,-00000.776114
      TextureU +00000.000000,+00001.000000,+00000.000000
      TextureV +00000.776114,+00000.000000,-00000.630593
      Vertex   -00038.153809,-00064.000000,+00024.000000
      Vertex   -00038.153809,-00056.000000,+00024.000000
      Vertex   +00080.000000,-00056.000000,-00072.000046
      Vertex   +00080.000000,-00064.000000,-00072.000031
   End Polygon
   Begin Polygon Texture=ThRoof1 Flags=1082130432 Link=31
      Origin   +00552.615234,-00400.000000,-00455.999878
      Normal   -00000.630593,-00000.000000,-00000.776114
      TextureU +00000.000000,+00001.000000,+00000.000000
      TextureV +00000.776114,+00000.000000,-00000.630593
      Vertex   -00116.923340,+00000.000000,+00088.000000
      Vertex   -00038.153809,+00072.000000,+00024.000000
      Vertex   -00038.153809,-00072.000000,+00024.000000
   End Polygon
   Begin Polygon Flags=1073741824 Link=32
      Origin   +00096.000000,-00048.000000,+00024.000000
      Normal   +00000.000000,+00000.000000,-00001.000000
      TextureU -00001.000000,+00000.000000,+00000.000000
      TextureV +00000.000000,-00001.000000,+00000.000000
      Vertex   +00080.000000,-00048.000000,+00024.000000
      Vertex   +00080.000000,+00048.000000,+00023.999992
      Vertex   +00096.000000,+00048.000000,+00023.999992
      Vertex   +00096.000000,-00048.000000,+00024.000000
   End Polygon
   Begin Polygon Flags=1073741824 Link=33
      Origin   +00096.000000,+00064.000000,+00024.000000
      Normal   +00001.000000,+00000.000000,+00000.000000
      TextureU +00000.000000,+00000.000000,+00001.000000
      TextureV +00000.000000,+00001.000000,+00000.000000
      Vertex   +00096.000000,+00064.000000,+00024.000000
      Vertex   +00096.000000,+00000.000000,+00080.000000
      Vertex   +00096.000000,-00064.000000,+00024.000000
   End Polygon
   Begin Polygon Flags=1073741824 Link=0
      Origin   +00096.000000,+00064.000000,-00088.000000
      Normal   +00001.000000,+00000.000000,+00000.000000
      TextureU +00000.000000,-00001.000000,+00000.000000
      TextureV +00000.000000,+00000.000000,-00001.000000
      Vertex   +00096.000000,+00056.000000,-00085.000061
      Vertex   +00096.000000,+00056.000000,-00072.000015
      Vertex   +00096.000000,-00064.000000,-00072.000000
      Vertex   +00096.000000,-00064.000000,-00085.000061
   End Polygon
   Begin Polygon Flags=1073741824 Link=0
      Origin   +00096.000000,+00064.000000,-00088.000000
      Normal   +00001.000000,+00000.000000,+00000.000000
      TextureU +00000.000000,-00001.000000,+00000.000000
      TextureV +00000.000000,+00000.000000,-00001.000000
      Vertex   +00096.000000,+00048.000000,-00072.000000
      Vertex   +00096.000000,+00056.000000,-00072.000015
      Vertex   +00096.000000,+00056.000000,+00024.000000
      Vertex   +00096.000000,+00048.000000,+00023.999992
   End Polygon
   Begin Polygon Flags=1073741824 Link=0
      Origin   +00096.000000,+00064.000000,-00088.000000
      Normal   +00001.000000,+00000.000000,+00000.000000
      TextureU +00000.000000,-00001.000000,+00000.000000
      TextureV +00000.000000,+00000.000000,-00001.000000
      Vertex   +00096.000000,-00048.000000,-00072.000000
      Vertex   +00096.000000,-00048.000000,+00024.000000
      Vertex   +00096.000000,-00064.000000,+00024.000000
      Vertex   +00096.000000,-00064.000000,-00072.000000
   End Polygon
End PolyList
