Begin PolyList
   Begin Polygon Texture=Thrug-grn Flags=1082654752 Link=0
      Origin   -00016.000286,+00026.220474,-00048.795288
      Normal   +00001.000000,+00000.000000,+00000.000000
      TextureU +00000.000000,-00001.000000,+00000.000000
      TextureV +00000.000000,+00000.000000,-00001.000000
      Vertex   -00016.000286,+00026.220474,-00019.995270
      Vertex   -00016.000286,+00026.220474,-00010.395294
      Vertex   -00016.000290,-00010.724838,-00010.395294
      Vertex   -00016.000288,-00008.979477,-00019.995300
   End Polygon
   Begin Polygon Texture=Thrug-grn Flags=1082654752 Link=1
      Origin   +00019.839703,+00026.220474,-00019.995270
      Normal   +00000.000000,+00000.000000,+00001.000000
      TextureU +00000.000000,-00001.000000,+00000.000000
      TextureV +00001.000000,+00000.000000,+00000.000000
      Vertex   +00019.199711,+00026.220474,-00019.995270
      Vertex   -00016.000286,+00026.220474,-00019.995270
      Vertex   -00016.000288,-00008.979477,-00019.995300
      Vertex   +00019.199711,-00008.979477,-00019.995300
   End Polygon
   Begin Polygon Texture=Thrug-grn Flags=1082654752 Link=2
      Origin   +00025.983700,-00015.379532,+00015.204681
      Normal   -00000.000003,+00000.983870,+00000.178884
      TextureU -00001.000000,+00000.000000,+00000.000000
      TextureV -00000.000000,-00000.178885,+00000.983870
      Vertex   +00025.983700,-00015.379532,+00015.204681
      Vertex   +00025.983707,-00011.888657,-00003.995304
      Vertex   -00022.400291,-00011.888657,-00003.995304
      Vertex   -00022.400291,-00015.379623,+00015.204708
   End Polygon
   Begin Polygon Texture=Cab5 Flags=1082654752 Link=3
      Origin   +00025.599716,+00026.220474,+00060.000000
      Normal   +00001.000000,+00000.000000,+00000.000000
      TextureU +00000.000000,+00000.000000,-00001.000000
      TextureV +00000.000000,-00001.000000,+00000.000000
      Vertex   +00025.599712,+00026.220474,-00019.995270
      Vertex   +00025.599712,+00026.220474,-00015.308990
      Vertex   +00025.599712,-00009.831528,-00015.308990
      Vertex   +00025.599712,-00008.979477,-00019.995300
   End Polygon
   Begin Polygon Item=Wall Texture=Thrug-grn Flags=1082654752 Link=4
      Origin   +00027.199711,+00026.220474,-00013.708984
      Normal   +00000.707107,+00000.000000,-00000.707107
      TextureU -00000.707108,+00000.000000,-00000.707105
      TextureV +00000.000000,+00001.000000,+00000.000000
      Vertex   +00025.599712,+00026.220474,-00015.308990
      Vertex   +00027.199711,+00026.220474,-00013.708984
      Vertex   +00027.199711,-00010.181046,-00013.708984
      Vertex   +00025.983707,-00009.901352,-00014.924988
      Vertex   +00025.599712,-00009.831528,-00015.308990
   End Polygon
   Begin Polygon Item=Wall Texture=Thrug-grn Flags=1082654752 Link=5
      Origin   +00024.856571,+00026.220474,-00008.052124
      Normal   +00000.707109,-00000.000000,+00000.707105
      TextureU +00000.707107,+00000.000000,-00000.707107
      TextureV +00000.000000,+00001.000000,+00000.000000
      Vertex   +00025.599716,-00011.015747,-00008.795303
      Vertex   +00025.983707,-00010.946030,-00009.179291
      Vertex   +00027.199711,-00010.724838,-00010.395294
      Vertex   +00027.199711,+00026.220474,-00010.395294
      Vertex   +00024.856571,+00026.220474,-00008.052124
      Vertex   +00024.856571,-00011.150864,-00008.052155
   End Polygon
   Begin Polygon Item=Wall Texture=Thrug-grn Flags=1082654752 Link=6
      Origin   +00027.199711,+00026.220474,-00010.395294
      Normal   +00001.000000,+00000.000000,+00000.000000
      TextureU +00000.000000,+00000.000000,-00001.000000
      TextureV +00000.000000,+00001.000000,+00000.000000
      Vertex   +00027.199711,+00026.220474,-00013.708984
      Vertex   +00027.199711,+00026.220474,-00010.395294
      Vertex   +00027.199711,-00015.379379,-00010.395294
      Vertex   +00027.199711,-00015.379379,-00013.708984
   End Polygon
   Begin Polygon Item=Cap Texture=Cab5 Flags=1082654752 Link=7
      Origin   -00021.714008,+00026.220474,+00060.000000
      Normal   +00000.000000,+00001.000000,+00000.000000
      TextureU +00000.000000,+00000.000000,-00001.000000
      TextureV +00001.000000,+00000.000000,+00000.000000
      Vertex   +00025.599716,+00026.220474,-00008.795280
      Vertex   +00027.199711,+00026.220474,-00010.395294
      Vertex   +00027.199711,+00026.220474,-00013.708984
      Vertex   +00025.599712,+00026.220474,-00015.308990
   End Polygon
   Begin Polygon Texture=Cab5 Flags=1082654752 Link=8
      Origin   -00022.400288,+00026.220474,+00060.000000
      Normal   +00000.000000,+00001.000000,+00000.000000
      TextureU +00000.000000,+00000.000000,-00001.000000
      TextureV +00001.000000,+00000.000000,+00000.000000
      Vertex   +00025.599712,+00026.220474,-00010.395264
      Vertex   +00025.599712,+00026.220474,-00019.995270
      Vertex   +00019.199711,+00026.220474,-00019.995270
      Vertex   +00019.199711,+00026.220474,-00010.395294
   End Polygon
   Begin Polygon Item=Wall Texture=Thrug-grn Flags=1082654752 Link=9
      Origin   +00021.542862,+00026.220474,-00008.052124
      Normal   +00000.000000,+00000.000000,+00001.000000
      TextureU +00001.000000,+00000.000000,+00000.000000
      TextureV +00000.000000,+00001.000000,+00000.000000
      Vertex   +00024.856571,+00026.220474,-00008.052124
      Vertex   +00021.542862,+00026.220474,-00008.052124
      Vertex   +00021.542862,-00011.150864,-00008.052155
      Vertex   +00024.856571,-00011.150864,-00008.052155
   End Polygon
   Begin Polygon Item=Wall Texture=Thrug-grn Flags=1082654752 Link=10
      Origin   +00019.199711,+00026.220474,-00010.395294
      Normal   -00000.707109,+00000.000000,+00000.707105
      TextureU +00000.707109,-00000.000000,+00000.707105
      TextureV +00000.000000,+00001.000000,+00000.000000
      Vertex   +00021.542862,+00026.220474,-00008.052124
      Vertex   +00019.199711,+00026.220474,-00010.395294
      Vertex   +00019.199711,-00010.724838,-00010.395294
      Vertex   +00021.542862,-00011.150864,-00008.052155
   End Polygon
   Begin Polygon Texture=Thrug-grn Flags=1082654752 Link=11
      Origin   +00019.199715,-00012.179428,-00048.795288
      Normal   -00001.000000,+00000.000000,+00000.000000
      TextureU +00000.000000,+00001.000000,+00000.000000
      TextureV +00000.000000,+00000.000000,-00001.000000
      Vertex   +00019.199711,-00010.724838,-00010.395294
      Vertex   +00019.199711,+00026.220474,-00010.395294
      Vertex   +00019.199711,+00026.220474,-00019.995270
      Vertex   +00019.199711,-00008.979477,-00019.995300
   End Polygon
   Begin Polygon Item=Cap Texture=Cab5 Flags=1082654752 Link=7
      Origin   -00021.714008,+00026.220474,+00060.000000
      Normal   +00000.000000,+00001.000000,+00000.000000
      TextureU +00000.000000,+00000.000000,-00001.000000
      TextureV +00001.000000,+00000.000000,+00000.000000
      Vertex   +00021.542862,+00026.220474,-00008.052124
      Vertex   +00024.856571,+00026.220474,-00008.052124
      Vertex   +00025.599716,+00026.220474,-00008.795280
      Vertex   +00025.599712,+00026.220474,-00010.395264
      Vertex   +00019.199711,+00026.220474,-00010.395294
   End Polygon
   Begin Polygon Texture=Cab5 Flags=1082654752 Link=13
      Origin   +00025.983704,-00021.779526,+00060.000000
      Normal   +00001.000000,+00000.000000,+00000.000000
      TextureU +00000.000000,+00000.000000,-00001.000000
      TextureV +00000.000000,-00001.000000,+00000.000000
      Vertex   +00025.983707,-00015.379379,-00019.995300
      Vertex   +00025.983700,-00015.379532,+00015.204681
      Vertex   +00025.983704,-00021.779526,+00015.204708
   End Polygon
   Begin Polygon Item=Cap Texture=Thrug-grn Flags=1082654752 Link=14
      Origin   -00018.400291,-00015.379379,-00016.195282
      Normal   +00000.000000,-00001.000000,+00000.000000
      TextureU -00000.707109,+00000.000000,+00000.707105
      TextureV -00000.707108,+00000.000000,-00000.707105
      Vertex   +00027.199711,-00015.379379,-00010.395294
      Vertex   +00025.983706,-00015.379379,-00009.179283
      Vertex   +00025.983707,-00015.379379,-00014.924988
      Vertex   +00027.199711,-00015.379379,-00013.708984
   End Polygon
   Begin Polygon Item=Wall Texture=Thrug-grn Flags=1082654752 Link=5
      Origin   +00024.856571,+00026.220474,-00008.052124
      Normal   +00000.707109,-00000.000000,+00000.707105
      TextureU +00000.707107,+00000.000000,-00000.707107
      TextureV +00000.000000,+00001.000000,+00000.000000
      Vertex   +00025.983707,-00010.946030,-00009.179291
      Vertex   +00025.983706,-00015.379379,-00009.179283
      Vertex   +00027.199711,-00015.379379,-00010.395294
      Vertex   +00027.199711,-00010.724838,-00010.395294
   End Polygon
   Begin Polygon Item=Wall Texture=Thrug-grn Flags=1082654752 Link=4
      Origin   +00027.199711,+00026.220474,-00013.708984
      Normal   +00000.707107,+00000.000000,-00000.707107
      TextureU -00000.707108,+00000.000000,-00000.707105
      TextureV +00000.000000,+00001.000000,+00000.000000
      Vertex   +00025.983707,-00009.901352,-00014.924988
      Vertex   +00027.199711,-00010.181046,-00013.708984
      Vertex   +00027.199711,-00015.379379,-00013.708984
      Vertex   +00025.983707,-00015.379379,-00014.924988
   End Polygon
   Begin Polygon Texture=Cab5 Flags=1082654752 Link=17
      Origin   -00000.000000,+00203.999542,-01226.552368
      Normal   -00000.000000,-00000.983869,-00000.178889
      TextureU -00000.000000,+00000.032001,-00000.176004
      TextureV -00001.000000,+00000.000000,+00000.000000
      Vertex   +00025.983707,-00015.379379,-00019.995300
      Vertex   +00025.983704,-00021.779526,+00015.204708
      Vertex   -00022.400291,-00021.779526,+00015.204708
      Vertex   -00022.400291,-00015.379379,-00019.995300
   End Polygon
   Begin Polygon Texture=Thrug-grn Flags=1082654752 Link=18
      Origin   +00025.983704,-00021.779526,+00015.204708
      Normal   +00000.000000,+00000.000000,+00001.000000
      TextureU -00001.000000,+00000.000000,+00000.000000
      TextureV +00000.000000,-00001.000000,+00000.000000
      Vertex   +00025.983704,-00021.779526,+00015.204708
      Vertex   +00025.983700,-00015.379532,+00015.204681
      Vertex   -00022.400291,-00015.379623,+00015.204708
      Vertex   -00022.400291,-00021.779526,+00015.204708
   End Polygon
   Begin Polygon Texture=Cab5 Flags=1082654752 Link=19
      Origin   +00025.983707,-00008.979477,+00060.000000
      Normal   +00001.000000,+00000.000000,+00000.000000
      TextureU +00000.000000,+00000.000000,-00001.000000
      TextureV +00000.000000,-00001.000000,+00000.000000
      Vertex   +00025.983706,-00015.379379,-00009.179283
      Vertex   +00025.983707,-00010.946030,-00009.179291
      Vertex   +00025.983700,-00015.379532,+00015.204681
   End Polygon
   Begin Polygon Texture=Cab5 Flags=1082654752 Link=19
      Origin   +00025.983707,-00008.979477,+00060.000000
      Normal   +00001.000000,+00000.000000,+00000.000000
      TextureU +00000.000000,+00000.000000,-00001.000000
      TextureV +00000.000000,-00001.000000,+00000.000000
      Vertex   +00025.983707,-00008.979477,-00019.995300
      Vertex   +00025.983707,-00009.901352,-00014.924988
      Vertex   +00025.983707,-00015.379379,-00014.924988
      Vertex   +00025.983707,-00015.379379,-00019.995300
   End Polygon
   Begin Polygon Texture=Thrug-grn Flags=1082654752 Link=2
      Origin   +00025.983700,-00015.379532,+00015.204681
      Normal   -00000.000003,+00000.983870,+00000.178884
      TextureU -00001.000000,+00000.000000,+00000.000000
      TextureV -00000.000000,-00000.178885,+00000.983870
      Vertex   +00020.799744,-00011.888657,-00003.995304
      Vertex   +00025.983707,-00011.888657,-00003.995304
      Vertex   +00025.983707,-00010.946030,-00009.179291
   End Polygon
   Begin Polygon Texture=Thrug-grn Flags=1082654752 Link=2
      Origin   +00025.983700,-00015.379532,+00015.204681
      Normal   -00000.000003,+00000.983870,+00000.178884
      TextureU -00001.000000,+00000.000000,+00000.000000
      TextureV -00000.000000,-00000.178885,+00000.983870
      Vertex   -00016.000286,-00011.888657,-00003.995304
      Vertex   +00020.799744,-00011.888657,-00003.995304
      Vertex   +00023.199726,-00011.452377,-00006.395294
      Vertex   +00009.599710,-00008.979477,-00019.995300
      Vertex   -00016.000288,-00008.979477,-00019.995300
   End Polygon
   Begin Polygon Texture=Thrug-grn Flags=1082654752 Link=2
      Origin   +00025.983700,-00015.379532,+00015.204681
      Normal   -00000.000003,+00000.983870,+00000.178884
      TextureU -00001.000000,+00000.000000,+00000.000000
      TextureV -00000.000000,-00000.178885,+00000.983870
      Vertex   +00023.199726,-00011.452377,-00006.395294
      Vertex   +00024.856571,-00011.150864,-00008.052155
      Vertex   +00021.542862,-00011.150864,-00008.052155
   End Polygon
   Begin Polygon Texture=Thrug-grn Flags=1082654752 Link=2
      Origin   +00025.983700,-00015.379532,+00015.204681
      Normal   -00000.000003,+00000.983870,+00000.178884
      TextureU -00001.000000,+00000.000000,+00000.000000
      TextureV -00000.000000,-00000.178885,+00000.983870
      Vertex   +00019.199711,-00010.724838,-00010.395294
      Vertex   +00019.199711,-00008.979477,-00019.995300
      Vertex   +00009.599710,-00008.979477,-00019.995300
   End Polygon
   Begin Polygon Texture=Thrug-grn Flags=1082654752 Link=2
      Origin   +00025.983700,-00015.379532,+00015.204681
      Normal   -00000.000003,+00000.983870,+00000.178884
      TextureU -00001.000000,+00000.000000,+00000.000000
      TextureV -00000.000000,-00000.178885,+00000.983870
      Vertex   +00025.599712,-00009.831528,-00015.308990
      Vertex   +00025.983707,-00009.901352,-00014.924988
      Vertex   +00025.983707,-00008.979477,-00019.995300
      Vertex   +00025.599712,-00008.979477,-00019.995300
   End Polygon
   Begin Polygon Texture=Thrug-grn Flags=1082654752 Link=26
      Origin   +00025.983707,-00008.979477,-00019.995300
      Normal   +00000.000000,+00001.000000,+00000.000000
      TextureU -00001.000000,+00000.000000,+00000.000000
      TextureV +00000.000000,+00000.000000,+00001.000000
      Vertex   +00025.599712,-00008.979477,-00019.995300
      Vertex   +00025.983707,-00008.979477,-00019.995300
      Vertex   +00025.983711,-00008.979477,-00048.795288
      Vertex   +00025.599712,-00008.979477,-00048.795288
   End Polygon
   Begin Polygon Texture=Cab5 Flags=1082654752 Link=8
      Origin   -00022.400288,+00026.220474,+00060.000000
      Normal   +00000.000000,+00001.000000,+00000.000000
      TextureU +00000.000000,+00000.000000,-00001.000000
      TextureV +00001.000000,+00000.000000,+00000.000000
      Vertex   +00021.228657,+00026.220474,-00019.995270
      Vertex   +00025.599712,+00026.220474,-00019.995270
      Vertex   +00025.599716,+00026.220474,-00048.795288
      Vertex   +00021.228659,+00026.220474,-00048.795288
   End Polygon
   Begin Polygon Texture=Cab5 Flags=1082654752 Link=3
      Origin   +00025.599716,+00026.220474,+00060.000000
      Normal   +00001.000000,+00000.000000,+00000.000000
      TextureU +00000.000000,+00000.000000,-00001.000000
      TextureV +00000.000000,-00001.000000,+00000.000000
      Vertex   +00025.599716,+00026.220474,-00048.795288
      Vertex   +00025.599712,+00026.220474,-00019.995270
      Vertex   +00025.599712,-00008.979477,-00019.995300
      Vertex   +00025.599712,-00008.979477,-00048.795288
   End Polygon
   Begin Polygon Texture=Thrug-grn Flags=1082654752 Link=11
      Origin   +00019.199715,-00012.179428,-00048.795288
      Normal   -00001.000000,+00000.000000,+00000.000000
      TextureU +00000.000000,+00001.000000,+00000.000000
      TextureV +00000.000000,+00000.000000,-00001.000000
      Vertex   +00019.199707,+00026.220474,-00026.395294
      Vertex   +00019.199715,+00026.220474,-00048.795288
      Vertex   +00019.199715,-00008.979477,-00048.795288
      Vertex   +00019.199711,-00008.979477,-00026.395294
   End Polygon
   Begin Polygon Texture=Thrug-grn Flags=1082654752 Link=30
      Origin   -00016.000286,+00026.220474,-00026.395294
      Normal   +00000.000000,+00000.000000,-00001.000000
      TextureU +00000.000000,-00001.000000,+00000.000000
      TextureV -00001.000000,+00000.000000,+00000.000000
      Vertex   -00016.000286,+00026.220474,-00026.395294
      Vertex   +00019.199707,+00026.220474,-00026.395294
      Vertex   +00019.199711,-00008.979477,-00026.395294
      Vertex   -00016.000288,-00008.979477,-00026.395294
   End Polygon
   Begin Polygon Texture=Thrug-grn Flags=1082654752 Link=31
      Origin   +00019.199715,+00026.220474,-00048.795288
      Normal   +00000.000000,+00000.000000,-00001.000000
      TextureU +00000.000000,-00001.000000,+00000.000000
      TextureV -00001.000000,+00000.000000,+00000.000000
      Vertex   +00025.599716,+00026.220474,-00048.795288
      Vertex   +00025.599712,-00008.979477,-00048.795288
      Vertex   +00019.199715,-00008.979477,-00048.795288
      Vertex   +00019.199715,+00026.220474,-00048.795288
   End Polygon
   Begin Polygon Texture=Cab5 Flags=1082654752 Link=8
      Origin   -00022.400288,+00026.220474,+00060.000000
      Normal   +00000.000000,+00001.000000,+00000.000000
      TextureU +00000.000000,+00000.000000,-00001.000000
      TextureV +00001.000000,+00000.000000,+00000.000000
      Vertex   +00019.199707,+00026.220474,-00026.395294
      Vertex   +00021.228659,+00026.220474,-00026.395294
      Vertex   +00021.228659,+00026.220474,-00048.795288
      Vertex   +00019.199715,+00026.220474,-00048.795288
   End Polygon
   Begin Polygon Texture=Cab4 Flags=1082654752 Link=33
      Origin   -00016.000286,+00026.220474,-00026.395294
      Normal   +00000.000000,+00001.000000,+00000.000000
      TextureU +00001.818182,-00000.000000,-00000.000000
      TextureV +00000.000000,+00000.000000,-00005.000000
      Vertex   +00019.839703,+00026.220474,-00019.995270
      Vertex   +00019.839699,+00026.220474,-00026.395294
      Vertex   -00016.000286,+00026.220474,-00026.395294
      Vertex   -00016.057148,+00026.220474,-00021.852142
      Vertex   -00016.000286,+00026.220474,-00019.995270
   End Polygon
   Begin Polygon Texture=Cab5 Flags=1082654752 Link=8
      Origin   -00022.400288,+00026.220474,+00060.000000
      Normal   +00000.000000,+00001.000000,+00000.000000
      TextureU +00000.000000,+00000.000000,-00001.000000
      TextureV +00001.000000,+00000.000000,+00000.000000
      Vertex   +00021.228657,+00026.220474,-00019.995270
      Vertex   +00021.228659,+00026.220474,-00026.395294
      Vertex   +00019.839699,+00026.220474,-00026.395294
      Vertex   +00019.839703,+00026.220474,-00019.995270
   End Polygon
   Begin Polygon Texture=Cab5 Flags=1082654752 Link=35
      Origin   +00025.983707,-00008.979477,+00060.000000
      Normal   +00001.000000,+00000.000000,+00000.000000
      TextureU +00000.000000,+00000.000000,-00001.000000
      TextureV +00000.000000,-00001.000000,+00000.000000
      Vertex   +00025.983707,-00015.379379,-00019.995300
      Vertex   +00025.983711,-00015.379379,-00048.795288
      Vertex   +00025.983711,-00008.979477,-00048.795288
   End Polygon
   Begin Polygon Texture=Cab5 Flags=1082654752 Link=36
      Origin   +00025.983711,-00015.379379,+00060.000000
      Normal   +00000.000000,-00001.000000,+00000.000000
      TextureU +00000.000000,+00000.000000,-00001.000000
      TextureV -00001.000000,+00000.000000,+00000.000000
      Vertex   +00025.983711,-00015.379379,-00048.795288
      Vertex   +00025.983707,-00015.379379,-00019.995300
      Vertex   -00022.400291,-00015.379379,-00019.995300
      Vertex   -00022.400284,-00015.379379,-00048.795288
   End Polygon
   Begin Polygon Texture=Thrug-grn Flags=1082654752 Link=37
      Origin   +00025.983711,-00008.979477,-00048.795288
      Normal   +00000.000000,+00000.000000,-00001.000000
      TextureU -00001.000000,+00000.000000,+00000.000000
      TextureV +00000.000000,+00001.000000,+00000.000000
      Vertex   +00025.983711,-00008.979477,-00048.795288
      Vertex   +00025.983711,-00015.379379,-00048.795288
      Vertex   -00022.400284,-00015.379379,-00048.795288
      Vertex   -00022.400284,-00008.979477,-00048.795288
   End Polygon
   Begin Polygon Texture=Cab5 Flags=1082654752 Link=38
      Origin   +00025.983707,-00008.979477,+00060.000000
      Normal   +00001.000000,+00000.000000,+00000.000000
      TextureU +00000.000000,+00000.000000,-00001.000000
      TextureV +00000.000000,-00001.000000,+00000.000000
      Vertex   +00025.983707,-00008.979477,-00019.995300
      Vertex   +00025.983707,-00015.379379,-00019.995300
      Vertex   +00025.983711,-00008.979477,-00048.795288
   End Polygon
   Begin Polygon Texture=Thrug-grn Flags=1082654752 Link=26
      Origin   +00025.983707,-00008.979477,-00019.995300
      Normal   +00000.000000,+00001.000000,+00000.000000
      TextureU -00001.000000,+00000.000000,+00000.000000
      TextureV +00000.000000,+00000.000000,+00001.000000
      Vertex   -00016.000288,-00008.979477,-00026.395294
      Vertex   +00019.199711,-00008.979477,-00026.395294
      Vertex   +00019.199715,-00008.979477,-00048.795288
      Vertex   -00016.000290,-00008.979477,-00048.795288
   End Polygon
   Begin Polygon Texture=Cab5 Flags=1082654752 Link=40
      Origin   -00022.400291,-00015.379379,+00060.000000
      Normal   -00001.000000,+00000.000000,+00000.000000
      TextureU +00000.000000,+00000.000000,-00001.000000
      TextureV +00000.000000,+00001.000000,+00000.000000
      Vertex   -00022.400291,-00015.379379,-00019.995300
      Vertex   -00022.400291,-00021.779526,+00015.204708
      Vertex   -00022.400291,-00015.379623,+00015.204708
   End Polygon
   Begin Polygon Item=Wall Texture=Thrug-grn Flags=1082654752 Link=41
      Origin   -00024.057148,+00026.220474,-00010.538422
      Normal   -00000.707109,+00000.000000,+00000.707105
      TextureU +00000.707109,-00000.000000,+00000.707105
      TextureV +00000.000000,+00001.000000,+00000.000000
      Vertex   -00024.057152,-00015.379379,-00010.538452
      Vertex   -00022.457153,-00015.379379,-00008.938446
      Vertex   -00022.457150,+00026.220474,-00008.938416
      Vertex   -00024.057148,+00026.220474,-00010.538422
   End Polygon
   Begin Polygon Item=Wall Texture=Thrug-grn Flags=1082654752 Link=42
      Origin   -00021.714008,+00026.220474,-00016.195282
      Normal   -00000.707108,+00000.000000,-00000.707105
      TextureU -00000.707109,+00000.000000,+00000.707105
      TextureV +00000.000000,+00001.000000,+00000.000000
      Vertex   -00024.057148,+00026.220474,-00013.852142
      Vertex   -00022.457150,+00026.220474,-00015.452148
      Vertex   -00022.457153,-00015.379379,-00015.452148
      Vertex   -00024.057152,-00015.379379,-00013.852142
   End Polygon
   Begin Polygon Item=Wall Texture=Thrug-grn Flags=1082654752 Link=43
      Origin   -00024.057148,+00026.220474,-00013.852142
      Normal   -00001.000000,+00000.000000,+00000.000000
      TextureU +00000.000000,+00000.000000,+00001.000000
      TextureV +00000.000000,+00001.000000,+00000.000000
      Vertex   -00024.057152,-00015.379379,-00010.538452
      Vertex   -00024.057148,+00026.220474,-00010.538422
      Vertex   -00024.057148,+00026.220474,-00013.852142
      Vertex   -00024.057152,-00015.379379,-00013.852142
   End Polygon
   Begin Polygon Item=Cap Texture=Cab5 Flags=1082654752 Link=7
      Origin   -00021.714008,+00026.220474,+00060.000000
      Normal   +00000.000000,+00001.000000,+00000.000000
      TextureU +00000.000000,+00000.000000,-00001.000000
      TextureV +00001.000000,+00000.000000,+00000.000000
      Vertex   -00022.457150,+00026.220474,-00015.452148
      Vertex   -00024.057148,+00026.220474,-00013.852142
      Vertex   -00024.057148,+00026.220474,-00010.538422
      Vertex   -00022.457150,+00026.220474,-00008.938416
   End Polygon
   Begin Polygon Item=Cap Texture=Thrug-grn Flags=1082654752 Link=14
      Origin   -00018.400291,-00015.379379,-00016.195282
      Normal   +00000.000000,-00001.000000,+00000.000000
      TextureU -00000.707109,+00000.000000,+00000.707105
      TextureV -00000.707108,+00000.000000,-00000.707105
      Vertex   -00022.400291,-00015.379440,-00011.109703
      Vertex   -00022.457153,-00015.379379,-00008.938446
      Vertex   -00024.057152,-00015.379379,-00010.538452
      Vertex   -00024.057152,-00015.379379,-00013.852142
      Vertex   -00022.457153,-00015.379379,-00015.452148
   End Polygon
   Begin Polygon Item=Cap Texture=Cab5 Flags=1082654752 Link=7
      Origin   -00021.714008,+00026.220474,+00060.000000
      Normal   +00000.000000,+00001.000000,+00000.000000
      TextureU +00000.000000,+00000.000000,-00001.000000
      TextureV +00001.000000,+00000.000000,+00000.000000
      Vertex   -00022.457150,+00026.220474,-00010.652130
      Vertex   -00022.457150,+00026.220474,-00008.938416
      Vertex   -00021.714008,+00026.220474,-00008.195282
      Vertex   -00018.400288,+00026.220474,-00008.195282
      Vertex   -00016.000286,+00026.220474,-00010.395294
      Vertex   -00016.057148,+00026.220474,-00010.652130
   End Polygon
   Begin Polygon Item=Wall Texture=Thrug-grn Flags=1082654752 Link=47
      Origin   -00018.400288,+00026.220474,-00008.195282
      Normal   +00000.675726,-00000.000000,+00000.737152
      TextureU +00000.707107,+00000.000000,-00000.707107
      TextureV +00000.000000,+00001.000000,+00000.000000
      Vertex   -00016.057148,+00026.220474,-00010.652130
      Vertex   -00018.400288,+00026.220474,-00008.195282
      Vertex   -00018.400291,-00011.124985,-00008.195282
      Vertex   -00016.000290,-00010.724838,-00010.395294
   End Polygon
   Begin Polygon Item=Wall Texture=Thrug-grn Flags=1082654752 Link=48
      Origin   -00021.714008,+00026.220474,-00008.195282
      Normal   +00000.000000,+00000.000000,+00001.000000
      TextureU +00001.000000,+00000.000000,+00000.000000
      TextureV +00000.000000,+00001.000000,+00000.000000
      Vertex   -00018.400288,+00026.220474,-00008.195282
      Vertex   -00021.714008,+00026.220474,-00008.195282
      Vertex   -00021.713997,-00011.124985,-00008.195282
      Vertex   -00018.400291,-00011.124985,-00008.195282
   End Polygon
   Begin Polygon Item=Wall Texture=Thrug-grn Flags=1082654752 Link=41
      Origin   -00024.057148,+00026.220474,-00010.538422
      Normal   -00000.707109,+00000.000000,+00000.707105
      TextureU +00000.707109,-00000.000000,+00000.707105
      TextureV +00000.000000,+00001.000000,+00000.000000
      Vertex   -00021.714008,+00026.220474,-00008.195282
      Vertex   -00022.457150,+00026.220474,-00008.938416
      Vertex   -00022.457153,-00011.036606,-00008.938446
      Vertex   -00021.713997,-00011.124985,-00008.195282
   End Polygon
   Begin Polygon Texture=Thrug-grn Flags=1082654752 Link=31
      Origin   +00019.199715,+00026.220474,-00048.795288
      Normal   +00000.000000,+00000.000000,-00001.000000
      TextureU +00000.000000,-00001.000000,+00000.000000
      TextureV -00001.000000,+00000.000000,+00000.000000
      Vertex   -00022.400288,+00026.220474,-00048.795288
      Vertex   -00016.000286,+00026.220474,-00048.795288
      Vertex   -00016.000290,-00008.979477,-00048.795288
      Vertex   -00022.400284,-00008.979477,-00048.795288
   End Polygon
   Begin Polygon Texture=Cab5 Flags=1082654752 Link=8
      Origin   -00022.400288,+00026.220474,+00060.000000
      Normal   +00000.000000,+00001.000000,+00000.000000
      TextureU +00000.000000,+00000.000000,-00001.000000
      TextureV +00001.000000,+00000.000000,+00000.000000
      Vertex   -00022.400288,+00026.220474,-00037.595245
      Vertex   -00022.437431,+00026.220474,-00019.995270
      Vertex   -00022.457150,+00026.220474,-00015.452148
      Vertex   -00016.057148,+00026.220474,-00021.852142
      Vertex   -00016.000286,+00026.220474,-00026.395294
      Vertex   -00016.000286,+00026.220474,-00048.795288
      Vertex   -00022.400288,+00026.220474,-00048.795288
   End Polygon
   Begin Polygon Texture=Cab5 Flags=1082654752 Link=8
      Origin   -00022.400288,+00026.220474,+00060.000000
      Normal   +00000.000000,+00001.000000,+00000.000000
      TextureU +00000.000000,+00000.000000,-00001.000000
      TextureV +00001.000000,+00000.000000,+00000.000000
      Vertex   -00022.457150,+00026.220474,-00015.452148
      Vertex   -00022.457150,+00026.220474,-00010.652130
      Vertex   -00016.057148,+00026.220474,-00010.652130
      Vertex   -00016.000286,+00026.220474,-00019.995270
      Vertex   -00016.057148,+00026.220474,-00021.852142
   End Polygon
   Begin Polygon Texture=Thrug-grn Flags=1082654752 Link=2
      Origin   +00025.983700,-00015.379532,+00015.204681
      Normal   -00000.000003,+00000.983870,+00000.178884
      TextureU -00001.000000,+00000.000000,+00000.000000
      TextureV -00000.000000,-00000.178885,+00000.983870
      Vertex   -00022.400291,-00011.888657,-00003.995304
      Vertex   -00017.514023,-00011.888657,-00003.995304
      Vertex   -00021.713997,-00011.124985,-00008.195282
      Vertex   -00022.457153,-00011.036606,-00008.938446
   End Polygon
   Begin Polygon Texture=Thrug-grn Flags=1082654752 Link=2
      Origin   +00025.983700,-00015.379532,+00015.204681
      Normal   -00000.000003,+00000.983870,+00000.178884
      TextureU -00001.000000,+00000.000000,+00000.000000
      TextureV -00000.000000,-00000.178885,+00000.983870
      Vertex   -00020.129177,-00011.413147,-00006.610458
      Vertex   -00017.514023,-00011.888657,-00003.995304
      Vertex   -00016.000286,-00011.888657,-00003.995304
      Vertex   -00016.000290,-00010.724838,-00010.395294
   End Polygon
   Begin Polygon Texture=Thrug-grn Flags=1082654752 Link=2
      Origin   +00025.983700,-00015.379532,+00015.204681
      Normal   -00000.000003,+00000.983870,+00000.178884
      TextureU -00001.000000,+00000.000000,+00000.000000
      TextureV -00000.000000,-00000.178885,+00000.983870
      Vertex   -00020.129177,-00011.413147,-00006.610458
      Vertex   -00018.400291,-00011.124985,-00008.195282
      Vertex   -00021.713997,-00011.124985,-00008.195282
   End Polygon
   Begin Polygon Texture=Cab5 Flags=1082654752 Link=56
      Origin   -00022.400291,-00015.379379,+00060.000000
      Normal   -00000.999938,+00000.010324,+00000.004212
      TextureU -00000.004212,+00000.000043,-00000.999991
      TextureV +00000.010324,+00000.999947,-00000.000000
      Vertex   -00022.400291,-00011.888657,-00003.995304
      Vertex   -00022.457153,-00011.036606,-00008.938446
      Vertex   -00022.457153,-00015.379379,-00008.938446
      Vertex   -00022.400291,-00015.379486,-00004.000000
      Vertex   -00022.400291,-00015.379623,+00015.204708
   End Polygon
   Begin Polygon Texture=Cab5 Flags=1082654752 Link=57
      Origin   -00022.484810,-00012.179474,+00060.000000
      Normal   -00000.999999,-00000.000539,-00000.001078
      TextureU +00000.001078,+00000.000001,-00000.999999
      TextureV -00000.000539,+00001.000000,+00000.000000
      Vertex   -00022.436689,-00010.149506,-00013.724747
      Vertex   -00022.400290,-00010.678207,-00010.652161
      Vertex   -00022.457150,+00026.220474,-00010.652130
      Vertex   -00022.412285,+00026.220474,-00031.910347
   End Polygon
   Begin Polygon Texture=Thrug-grn Flags=1082654752 Link=58
      Origin   -00022.623991,-00012.179565,-00049.051147
      Normal   +00000.999983,+00000.000779,-00000.005856
      TextureU +00000.000000,+00001.000000,+00000.000000
      TextureV +00000.000000,+00000.000000,-00001.000000
      Vertex   -00022.457150,+00026.220474,-00015.452148
      Vertex   -00022.457150,+00026.220474,-00010.652130
      Vertex   -00022.400290,-00010.678207,-00010.652161
      Vertex   -00022.457153,-00009.852280,-00015.452148
   End Polygon
   Begin Polygon Texture=Cab5 Flags=1082654752 Link=56
      Origin   -00022.400291,-00015.379379,+00060.000000
      Normal   -00000.999938,+00000.010324,+00000.004212
      TextureU -00000.004212,+00000.000043,-00000.999991
      TextureV +00000.010324,+00000.999947,-00000.000000
      Vertex   -00022.457153,-00015.379379,-00015.452148
      Vertex   -00022.400291,-00015.379440,-00011.109703
      Vertex   -00022.457153,-00015.379379,-00008.938446
      Vertex   -00022.457153,-00011.036606,-00008.938446
      Vertex   -00022.400290,-00010.678207,-00010.652161
      Vertex   -00022.457153,-00009.852280,-00015.452148
      Vertex   -00022.400290,-00008.979477,-00019.995300
      Vertex   -00022.400291,-00015.379379,-00019.995300
   End Polygon
   Begin Polygon Texture=Thrug-grn Flags=1082654752 Link=60
      Origin   -00022.432253,-00015.379761,+00014.947815
      Normal   +00000.999983,-00000.005734,-00000.001043
      TextureU -00000.000000,-00000.983869,-00000.178889
      TextureV -00000.000000,-00000.178885,+00000.983870
      Vertex   -00022.400290,-00010.678207,-00010.652161
      Vertex   -00022.457153,-00011.036606,-00008.938446
      Vertex   -00022.457153,-00015.379379,-00008.938446
      Vertex   -00022.400291,-00015.379440,-00011.109703
      Vertex   -00022.457153,-00015.379379,-00015.452148
      Vertex   -00022.457153,-00009.852280,-00015.452148
   End Polygon
   Begin Polygon Texture=Cab5 Flags=1082654752 Link=57
      Origin   -00022.484810,-00012.179474,+00060.000000
      Normal   -00000.999999,-00000.000539,-00000.001078
      TextureU +00000.001078,+00000.000001,-00000.999999
      TextureV -00000.000539,+00001.000000,+00000.000000
      Vertex   -00022.412701,+00025.599854,-00031.600029
      Vertex   -00022.412285,+00026.220474,-00031.910347
      Vertex   -00022.400288,+00026.220474,-00048.795288
      Vertex   -00022.400288,+00025.599854,-00048.795288
   End Polygon
   Begin Polygon Texture=Cab5 Flags=1082654752 Link=62
      Origin   -00022.400291,-00015.379379,+00060.000000
      Normal   -00001.000000,+00000.000000,+00000.000000
      TextureU +00000.000000,+00000.000000,-00001.000000
      TextureV +00000.000000,+00001.000000,+00000.000000
      Vertex   -00022.400284,-00015.379379,-00048.795288
      Vertex   -00022.400291,-00015.379379,-00019.995300
      Vertex   -00022.400284,-00008.979477,-00048.795288
   End Polygon
   Begin Polygon Texture=Cab5 Flags=1082654752 Link=57
      Origin   -00022.484810,-00012.179474,+00060.000000
      Normal   -00000.999999,-00000.000539,-00000.001078
      TextureU +00000.001078,+00000.000001,-00000.999999
      TextureV -00000.000539,+00001.000000,+00000.000000
      Vertex   -00022.400290,-00008.979477,-00019.995300
      Vertex   -00022.457153,-00009.852280,-00015.452148
      Vertex   -00022.436689,-00010.149506,-00013.724747
      Vertex   -00022.412701,+00025.599854,-00031.600029
      Vertex   -00022.400288,+00025.599854,-00037.595245
      Vertex   -00022.400284,-00005.779282,-00037.595245
   End Polygon
   Begin Polygon Texture=Cab5 Flags=1082654752 Link=64
      Origin   -00022.400291,-00008.979477,+00060.000000
      Normal   -00001.000000,+00000.000000,+00000.000000
      TextureU +00000.000000,+00000.000000,-00001.000000
      TextureV +00000.000000,+00001.000000,+00000.000000
      Vertex   -00022.400291,-00015.379379,-00019.995300
      Vertex   -00022.400290,-00008.979477,-00019.995300
      Vertex   -00022.400284,-00008.979477,-00048.795288
   End Polygon
   Begin Polygon Texture=Cab5 Flags=1082654752 Link=57
      Origin   -00022.484810,-00012.179474,+00060.000000
      Normal   -00000.999999,-00000.000539,-00000.001078
      TextureU +00000.001078,+00000.000001,-00000.999999
      TextureV -00000.000539,+00001.000000,+00000.000000
      Vertex   -00022.400284,-00005.779282,-00037.595245
      Vertex   -00022.400284,-00008.979477,-00037.595245
      Vertex   -00022.400290,-00008.979477,-00019.995300
   End Polygon
   Begin Polygon Texture=Cab5 Flags=1082654752 Link=57
      Origin   -00022.484810,-00012.179474,+00060.000000
      Normal   -00000.999999,-00000.000539,-00000.001078
      TextureU +00000.001078,+00000.000001,-00000.999999
      TextureV -00000.000539,+00001.000000,+00000.000000
      Vertex   -00022.400288,+00025.599854,-00037.595245
      Vertex   -00022.400288,+00025.599854,-00048.795288
      Vertex   -00022.400284,-00008.979477,-00048.795288
      Vertex   -00022.400284,-00008.979477,-00037.595245
   End Polygon
   Begin Polygon Texture=Thrug-grn Flags=1082654752 Link=0
      Origin   -00016.000286,+00026.220474,-00048.795288
      Normal   +00001.000000,+00000.000000,+00000.000000
      TextureU +00000.000000,-00001.000000,+00000.000000
      TextureV +00000.000000,+00000.000000,-00001.000000
      Vertex   -00016.000286,+00026.220474,-00026.395294
      Vertex   -00016.000288,-00008.979477,-00026.395294
      Vertex   -00016.000290,-00008.979477,-00048.795288
      Vertex   -00016.000286,+00026.220474,-00048.795288
   End Polygon
End PolyList
