Begin PolyList
   Begin Polygon Item=Outer Texture=ShipGrayMetal_A Flags=1073741824 Link=0
      Origin   -00049.000000,+00019.882324,-00024.000000
      Normal   -00000.707107,+00000.707107,+00000.000000
      TextureU +00000.707107,+00000.707107,+00000.000000
      TextureV +00000.000000,+00000.000000,-00001.000000
      Vertex   -00049.000000,+00019.882324,-00020.000000
      Vertex   -00020.882324,+00048.000000,-00020.000000
      Vertex   -00020.882324,+00048.000000,-00024.000000
      Vertex   -00049.000000,+00019.882324,-00024.000000
   End Polygon
   Begin Polygon Item=Outer Texture=ShipGrayMetal_A Flags=1073741824 Link=1
      Origin   +00047.000000,+00019.882324,-00024.000000
      Normal   +00001.000000,+00000.000000,+00000.000000
      TextureU +00000.000000,-00001.000000,+00000.000000
      TextureV +00000.000000,+00000.000000,-00001.000000
      Vertex   +00047.000000,+00019.882324,-00020.000000
      Vertex   +00047.000000,-00019.882324,-00020.000000
      Vertex   +00047.000000,-00019.882324,-00024.000000
      Vertex   +00047.000000,+00019.882324,-00024.000000
   End Polygon
   Begin Polygon Item=Base Texture=ShipGrayMetal_A Flags=1073741824 Link=2
      Origin   -00020.882324,-00048.000000,-00024.000000
      Normal   +00000.000000,+00000.000000,-00001.000000
      TextureU +00000.707107,+00000.707107,+00000.000000
      TextureV +00000.707107,-00000.707107,+00000.000000
      Vertex   -00020.882324,-00048.000000,-00024.000000
      Vertex   -00049.000000,-00019.882324,-00024.000000
      Vertex   -00049.000000,+00019.882324,-00024.000000
      Vertex   -00020.882324,+00048.000000,-00024.000000
      Vertex   +00018.882202,+00048.000000,-00024.000000
      Vertex   +00047.000000,+00019.882324,-00024.000000
      Vertex   +00047.000000,-00019.882324,-00024.000000
      Vertex   +00018.882202,-00048.000000,-00024.000000
   End Polygon
   Begin Polygon Item=Outer Texture=ShipGrayMetal_A Flags=1073741856 Link=3
      Origin   +00008.686279,+00024.000000,-00064.000000
      Normal   +00000.707107,+00000.707107,+00000.000000
      TextureU +00000.707107,-00000.707107,+00000.000000
      TextureV +00000.000000,+00000.000000,-00001.199998
      Vertex   +00008.686279,+00024.000000,-00064.000000
      Vertex   +00008.686279,+00024.000000,-00024.000000
      Vertex   +00022.745239,+00009.940918,-00024.000000
      Vertex   +00022.745239,+00009.940918,-00064.000000
   End Polygon
   Begin Polygon Item=Outer Texture=ShipGrayMetal_A Flags=1073741856 Link=4
      Origin   -00011.195923,+00024.000000,-00064.000000
      Normal   +00000.000000,+00001.000000,+00000.000000
      TextureU +00001.000000,+00000.000000,+00000.000000
      TextureV +00000.000000,+00000.000000,-00001.199998
      Vertex   -00011.195923,+00024.000000,-00064.000000
      Vertex   -00011.195923,+00024.000000,-00024.000000
      Vertex   +00008.686279,+00024.000000,-00024.000000
      Vertex   +00008.686279,+00024.000000,-00064.000000
   End Polygon
   Begin Polygon Item=Outer Texture=ShipGrayMetal_A Flags=1073741856 Link=5
      Origin   -00025.254761,+00009.940918,-00064.000000
      Normal   -00000.707107,+00000.707107,+00000.000000
      TextureU +00000.707107,+00000.707107,+00000.000000
      TextureV +00000.000000,+00000.000000,-00001.199998
      Vertex   -00025.254761,+00009.940918,-00064.000000
      Vertex   -00025.254761,+00009.940918,-00024.000000
      Vertex   -00011.195923,+00024.000000,-00024.000000
      Vertex   -00011.195923,+00024.000000,-00064.000000
   End Polygon
   Begin Polygon Item=Outer Texture=ShipGrayMetal_A Flags=1073741856 Link=6
      Origin   -00025.254761,-00009.941406,-00064.000000
      Normal   -00001.000000,+00000.000000,+00000.000000
      TextureU +00000.000000,+00001.000000,+00000.000000
      TextureV +00000.000000,+00000.000000,-00001.199998
      Vertex   -00025.254761,-00009.941406,-00064.000000
      Vertex   -00025.254761,-00009.941406,-00024.000000
      Vertex   -00025.254761,+00009.940918,-00024.000000
      Vertex   -00025.254761,+00009.940918,-00064.000000
   End Polygon
   Begin Polygon Item=Outer Texture=ShipGrayMetal_A Flags=1073741856 Link=7
      Origin   -00011.195923,-00024.000000,-00064.000000
      Normal   -00000.707107,-00000.707107,+00000.000000
      TextureU -00000.707107,+00000.707107,+00000.000000
      TextureV +00000.000000,+00000.000000,-00001.199998
      Vertex   -00011.195923,-00024.000000,-00064.000000
      Vertex   -00011.195923,-00024.000000,-00024.000000
      Vertex   -00025.254761,-00009.941406,-00024.000000
      Vertex   -00025.254761,-00009.941406,-00064.000000
   End Polygon
   Begin Polygon Item=Outer Texture=ShipGrayMetal_A Flags=1073741856 Link=8
      Origin   +00008.686279,-00024.000000,-00064.000000
      Normal   +00000.000000,-00001.000000,+00000.000000
      TextureU -00001.000000,+00000.000000,+00000.000000
      TextureV +00000.000000,+00000.000000,-00001.199998
      Vertex   +00008.686279,-00024.000000,-00064.000000
      Vertex   +00008.686279,-00024.000000,-00024.000000
      Vertex   -00011.195923,-00024.000000,-00024.000000
      Vertex   -00011.195923,-00024.000000,-00064.000000
   End Polygon
   Begin Polygon Item=Outer Texture=ShipGrayMetal_A Flags=1073741856 Link=9
      Origin   +00022.745239,-00009.941406,-00064.000000
      Normal   +00000.707107,-00000.707107,+00000.000000
      TextureU -00000.707107,-00000.707107,+00000.000000
      TextureV +00000.000000,+00000.000000,-00001.199998
      Vertex   +00022.745239,-00009.941406,-00064.000000
      Vertex   +00022.745239,-00009.941406,-00024.000000
      Vertex   +00008.686279,-00024.000000,-00024.000000
      Vertex   +00008.686279,-00024.000000,-00064.000000
   End Polygon
   Begin Polygon Item=Outer Texture=ShipGrayMetal_A Flags=1073741856 Link=10
      Origin   +00022.745239,+00009.940918,-00064.000000
      Normal   +00001.000000,+00000.000000,+00000.000000
      TextureU +00000.000000,-00001.000000,+00000.000000
      TextureV +00000.000000,+00000.000000,-00001.199998
      Vertex   +00022.745239,+00009.940918,-00064.000000
      Vertex   +00022.745239,+00009.940918,-00024.000000
      Vertex   +00022.745239,-00009.941406,-00024.000000
      Vertex   +00022.745239,-00009.941406,-00064.000000
   End Polygon
   Begin Polygon Item=Base Texture=ShipGrayMetal_A Flags=1073741856 Link=11
      Origin   +00022.745239,-00009.941406,-00064.000000
      Normal   +00000.000000,+00000.000000,-00001.000000
      TextureU -00000.707107,+00000.707107,+00000.000000
      TextureV +00000.707107,+00000.707107,+00000.000000
      Vertex   +00022.745239,-00009.941406,-00064.000000
      Vertex   +00008.686279,-00024.000000,-00064.000000
      Vertex   -00011.195923,-00024.000000,-00064.000000
      Vertex   -00025.254761,-00009.941406,-00064.000000
      Vertex   -00025.254761,+00009.940918,-00064.000000
      Vertex   -00011.195923,+00024.000000,-00064.000000
      Vertex   +00008.686279,+00024.000000,-00064.000000
      Vertex   +00022.745239,+00009.940918,-00064.000000
   End Polygon
   Begin Polygon Item=Top Texture=ShipGrayMetal_A Flags=1073741824 Link=12
      Origin   +00018.882202,-00048.000000,-00020.000000
      Normal   +00000.000000,+00000.000000,+00001.000000
      TextureU -00000.707107,+00000.707107,+00000.000000
      TextureV -00000.707107,-00000.707107,+00000.000000
      Vertex   +00007.568359,-00048.000000,-00020.000000
      Vertex   +00018.882202,-00048.000000,-00020.000000
      Vertex   +00047.000000,-00019.882324,-00020.000000
      Vertex   +00047.000000,-00008.568359,-00020.000000
   End Polygon
   Begin Polygon Item=Outer Texture=ShipGrayMetal_A Flags=1073741824 Link=13
      Origin   -00020.882324,-00048.000000,-00024.000000
      Normal   -00000.707107,-00000.707107,+00000.000000
      TextureU -00000.707107,+00000.707107,+00000.000000
      TextureV +00000.000000,+00000.000000,-00001.000000
      Vertex   -00020.882324,-00048.000000,-00020.000000
      Vertex   -00049.000000,-00019.882324,-00020.000000
      Vertex   -00049.000000,-00019.882324,-00024.000000
      Vertex   -00020.882324,-00048.000000,-00024.000000
   End Polygon
   Begin Polygon Item=Outer Texture=ShipGrayMetal_A Flags=1073741824 Link=14
      Origin   -00020.882324,+00048.000000,-00024.000000
      Normal   +00000.000000,+00001.000000,+00000.000000
      TextureU +00001.000000,+00000.000000,+00000.000000
      TextureV +00000.000000,+00000.000000,-00001.000000
      Vertex   -00020.882324,+00048.000000,-00020.000000
      Vertex   +00018.882202,+00048.000000,-00020.000000
      Vertex   +00018.882202,+00048.000000,-00024.000000
      Vertex   -00020.882324,+00048.000000,-00024.000000
   End Polygon
   Begin Polygon Item=Outer Texture=ShipGrayMetal_A Flags=1073741824 Link=15
      Origin   +00047.000000,-00019.882324,-00024.000000
      Normal   +00000.707107,-00000.707107,+00000.000000
      TextureU -00000.707107,-00000.707107,+00000.000000
      TextureV +00000.000000,+00000.000000,-00001.000000
      Vertex   +00047.000000,-00019.882324,-00020.000000
      Vertex   +00018.882202,-00048.000000,-00020.000000
      Vertex   +00018.882202,-00048.000000,-00024.000000
      Vertex   +00047.000000,-00019.882324,-00024.000000
   End Polygon
   Begin Polygon Item=Outer Texture=ShipGrayMetal_A Flags=1073741824 Link=16
      Origin   +00018.882202,+00048.000000,-00024.000000
      Normal   +00000.707107,+00000.707107,+00000.000000
      TextureU +00000.707107,-00000.707107,+00000.000000
      TextureV +00000.000000,+00000.000000,-00001.000000
      Vertex   +00018.882202,+00048.000000,-00020.000000
      Vertex   +00047.000000,+00019.882324,-00020.000000
      Vertex   +00047.000000,+00019.882324,-00024.000000
      Vertex   +00018.882202,+00048.000000,-00024.000000
   End Polygon
   Begin Polygon Item=Outer Texture=ShipGrayMetal_A Flags=1073741824 Link=17
      Origin   -00049.000000,-00019.882324,-00024.000000
      Normal   -00001.000000,+00000.000000,+00000.000000
      TextureU +00000.000000,+00001.000000,+00000.000000
      TextureV +00000.000000,+00000.000000,-00001.000000
      Vertex   -00049.000000,-00019.882324,-00020.000000
      Vertex   -00049.000000,+00019.882324,-00020.000000
      Vertex   -00049.000000,+00019.882324,-00024.000000
      Vertex   -00049.000000,-00019.882324,-00024.000000
   End Polygon
   Begin Polygon Item=Outer Texture=ShipGrayMetal_A Flags=1073741824 Link=18
      Origin   +00018.882202,-00048.000000,-00024.000000
      Normal   +00000.000000,-00001.000000,+00000.000000
      TextureU -00001.000000,+00000.000000,+00000.000000
      TextureV +00000.000000,+00000.000000,-00001.000000
      Vertex   +00018.882202,-00048.000000,-00020.000000
      Vertex   -00020.882324,-00048.000000,-00020.000000
      Vertex   -00020.882324,-00048.000000,-00024.000000
      Vertex   +00018.882202,-00048.000000,-00024.000000
   End Polygon
   Begin Polygon Item=Top Texture=ShipGrayMetal_A Flags=1073741824 Link=12
      Origin   +00018.882202,-00048.000000,-00020.000000
      Normal   +00000.000000,+00000.000000,+00001.000000
      TextureU -00000.707107,+00000.707107,+00000.000000
      TextureV -00000.707107,-00000.707107,+00000.000000
      Vertex   +00039.000000,-00016.568359,-00020.000000
      Vertex   +00047.000000,-00008.568359,-00020.000000
      Vertex   +00047.000000,+00019.882324,-00020.000000
      Vertex   +00039.000000,+00027.882324,-00020.000000
   End Polygon
   Begin Polygon Item=Top Texture=ShipGrayMetal_A Flags=1073741824 Link=12
      Origin   +00018.882202,-00048.000000,-00020.000000
      Normal   +00000.000000,+00000.000000,+00001.000000
      TextureU -00000.707107,+00000.707107,+00000.000000
      TextureV -00000.707107,-00000.707107,+00000.000000
      Vertex   +00039.000000,+00016.568359,-00020.000000
      Vertex   +00039.000000,+00027.882324,-00020.000000
      Vertex   +00018.882202,+00048.000000,-00020.000000
      Vertex   +00007.568481,+00048.000000,-00020.000000
   End Polygon
   Begin Polygon Item=Top Texture=ShipGrayMetal_A Flags=1073741824 Link=12
      Origin   +00018.882202,-00048.000000,-00020.000000
      Normal   +00000.000000,+00000.000000,+00001.000000
      TextureU -00000.707107,+00000.707107,+00000.000000
      TextureV -00000.707107,-00000.707107,+00000.000000
      Vertex   +00015.568481,+00040.000000,-00020.000000
      Vertex   +00007.568481,+00048.000000,-00020.000000
      Vertex   -00020.882324,+00048.000000,-00020.000000
      Vertex   -00028.882324,+00040.000000,-00020.000000
   End Polygon
   Begin Polygon Item=Top Texture=ShipGrayMetal_A Flags=1073741824 Link=12
      Origin   +00018.882202,-00048.000000,-00020.000000
      Normal   +00000.000000,+00000.000000,+00001.000000
      TextureU -00000.707107,+00000.707107,+00000.000000
      TextureV -00000.707107,-00000.707107,+00000.000000
      Vertex   -00017.568604,+00040.000000,-00020.000000
      Vertex   -00028.882324,+00040.000000,-00020.000000
      Vertex   -00049.000000,+00019.882324,-00020.000000
      Vertex   -00049.000000,+00008.568359,-00020.000000
   End Polygon
   Begin Polygon Item=Top Texture=ShipGrayMetal_A Flags=1073741824 Link=12
      Origin   +00018.882202,-00048.000000,-00020.000000
      Normal   +00000.000000,+00000.000000,+00001.000000
      TextureU -00000.707107,+00000.707107,+00000.000000
      TextureV -00000.707107,-00000.707107,+00000.000000
      Vertex   -00041.000000,+00016.568359,-00020.000000
      Vertex   -00049.000000,+00008.568359,-00020.000000
      Vertex   -00049.000000,-00019.882324,-00020.000000
      Vertex   -00041.000000,-00027.882324,-00020.000000
   End Polygon
   Begin Polygon Item=Top Texture=ShipGrayMetal_A Flags=1073741824 Link=12
      Origin   +00018.882202,-00048.000000,-00020.000000
      Normal   +00000.000000,+00000.000000,+00001.000000
      TextureU -00000.707107,+00000.707107,+00000.000000
      TextureV -00000.707107,-00000.707107,+00000.000000
      Vertex   -00009.568604,-00048.000000,-00020.000000
      Vertex   -00041.000000,-00016.568359,-00020.000000
      Vertex   -00041.000000,-00027.882324,-00020.000000
      Vertex   -00020.882324,-00048.000000,-00020.000000
   End Polygon
   Begin Polygon Item=Top Texture=ShipGrayMetal_A Flags=1073741824 Link=12
      Origin   +00018.882202,-00048.000000,-00020.000000
      Normal   +00000.000000,+00000.000000,+00001.000000
      TextureU -00000.707107,+00000.707107,+00000.000000
      TextureV -00000.707107,-00000.707107,+00000.000000
      Vertex   -00017.568604,-00040.000000,-00020.000000
      Vertex   -00009.568604,-00048.000000,-00020.000000
      Vertex   +00007.568359,-00048.000000,-00020.000000
      Vertex   +00015.568481,-00040.000000,-00020.000000
   End Polygon
   Begin Polygon Item=Top Texture=ClenCmandWall_J Flags=1073741824 Link=26
      Origin   +00015.568481,-00040.000000,-00020.000000
      Normal   +00000.000000,+00000.000000,+00001.000000
      TextureU -00000.707107,+00000.707107,+00000.000000
      TextureV -00000.707107,-00000.707107,+00000.000000
      Vertex   +00015.568481,-00040.000000,-00020.000000
      Vertex   +00039.000000,-00016.568359,-00020.000000
      Vertex   +00039.000000,+00016.568359,-00020.000000
      Vertex   +00015.568481,+00040.000000,-00020.000000
      Vertex   -00017.568604,+00040.000000,-00020.000000
      Vertex   -00041.000000,+00016.568359,-00020.000000
      Vertex   -00041.000000,-00016.568359,-00020.000000
      Vertex   -00017.568604,-00040.000000,-00020.000000
   End Polygon
End PolyList
