Begin PolyList
   Begin Polygon Item=OUTSIDE Flags=-1073741824 Link=0
      Origin   -00090.000000,+00128.000000,-00032.000000
      Normal   +00000.000000,+00000.000000,-00001.000000
      TextureU +00000.000000,-00001.000000,+00000.000000
      TextureV -00001.000000,+00000.000000,+00000.000000
      Vertex   +00016.000000,-00010.000000,-00032.000000
      Vertex   -00016.000000,-00010.000000,-00032.000000
      Vertex   -00016.000000,+00022.000000,-00032.000000
      Vertex   +00016.000000,+00022.000000,-00032.000000
   End Polygon
   Begin Polygon Item=2DLoftSIDE Texture=pa_chteutble_a Flags=1082130464 Link=1
      Origin   +02032.000000,+00170.213989,-00320.002350
      Normal   +00000.000000,-00000.845487,-00000.533996
      TextureU +00001.000000,+00000.000000,+00000.000000
      TextureV +00000.000000,+00000.533997,-00000.845486
      Vertex   -00024.000000,-00042.000122,+00016.000000
      Vertex   -00022.736816,-00039.473877,+00012.000031
      Vertex   +00022.736938,-00039.473877,+00012.000031
      Vertex   +00024.000122,-00042.000122,+00016.000000
   End Polygon
   Begin Polygon Item=2DLoftSIDE Texture=pa_chteutble_a Flags=1082130464 Link=2
      Origin   +02032.000000,-00158.211548,-00319.998352
      Normal   +00000.000000,+00000.845487,-00000.533996
      TextureU -00001.000000,+00000.000000,+00000.000000
      TextureV +00000.000000,-00000.533997,-00000.845486
      Vertex   +00024.000122,+00054.000122,+00016.000000
      Vertex   +00022.736938,+00051.473877,+00012.000031
      Vertex   -00022.736816,+00051.473877,+00012.000031
      Vertex   -00024.000000,+00054.000122,+00016.000000
   End Polygon
   Begin Polygon Item=2DLoftSIDE Texture=pa_chteutble_a Flags=1082130464 Link=3
      Origin   +02032.000000,-01130.000000,+00008.000031
      Normal   +00000.000000,+00000.000000,-00001.000000
      TextureU +00001.000000,+00000.000000,+00000.000000
      TextureV +00000.000000,+00001.000000,+00000.000000
      Vertex   +00032.842163,+00006.000000,+00008.000061
      Vertex   +00016.421143,-00026.842163,+00008.000061
      Vertex   -00016.421143,-00026.842163,+00008.000061
      Vertex   -00032.842285,+00006.000000,+00008.000061
      Vertex   -00016.421143,+00038.842163,+00008.000061
      Vertex   +00016.421143,+00038.842163,+00008.000061
   End Polygon
   Begin Polygon Item=OUTSIDE Texture=pa_chteutble_a Flags=1082130464 Link=4
      Origin   +02032.000000,+00079.599854,-00319.999329
      Normal   +00000.000000,+00000.980581,+00000.196116
      TextureU -00001.000000,+00000.000000,+00000.000000
      TextureV +00000.000000,+00000.196116,-00000.980582
      Vertex   -00016.000000,+00022.000000,-00032.000000
      Vertex   -00008.000000,+00014.000000,+00008.000000
      Vertex   +00008.000000,+00014.000000,+00008.000000
      Vertex   +00016.000000,+00022.000000,-00032.000000
   End Polygon
   Begin Polygon Item=OUTSIDE Texture=pa_chteutble_a Flags=1082130464 Link=5
      Origin   +02032.000000,-00067.600098,-00320.000610
      Normal   +00000.000000,-00000.980581,+00000.196116
      TextureU +00001.000000,+00000.000000,+00000.000000
      TextureV +00000.000000,-00000.196116,-00000.980582
      Vertex   +00016.000000,-00010.000000,-00032.000000
      Vertex   +00008.000000,-00002.000000,+00008.000000
      Vertex   -00008.000000,-00002.000000,+00008.000000
      Vertex   -00016.000000,-00010.000000,-00032.000000
   End Polygon
   Begin Polygon Item=OUTSIDE Texture=pa_chteutble_a Flags=1082130464 Link=6
      Origin   +00073.599976,-01130.000000,-00320.000000
      Normal   +00000.980581,+00000.000000,+00000.196116
      TextureU +00000.000000,+00001.000000,+00000.000000
      TextureV +00000.196116,+00000.000000,-00000.980581
      Vertex   +00016.000000,+00022.000000,-00032.000000
      Vertex   +00008.000000,+00014.000000,+00008.000000
      Vertex   +00008.000000,-00002.000000,+00008.000000
      Vertex   +00016.000000,-00010.000000,-00032.000000
   End Polygon
   Begin Polygon Item=OUTSIDE Texture=pa_chteutble_a Flags=1082130464 Link=7
      Origin   -00073.600098,-01130.000000,-00319.999969
      Normal   -00000.980581,+00000.000000,+00000.196116
      TextureU +00000.000000,-00001.000000,+00000.000000
      TextureV -00000.196116,+00000.000000,-00000.980581
      Vertex   -00016.000000,-00010.000000,-00032.000000
      Vertex   -00008.000000,-00002.000000,+00008.000000
      Vertex   -00008.000000,+00014.000000,+00008.000000
      Vertex   -00016.000000,+00022.000000,-00032.000000
   End Polygon
   Begin Polygon Item=2DLoftSIDE Texture=pa_chteutble_a Flags=1082130464 Link=8
      Origin   -00179.370605,-00024.314697,-00320.000793
      Normal   +00000.778759,-00000.389380,-00000.491852
      TextureU +00000.447215,+00000.894427,+00000.000000
      TextureV -00000.439926,+00000.219963,-00000.870679
      Vertex   +00024.000122,-00042.000122,+00016.000000
      Vertex   +00022.736938,-00039.473877,+00012.000031
      Vertex   +00045.473877,+00006.000000,+00012.000031
      Vertex   +00048.000122,+00006.000000,+00016.000000
   End Polygon
   Begin Polygon Item=2DLoftSIDE Texture=pa_chteutble_a Flags=1082130464 Link=9
      Origin   +00992.170288,-01649.914917,-00319.999817
      Normal   -00000.778759,-00000.389380,-00000.491852
      TextureU +00000.447214,-00000.894427,+00000.000000
      TextureV +00000.439926,+00000.219963,-00000.870679
      Vertex   -00048.000244,+00006.000000,+00016.000000
      Vertex   -00045.473877,+00006.000000,+00012.000031
      Vertex   -00022.736816,-00039.473877,+00012.000031
      Vertex   -00024.000000,-00042.000122,+00016.000000
   End Polygon
   Begin Polygon Item=2DLoftSIDE Texture=pa_chteutble_a Flags=1082130464 Link=10
      Origin   +00083.370117,-00155.685059,-00319.999481
      Normal   -00000.778759,+00000.389380,-00000.491852
      TextureU -00000.447214,-00000.894427,+00000.000000
      TextureV +00000.439926,-00000.219963,-00000.870679
      Vertex   -00024.000000,+00054.000122,+00016.000000
      Vertex   -00022.736816,+00051.473877,+00012.000031
      Vertex   -00045.473877,+00006.000000,+00012.000031
      Vertex   -00048.000244,+00006.000000,+00016.000000
   End Polygon
   Begin Polygon Item=2DLoftSIDE Texture=pa_chteutble_a Flags=1082130464 Link=11
      Origin   +00729.429810,-01781.285034,-00320.000427
      Normal   +00000.778759,+00000.389380,-00000.491852
      TextureU -00000.447215,+00000.894427,+00000.000000
      TextureV -00000.439926,-00000.219963,-00000.870679
      Vertex   +00048.000122,+00006.000000,+00016.000000
      Vertex   +00045.473877,+00006.000000,+00012.000031
      Vertex   +00022.736938,+00051.473877,+00012.000031
      Vertex   +00024.000122,+00054.000122,+00016.000000
   End Polygon
   Begin Polygon Item=2DLoftSIDE Texture=pa_chteutble_a Flags=1082130464 Link=12
      Origin   -00850.367676,+00311.185547,-00320.000305
      Normal   +00000.298508,-00000.149254,-00000.942665
      TextureU +00000.447215,+00000.894427,+00000.000000
      TextureV -00000.843145,+00000.421573,-00000.333742
      Vertex   +00022.736938,-00039.473877,+00012.000031
      Vertex   +00016.421143,-00026.842163,+00008.000061
      Vertex   +00032.842163,+00006.000000,+00008.000061
      Vertex   +00045.473877,+00006.000000,+00012.000031
   End Polygon
   Begin Polygon Item=2DLoftSIDE Texture=pa_chteutble_a Flags=1082130464 Link=13
      Origin   +02032.000000,-01130.000000,+00357.329224
      Normal   +00000.000000,-00000.301889,-00000.953343
      TextureU +00001.000000,+00000.000000,+00000.000000
      TextureV +00000.000000,+00000.908863,-00000.287804
      Vertex   -00022.736816,-00039.473877,+00012.000031
      Vertex   -00016.421143,-00026.842163,+00008.000061
      Vertex   +00016.421143,-00026.842163,+00008.000061
      Vertex   +00022.736938,-00039.473877,+00012.000031
   End Polygon
   Begin Polygon Item=2DLoftSIDE Texture=pa_chteutble_a Flags=1082130464 Link=14
      Origin   +01663.168457,-01314.416016,-00320.000153
      Normal   -00000.298508,-00000.149254,-00000.942665
      TextureU +00000.447214,-00000.894427,+00000.000000
      TextureV +00000.843145,+00000.421573,-00000.333742
      Vertex   -00045.473877,+00006.000000,+00012.000031
      Vertex   -00032.842285,+00006.000000,+00008.000061
      Vertex   -00016.421143,-00026.842163,+00008.000061
      Vertex   -00022.736816,-00039.473877,+00012.000031
   End Polygon
   Begin Polygon Item=2DLoftSIDE Texture=pa_chteutble_a Flags=1082130464 Link=15
      Origin   +00754.368286,-00491.183350,-00320.000122
      Normal   -00000.298508,+00000.149254,-00000.942665
      TextureU -00000.447214,-00000.894427,+00000.000000
      TextureV +00000.843145,-00000.421573,-00000.333742
      Vertex   -00022.736816,+00051.473877,+00012.000031
      Vertex   -00016.421143,+00038.842163,+00008.000061
      Vertex   -00032.842285,+00006.000000,+00008.000061
      Vertex   -00045.473877,+00006.000000,+00012.000031
   End Polygon
   Begin Polygon Item=2DLoftSIDE Texture=pa_chteutble_a Flags=1082130464 Link=16
      Origin   +02032.000000,-01130.000000,-00362.128967
      Normal   +00000.000000,+00000.301889,-00000.953343
      TextureU +00001.000000,+00000.000000,+00000.000000
      TextureV +00000.000000,+00000.908863,+00000.287804
      Vertex   +00022.736938,+00051.473877,+00012.000031
      Vertex   +00016.421143,+00038.842163,+00008.000061
      Vertex   -00016.421143,+00038.842163,+00008.000061
      Vertex   -00022.736816,+00051.473877,+00012.000031
   End Polygon
   Begin Polygon Item=2DLoftSIDE Texture=pa_chteutble_a Flags=1082130464 Link=17
      Origin   +00058.433105,-02116.784668,-00320.000000
      Normal   +00000.298508,+00000.149254,-00000.942665
      TextureU -00000.447215,+00000.894427,+00000.000000
      TextureV -00000.843145,-00000.421573,-00000.333742
      Vertex   +00045.473877,+00006.000000,+00012.000031
      Vertex   +00032.842163,+00006.000000,+00008.000061
      Vertex   +00016.421143,+00038.842163,+00008.000061
      Vertex   +00022.736938,+00051.473877,+00012.000031
   End Polygon
   Begin Polygon Item=2DLoftSIDE Texture=pa_chteutble_a Flags=1082130464 Link=18
      Origin   +02032.000000,-01130.000000,+00016.000000
      Normal   +00000.000000,+00000.000000,+00001.000000
      TextureU +00001.000000,+00000.000000,+00000.000000
      TextureV +00000.000000,+00001.000000,+00000.000000
      Vertex   -00048.000244,+00006.000000,+00016.000000
      Vertex   -00024.000000,-00042.000122,+00016.000000
      Vertex   +00024.000122,-00042.000122,+00016.000000
      Vertex   +00048.000122,+00006.000000,+00016.000000
      Vertex   +00024.000122,+00054.000122,+00016.000000
      Vertex   -00024.000000,+00054.000122,+00016.000000
   End Polygon
End PolyList
