Begin PolyList
   Begin Polygon Item=OUTSIDE Flags=-1073741824 Link=0
      Origin   -00128.000000,+00128.000000,-00050.000000
      Normal   +00000.000000,+00000.000000,-00001.000000
      TextureU +00000.000000,-00001.000000,+00000.000000
      TextureV -00001.000000,+00000.000000,+00000.000000
      Vertex   +00072.000000,-00047.000000,-00050.000000
      Vertex   +00064.000000,-00047.000000,-00050.000000
      Vertex   +00064.000000,+00025.000000,-00050.000000
      Vertex   +00072.000000,+00025.000000,-00050.000000
   End Polygon
   Begin Polygon Item=OUTSIDE Flags=-1073741824 Link=0
      Origin   -00128.000000,+00128.000000,-00050.000000
      Normal   +00000.000000,+00000.000000,-00001.000000
      TextureU +00000.000000,-00001.000000,+00000.000000
      TextureV -00001.000000,+00000.000000,+00000.000000
      Vertex   -00072.000000,-00047.000000,-00050.000000
      Vertex   -00080.000000,-00047.000000,-00050.000000
      Vertex   -00080.000000,+00025.000000,-00050.000000
      Vertex   -00072.000000,+00025.000000,-00050.000000
   End Polygon
   Begin Polygon Item=OUTSIDE Texture=ClenMedmWalnt_A Flags=1082130464 Link=2
      Origin   -00004.000000,+00037.000000,-00356.000000
      Normal   +00001.000000,+00000.000000,+00000.000000
      TextureU +00000.000000,+00001.000000,+00000.000000
      TextureV +00000.000000,+00000.000000,-00001.000000
      Vertex   -00004.000000,+00037.000000,-00014.000000
      Vertex   -00004.000000,+00037.000000,-00012.000000
      Vertex   -00004.000000,-00059.000000,-00012.000000
      Vertex   -00004.000000,-00059.000000,-00014.000000
   End Polygon
   Begin Polygon Item=OUTSIDE Texture=ClenMedmWalnt_A Flags=1082130464 Link=3
      Origin   -00004.000000,+00589.000000,-00014.000000
      Normal   +00000.000000,+00000.000000,+00001.000000
      TextureU +00001.000000,+00000.000000,+00000.000000
      TextureV +00000.000000,+00001.000000,+00000.000000
      Vertex   +00092.000000,+00033.000000,-00014.000000
      Vertex   -00004.000000,+00037.000000,-00014.000000
      Vertex   -00004.000000,-00059.000000,-00014.000000
      Vertex   +00092.000000,-00055.000000,-00014.000000
   End Polygon
   Begin Polygon Item=OUTSIDE Texture=ClenMedmWalnt_A Flags=1082130464 Link=4
      Origin   -00099.840759,+00040.993347,-00356.000000
      Normal   +00000.041631,+00000.999133,+00000.000000
      TextureU -00000.999133,+00000.041631,+00000.000000
      TextureV +00000.000000,+00000.000000,-00001.000000
      Vertex   -00004.000000,+00037.000000,-00014.000000
      Vertex   -00004.000000,+00037.000000,-00012.000000
      Vertex   +00092.000000,+00033.000000,-00012.000000
      Vertex   +00092.000000,+00033.000000,-00014.000000
   End Polygon
   Begin Polygon Item=OUTSIDE Texture=ClenMedmWalnt_A Flags=1082130464 Link=5
      Origin   +00092.000000,-00055.000000,-00356.000000
      Normal   +00000.041631,-00000.999133,+00000.000000
      TextureU +00000.999133,+00000.041631,+00000.000000
      TextureV +00000.000000,+00000.000000,-00001.000000
      Vertex   +00092.000000,-00055.000000,-00014.000000
      Vertex   +00092.000000,-00055.000000,-00012.000000
      Vertex   -00004.000000,-00059.000000,-00012.000000
      Vertex   -00004.000000,-00059.000000,-00014.000000
   End Polygon
   Begin Polygon Item=OUTSIDE Texture=ClenMedmWalnt_A Flags=1082130464 Link=6
      Origin   +00092.000000,+00037.171631,-00356.000000
      Normal   +00001.000000,+00000.000000,+00000.000000
      TextureU +00000.000000,+00001.000000,+00000.000000
      TextureV +00000.000000,+00000.000000,-00001.000000
      Vertex   +00092.000000,+00033.000000,-00014.000000
      Vertex   +00092.000000,+00033.000000,-00012.000000
      Vertex   +00092.000000,-00055.000000,-00012.000000
      Vertex   +00092.000000,-00055.000000,-00014.000000
   End Polygon
   Begin Polygon Item=OUTSIDE Texture=ClenMedmWalnt_A Flags=1082130464 Link=7
      Origin   -00004.000000,+00589.000000,-00012.000000
      Normal   +00000.000000,+00000.000000,+00001.000000
      TextureU +00001.000000,+00000.000000,+00000.000000
      TextureV +00000.000000,+00001.000000,+00000.000000
      Vertex   -00004.000000,-00059.000000,-00012.000000
      Vertex   +00092.000000,-00055.000000,-00012.000000
      Vertex   +00092.000000,+00033.000000,-00012.000000
      Vertex   -00004.000000,+00037.000000,-00012.000000
   End Polygon
   Begin Polygon Item=OUTSIDE Texture=ClenMedmWalnt_A Flags=1082130464 Link=8
      Origin   -00004.000000,+00589.000000,-00018.000000
      Normal   +00000.000000,+00000.000000,+00001.000000
      TextureU +00001.000000,+00000.000000,+00000.000000
      TextureV +00000.000000,+00001.000000,+00000.000000
      Vertex   +00076.000000,+00029.000000,-00018.000000
      Vertex   +00060.000000,+00029.000000,-00018.000000
      Vertex   +00060.000000,-00051.000000,-00018.000000
      Vertex   +00076.000000,-00051.000000,-00018.000000
   End Polygon
   Begin Polygon Item=OUTSIDE Texture=ClenMedmWalnt_A Flags=1082130464 Link=9
      Origin   +00008.688660,+00290.816559,-00356.000000
      Normal   +00000.029758,-00000.699315,-00000.714194
      TextureU +00000.999096,+00000.042515,+00000.000000
      TextureV -00000.030364,+00000.713548,-00000.699948
      Vertex   +00088.000000,-00051.000000,-00018.000000
      Vertex   +00092.000000,-00055.000000,-00014.000000
      Vertex   -00004.000000,-00059.000000,-00014.000000
      Vertex   -00004.000000,-00055.000000,-00018.000000
   End Polygon
   Begin Polygon Item=OUTSIDE Texture=ClenMedmWalnt_A Flags=1082130464 Link=10
      Origin   -00042.279266,-00310.562561,-00356.000000
      Normal   +00000.029758,+00000.699315,-00000.714194
      TextureU -00000.999096,+00000.042515,+00000.000000
      TextureV -00000.030364,-00000.713548,-00000.699948
      Vertex   -00004.000000,+00033.000000,-00018.000000
      Vertex   -00004.000000,+00037.000000,-00014.000000
      Vertex   +00092.000000,+00033.000000,-00014.000000
      Vertex   +00088.000000,+00029.000000,-00018.000000
   End Polygon
   Begin Polygon Item=OUTSIDE Texture=ClenMedmWalnt_A Flags=1082130464 Link=11
      Origin   -00250.000000,+00589.000000,-00356.000000
      Normal   +00000.707107,+00000.000000,-00000.707107
      TextureU +00000.000000,+00001.000000,+00000.000000
      TextureV -00000.707107,+00000.000000,-00000.707107
      Vertex   +00088.000000,+00029.000000,-00018.000000
      Vertex   +00092.000000,+00033.000000,-00014.000000
      Vertex   +00092.000000,-00055.000000,-00014.000000
      Vertex   +00088.000000,-00051.000000,-00018.000000
   End Polygon
   Begin Polygon Item=OUTSIDE Texture=ClenMedmWalnt_A Flags=1082130464 Link=12
      Origin   -00004.000000,-00008.750000,-00356.000000
      Normal   -00000.000000,-00000.992278,-00000.124035
      TextureU +00001.000000,+00000.000000,+00000.000000
      TextureV +00000.000000,+00000.124035,-00000.992278
      Vertex   +00072.000000,-00047.000000,-00050.000000
      Vertex   +00076.000000,-00051.000000,-00018.000000
      Vertex   +00060.000000,-00051.000000,-00018.000000
      Vertex   +00064.000000,-00047.000000,-00050.000000
   End Polygon
   Begin Polygon Item=OUTSIDE Texture=ClenMedmWalnt_A Flags=1082130464 Link=13
      Origin   -00004.000000,-00013.250000,-00356.000000
      Normal   +00000.000000,+00000.992278,-00000.124035
      TextureU -00001.000000,+00000.000000,+00000.000000
      TextureV -00000.000000,-00000.124035,-00000.992278
      Vertex   +00064.000000,+00025.000000,-00050.000000
      Vertex   +00060.000000,+00029.000000,-00018.000000
      Vertex   +00076.000000,+00029.000000,-00018.000000
      Vertex   +00072.000000,+00025.000000,-00050.000000
   End Polygon
   Begin Polygon Item=OUTSIDE Texture=ClenMedmWalnt_A Flags=1082130464 Link=14
      Origin   +00102.250000,+00589.000000,-00356.000000
      Normal   -00000.992278,+00000.000000,-00000.124035
      TextureU +00000.000000,-00001.000000,+00000.000000
      TextureV +00000.124035,-00000.000000,-00000.992278
      Vertex   +00064.000000,-00047.000000,-00050.000000
      Vertex   +00060.000000,-00051.000000,-00018.000000
      Vertex   +00060.000000,+00029.000000,-00018.000000
      Vertex   +00064.000000,+00025.000000,-00050.000000
   End Polygon
   Begin Polygon Item=OUTSIDE Texture=ClenMedmWalnt_A Flags=1082130464 Link=15
      Origin   +00033.750000,+00589.000000,-00356.000000
      Normal   +00000.992278,-00000.000000,-00000.124035
      TextureU +00000.000000,+00001.000000,+00000.000000
      TextureV -00000.124035,+00000.000000,-00000.992278
      Vertex   +00072.000000,+00025.000000,-00050.000000
      Vertex   +00076.000000,+00029.000000,-00018.000000
      Vertex   +00076.000000,-00051.000000,-00018.000000
      Vertex   +00072.000000,-00047.000000,-00050.000000
   End Polygon
   Begin Polygon Item=OUTSIDE Texture=ClenMedmWalnt_A Flags=1082130464 Link=16
      Origin   -00004.000000,+00589.000000,-00018.000000
      Normal   +00000.000000,+00000.000000,-00001.000000
      TextureU +00001.000000,+00000.000000,+00000.000000
      TextureV +00000.000000,+00001.000000,+00000.000000
      Vertex   +00088.000000,-00051.000000,-00018.000000
      Vertex   -00004.000000,-00055.000000,-00018.000000
      Vertex   -00004.000000,-00051.000000,-00018.000000
   End Polygon
   Begin Polygon Item=OUTSIDE Texture=ClenMedmWalnt_A Flags=1082130464 Link=16
      Origin   -00004.000000,+00589.000000,-00018.000000
      Normal   +00000.000000,+00000.000000,-00001.000000
      TextureU +00001.000000,+00000.000000,+00000.000000
      TextureV +00000.000000,+00001.000000,+00000.000000
      Vertex   -00004.000000,+00029.000000,-00018.000000
      Vertex   -00004.000000,+00033.000000,-00018.000000
      Vertex   +00088.000000,+00029.000000,-00018.000000
   End Polygon
   Begin Polygon Item=OUTSIDE Texture=ClenMedmWalnt_A Flags=1082130464 Link=16
      Origin   -00004.000000,+00589.000000,-00018.000000
      Normal   +00000.000000,+00000.000000,-00001.000000
      TextureU +00001.000000,+00000.000000,+00000.000000
      TextureV +00000.000000,+00001.000000,+00000.000000
      Vertex   +00060.000000,+00029.000000,-00018.000000
      Vertex   +00060.000000,-00051.000000,-00018.000000
      Vertex   -00004.000000,-00051.000000,-00018.000000
      Vertex   -00004.000000,+00029.000000,-00018.000000
   End Polygon
   Begin Polygon Item=OUTSIDE Texture=ClenMedmWalnt_A Flags=1082130464 Link=16
      Origin   -00004.000000,+00589.000000,-00018.000000
      Normal   +00000.000000,+00000.000000,-00001.000000
      TextureU +00001.000000,+00000.000000,+00000.000000
      TextureV +00000.000000,+00001.000000,+00000.000000
      Vertex   +00076.000000,+00029.000000,-00018.000000
      Vertex   +00088.000000,+00029.000000,-00018.000000
      Vertex   +00088.000000,-00051.000000,-00018.000000
      Vertex   +00076.000000,-00051.000000,-00018.000000
   End Polygon
   Begin Polygon Item=OUTSIDE Texture=ClenMedmWalnt_A Flags=1082130464 Link=20
      Origin   -00004.000000,+00589.000000,-00018.000000
      Normal   +00000.000000,+00000.000000,+00001.000000
      TextureU +00001.000000,+00000.000000,+00000.000000
      TextureV +00000.000000,+00001.000000,+00000.000000
      Vertex   -00068.000000,+00029.000000,-00018.000000
      Vertex   -00084.000000,+00029.000000,-00018.000000
      Vertex   -00084.000000,-00051.000000,-00018.000000
      Vertex   -00068.000000,-00051.000000,-00018.000000
   End Polygon
   Begin Polygon Item=OUTSIDE Texture=ClenMedmWalnt_A Flags=1082130464 Link=21
      Origin   -00004.000000,+00589.000000,-00014.000000
      Normal   +00000.000000,+00000.000000,+00001.000000
      TextureU +00001.000000,+00000.000000,+00000.000000
      TextureV +00000.000000,+00001.000000,+00000.000000
      Vertex   -00004.000000,+00037.000000,-00014.000000
      Vertex   -00100.000000,+00033.000000,-00014.000000
      Vertex   -00100.000000,-00055.000000,-00014.000000
      Vertex   -00004.000000,-00059.000000,-00014.000000
   End Polygon
   Begin Polygon Item=OUTSIDE Texture=ClenMedmWalnt_A Flags=1082130464 Link=22
      Origin   -00004.000000,+00589.000000,-00012.000000
      Normal   +00000.000000,+00000.000000,+00001.000000
      TextureU +00001.000000,+00000.000000,+00000.000000
      TextureV +00000.000000,+00001.000000,+00000.000000
      Vertex   -00004.000000,+00037.000000,-00012.000000
      Vertex   -00100.000000,+00033.000000,-00012.000000
      Vertex   -00100.000000,-00055.000000,-00012.000000
      Vertex   -00004.000000,-00059.000000,-00012.000000
   End Polygon
   Begin Polygon Item=OUTSIDE Texture=ClenMedmWalnt_A Flags=1082130464 Link=23
      Origin   +00091.840759,-00062.993347,-00356.000000
      Normal   -00000.041631,-00000.999133,+00000.000000
      TextureU +00000.999133,-00000.041631,+00000.000000
      TextureV +00000.000000,+00000.000000,-00001.000000
      Vertex   -00004.000000,-00059.000000,-00014.000000
      Vertex   -00004.000000,-00059.000000,-00012.000000
      Vertex   -00100.000000,-00055.000000,-00012.000000
      Vertex   -00100.000000,-00055.000000,-00014.000000
   End Polygon
   Begin Polygon Item=OUTSIDE Texture=ClenMedmWalnt_A Flags=1082130464 Link=24
      Origin   -00100.000000,+00033.000000,-00356.000000
      Normal   -00000.041631,+00000.999133,+00000.000000
      TextureU -00000.999133,-00000.041631,+00000.000000
      TextureV +00000.000000,+00000.000000,-00001.000000
      Vertex   -00100.000000,+00033.000000,-00014.000000
      Vertex   -00100.000000,+00033.000000,-00012.000000
      Vertex   -00004.000000,+00037.000000,-00012.000000
      Vertex   -00004.000000,+00037.000000,-00014.000000
   End Polygon
   Begin Polygon Item=OUTSIDE Texture=ClenMedmWalnt_A Flags=1082130464 Link=25
      Origin   -00100.000000,-00059.171631,-00356.000000
      Normal   -00001.000000,+00000.000000,+00000.000000
      TextureU +00000.000000,-00001.000000,+00000.000000
      TextureV +00000.000000,+00000.000000,-00001.000000
      Vertex   -00100.000000,-00055.000000,-00014.000000
      Vertex   -00100.000000,-00055.000000,-00012.000000
      Vertex   -00100.000000,+00033.000000,-00012.000000
      Vertex   -00100.000000,+00033.000000,-00014.000000
   End Polygon
   Begin Polygon Item=OUTSIDE Texture=ClenMedmWalnt_A Flags=1082130464 Link=26
      Origin   -00016.694147,+00290.687531,-00355.956787
      Normal   -00000.029758,-00000.699315,-00000.714194
      TextureU +00000.999096,-00000.042515,+00000.000000
      TextureV +00000.030364,+00000.713548,-00000.699948
      Vertex   -00004.000000,-00055.000000,-00018.000000
      Vertex   -00004.000000,-00059.000000,-00014.000000
      Vertex   -00100.000000,-00055.000000,-00014.000000
      Vertex   -00096.000000,-00051.000000,-00018.000000
   End Polygon
   Begin Polygon Item=OUTSIDE Texture=ClenMedmWalnt_A Flags=1082130464 Link=27
      Origin   +00034.281029,-00310.604187,-00355.957489
      Normal   -00000.029758,+00000.699315,-00000.714194
      TextureU -00000.999096,-00000.042515,+00000.000000
      TextureV +00000.030364,-00000.713548,-00000.699948
      Vertex   -00096.000000,+00029.000000,-00018.000000
      Vertex   -00100.000000,+00033.000000,-00014.000000
      Vertex   -00004.000000,+00037.000000,-00014.000000
      Vertex   -00004.000000,+00033.000000,-00018.000000
   End Polygon
   Begin Polygon Item=OUTSIDE Texture=ClenMedmWalnt_A Flags=1082130464 Link=28
      Origin   +00242.000000,+00589.000000,-00356.000000
      Normal   -00000.707107,+00000.000000,-00000.707107
      TextureU +00000.000000,-00001.000000,+00000.000000
      TextureV +00000.707107,+00000.000000,-00000.707107
      Vertex   -00096.000000,-00051.000000,-00018.000000
      Vertex   -00100.000000,-00055.000000,-00014.000000
      Vertex   -00100.000000,+00033.000000,-00014.000000
      Vertex   -00096.000000,+00029.000000,-00018.000000
   End Polygon
   Begin Polygon Item=OUTSIDE Texture=ClenMedmWalnt_A Flags=1082130464 Link=29
      Origin   -00041.750000,+00589.000000,-00356.000000
      Normal   -00000.992278,+00000.000000,-00000.124035
      TextureU +00000.000000,-00001.000000,+00000.000000
      TextureV +00000.124035,-00000.000000,-00000.992278
      Vertex   -00080.000000,-00047.000000,-00050.000000
      Vertex   -00084.000000,-00051.000000,-00018.000000
      Vertex   -00084.000000,+00029.000000,-00018.000000
      Vertex   -00080.000000,+00025.000000,-00050.000000
   End Polygon
   Begin Polygon Item=OUTSIDE Texture=ClenMedmWalnt_A Flags=1082130464 Link=30
      Origin   -00110.250000,+00589.000000,-00356.000000
      Normal   +00000.992278,-00000.000000,-00000.124035
      TextureU +00000.000000,+00001.000000,+00000.000000
      TextureV -00000.124035,+00000.000000,-00000.992278
      Vertex   -00072.000000,+00025.000000,-00050.000000
      Vertex   -00068.000000,+00029.000000,-00018.000000
      Vertex   -00068.000000,-00051.000000,-00018.000000
      Vertex   -00072.000000,-00047.000000,-00050.000000
   End Polygon
   Begin Polygon Item=OUTSIDE Texture=ClenMedmWalnt_A Flags=1082130464 Link=31
      Origin   -00004.000000,-00013.250000,-00356.000000
      Normal   +00000.000000,+00000.992278,-00000.124035
      TextureU -00001.000000,+00000.000000,+00000.000000
      TextureV -00000.000000,-00000.124035,-00000.992278
      Vertex   -00080.000000,+00025.000000,-00050.000000
      Vertex   -00084.000000,+00029.000000,-00018.000000
      Vertex   -00068.000000,+00029.000000,-00018.000000
      Vertex   -00072.000000,+00025.000000,-00050.000000
   End Polygon
   Begin Polygon Item=OUTSIDE Texture=ClenMedmWalnt_A Flags=1082130464 Link=32
      Origin   -00004.000000,-00008.750000,-00356.000000
      Normal   -00000.000000,-00000.992278,-00000.124035
      TextureU +00001.000000,+00000.000000,+00000.000000
      TextureV +00000.000000,+00000.124035,-00000.992278
      Vertex   -00072.000000,-00047.000000,-00050.000000
      Vertex   -00068.000000,-00051.000000,-00018.000000
      Vertex   -00084.000000,-00051.000000,-00018.000000
      Vertex   -00080.000000,-00047.000000,-00050.000000
   End Polygon
   Begin Polygon Item=OUTSIDE Texture=ClenMedmWalnt_A Flags=1082130464 Link=33
      Origin   -00004.000000,+00589.000000,-00018.000000
      Normal   +00000.000000,+00000.000000,-00001.000000
      TextureU +00001.000000,+00000.000000,+00000.000000
      TextureV +00000.000000,+00001.000000,+00000.000000
      Vertex   -00004.000000,-00051.000000,-00018.000000
      Vertex   -00004.000000,-00055.000000,-00018.000000
      Vertex   -00096.000000,-00051.000000,-00018.000000
   End Polygon
   Begin Polygon Item=OUTSIDE Texture=ClenMedmWalnt_A Flags=1082130464 Link=33
      Origin   -00004.000000,+00589.000000,-00018.000000
      Normal   +00000.000000,+00000.000000,-00001.000000
      TextureU +00001.000000,+00000.000000,+00000.000000
      TextureV +00000.000000,+00001.000000,+00000.000000
      Vertex   -00004.000000,+00029.000000,-00018.000000
      Vertex   -00096.000000,+00029.000000,-00018.000000
      Vertex   -00004.000000,+00033.000000,-00018.000000
   End Polygon
   Begin Polygon Item=OUTSIDE Texture=ClenMedmWalnt_A Flags=1082130464 Link=33
      Origin   -00004.000000,+00589.000000,-00018.000000
      Normal   +00000.000000,+00000.000000,-00001.000000
      TextureU +00001.000000,+00000.000000,+00000.000000
      TextureV +00000.000000,+00001.000000,+00000.000000
      Vertex   -00084.000000,+00029.000000,-00018.000000
      Vertex   -00084.000000,-00051.000000,-00018.000000
      Vertex   -00096.000000,-00051.000000,-00018.000000
      Vertex   -00096.000000,+00029.000000,-00018.000000
   End Polygon
   Begin Polygon Item=OUTSIDE Texture=ClenMedmWalnt_A Flags=1082130464 Link=33
      Origin   -00004.000000,+00589.000000,-00018.000000
      Normal   +00000.000000,+00000.000000,-00001.000000
      TextureU +00001.000000,+00000.000000,+00000.000000
      TextureV +00000.000000,+00001.000000,+00000.000000
      Vertex   -00068.000000,+00029.000000,-00018.000000
      Vertex   -00004.000000,+00029.000000,-00018.000000
      Vertex   -00004.000000,-00051.000000,-00018.000000
      Vertex   -00068.000000,-00051.000000,-00018.000000
   End Polygon
   Begin Polygon Item=OUTSIDE Texture=ClenMedmWalnt_A Flags=1082130464 Link=37
      Origin   -00004.000000,-00059.171631,-00356.000000
      Normal   -00001.000000,+00000.000000,+00000.000000
      TextureU +00000.000000,-00001.000000,+00000.000000
      TextureV +00000.000000,+00000.000000,-00001.000000
      Vertex   -00004.000000,-00055.000000,-00018.000000
      Vertex   -00004.000000,-00059.000000,-00014.000000
      Vertex   -00004.000000,+00037.000000,-00014.000000
      Vertex   -00004.000000,+00033.000000,-00018.000000
   End Polygon
End PolyList
