Begin PolyList
   Begin Polygon Texture=Black Flags=1073741824 Link=0
      Origin   +00244.000244,+00258.220947,+00080.890991
      Normal   +00000.000000,+00000.290285,-00000.956940
      TextureU +00000.000000,-00000.956940,-00000.290285
      TextureV +00001.000000,+00000.000000,+00000.000000
      Vertex   -00042.499634,+00016.000000,+00007.414230
      Vertex   -00039.720581,+00038.117310,+00014.123444
      Vertex   -00020.212646,+00038.117310,+00014.123428
      Vertex   -00029.374023,+00016.000000,+00007.414230
   End Polygon
   Begin Polygon Texture=Black Flags=1073741824 Link=1
      Origin   +01407.999878,-01103.999878,-00032.000000
      Normal   +00000.000000,+00000.000000,-00001.000000
      TextureU +00001.000000,+00000.000000,+00000.000000
      TextureV +00000.000000,+00001.000000,+00000.000000
      Vertex   -00033.000000,-00040.000000,-00032.000000
      Vertex   -00033.000000,-00041.000000,-00032.000000
      Vertex   -00039.000000,-00041.000000,-00032.000000
      Vertex   -00039.000000,-00040.000000,-00032.000000
   End Polygon
   Begin Polygon Item=Top Texture=Black Flags=1073741824 Link=2
      Origin   -00033.000000,+00041.000000,-00032.000000
      Normal   +00000.998053,+00000.000000,-00000.062378
      TextureU +00000.003883,+00000.998060,+00000.062136
      TextureV +00000.062257,-00000.062257,+00000.996117
      Vertex   -00033.000000,+00046.000000,-00032.000000
      Vertex   -00033.000000,+00042.000000,-00032.000000
      Vertex   -00034.000000,+00042.000000,-00048.000000
      Vertex   -00034.750000,+00042.750000,-00060.000000
      Vertex   -00034.750000,+00045.250000,-00060.000000
      Vertex   -00034.000000,+00046.000000,-00048.000000
   End Polygon
   Begin Polygon Texture=Black Flags=1073741824 Link=3
      Origin   +00408.000244,+00498.000000,-00060.000000
      Normal   +00000.000000,+00000.000000,-00001.000000
      TextureU +00000.000000,-00001.000000,+00000.000000
      TextureV +00001.000000,+00000.000000,+00000.000000
      Vertex   +00033.250244,-00006.750000,-00060.000000
      Vertex   +00033.250244,-00009.250000,-00060.000000
      Vertex   +00030.750244,-00009.250000,-00060.000000
      Vertex   +00030.750244,-00006.750000,-00060.000000
   End Polygon
   Begin Polygon Item=Top Texture=Black Flags=1073741824 Link=4
      Origin   +00029.000244,-00005.000000,-00032.000000
      Normal   -00000.998053,+00000.000000,-00000.062378
      TextureU -00000.003884,-00000.998060,+00000.062136
      TextureV -00000.062257,+00000.062257,+00000.996117
      Vertex   +00029.000244,-00010.000000,-00032.000000
      Vertex   +00029.000244,-00006.000000,-00032.000000
      Vertex   +00030.000244,-00006.000000,-00048.000000
      Vertex   +00030.750244,-00006.750000,-00060.000000
      Vertex   +00030.750244,-00009.250000,-00060.000000
      Vertex   +00030.000244,-00010.000000,-00048.000000
   End Polygon
   Begin Polygon Item=Top Texture=Black Flags=1073741824 Link=5
      Origin   +00029.000244,-00011.000000,-00032.000000
      Normal   +00000.000000,-00000.998053,-00000.062378
      TextureU +00000.998060,-00000.003883,+00000.062136
      TextureV -00000.062257,-00000.062257,+00000.996117
      Vertex   +00030.000244,-00010.000000,-00048.000000
      Vertex   +00030.750244,-00009.250000,-00060.000000
      Vertex   +00033.250244,-00009.250000,-00060.000000
      Vertex   +00034.000244,-00010.000000,-00048.000000
   End Polygon
   Begin Polygon Item=Top Texture=Black Flags=1073741824 Link=6
      Origin   +00035.000244,-00011.000000,-00032.000000
      Normal   +00000.998053,+00000.000000,-00000.062378
      TextureU +00000.003883,+00000.998060,+00000.062136
      TextureV +00000.062257,-00000.062257,+00000.996117
      Vertex   +00035.000244,-00006.000000,-00032.000000
      Vertex   +00035.000244,-00010.000000,-00032.000000
      Vertex   +00034.000244,-00010.000000,-00048.000000
      Vertex   +00033.250244,-00009.250000,-00060.000000
      Vertex   +00033.250244,-00006.750000,-00060.000000
      Vertex   +00034.000244,-00006.000000,-00048.000000
   End Polygon
   Begin Polygon Item=Top Texture=Black Flags=1073741824 Link=7
      Origin   +00035.000244,-00005.000000,-00032.000000
      Normal   -00000.000000,+00000.998053,-00000.062378
      TextureU -00000.998060,+00000.003883,+00000.062136
      TextureV +00000.062257,+00000.062257,+00000.996117
      Vertex   +00034.000244,-00006.000000,-00048.000000
      Vertex   +00033.250244,-00006.750000,-00060.000000
      Vertex   +00030.750244,-00006.750000,-00060.000000
      Vertex   +00030.000244,-00006.000000,-00048.000000
   End Polygon
   Begin Polygon Texture=Black Flags=1073741824 Link=8
      Origin   +00408.000244,-00010.000000,-00534.000000
      Normal   +00000.000000,-00001.000000,+00000.000000
      TextureU -00001.000000,+00000.000000,+00000.000000
      TextureV +00000.000000,+00000.000000,-00001.000000
      Vertex   +00029.000244,-00010.000000,-00032.000000
      Vertex   +00030.000244,-00010.000000,-00048.000000
      Vertex   +00034.000244,-00010.000000,-00048.000000
      Vertex   +00035.000244,-00010.000000,-00032.000000
   End Polygon
   Begin Polygon Texture=Black Flags=1073741824 Link=9
      Origin   +00408.000244,-00006.000000,-00534.000000
      Normal   +00000.000000,+00001.000000,+00000.000000
      TextureU -00001.000000,+00000.000000,+00000.000000
      TextureV +00000.000000,+00000.000000,-00001.000000
      Vertex   +00035.000244,-00006.000000,-00032.000000
      Vertex   +00034.000244,-00006.000000,-00048.000000
      Vertex   +00030.000244,-00006.000000,-00048.000000
      Vertex   +00029.000244,-00006.000000,-00032.000000
   End Polygon
   Begin Polygon Item=Top Texture=Black Flags=1073741824 Link=10
      Origin   -00039.000000,+00041.000000,-00032.000000
      Normal   +00000.000000,-00000.998053,-00000.062378
      TextureU +00000.998060,-00000.003883,+00000.062136
      TextureV -00000.062257,-00000.062257,+00000.996117
      Vertex   -00038.000000,+00042.000000,-00048.000000
      Vertex   -00037.250000,+00042.750000,-00060.000000
      Vertex   -00034.750000,+00042.750000,-00060.000000
      Vertex   -00034.000000,+00042.000000,-00048.000000
   End Polygon
   Begin Polygon Item=Top Texture=Black Flags=1073741824 Link=11
      Origin   -00039.000000,-00035.000000,-00032.000000
      Normal   -00000.998053,+00000.000000,-00000.062378
      TextureU -00000.003884,-00000.998060,+00000.062136
      TextureV -00000.062257,+00000.062257,+00000.996117
      Vertex   -00039.000000,-00040.000000,-00032.000000
      Vertex   -00039.000000,-00036.000000,-00032.000000
      Vertex   -00038.000000,-00036.000000,-00048.000000
      Vertex   -00037.250000,-00036.750000,-00060.000000
      Vertex   -00037.250000,-00039.250000,-00060.000000
      Vertex   -00038.000000,-00040.000000,-00048.000000
   End Polygon
   Begin Polygon Item=Top Texture=Black Flags=1073741824 Link=12
      Origin   -00039.000000,-00041.000000,-00032.000000
      Normal   +00000.000000,-00000.998053,-00000.062378
      TextureU +00000.998060,-00000.003883,+00000.062136
      TextureV -00000.062257,-00000.062257,+00000.996117
      Vertex   -00038.000000,-00040.000000,-00048.000000
      Vertex   -00037.250000,-00039.250000,-00060.000000
      Vertex   -00034.750000,-00039.250000,-00060.000000
      Vertex   -00034.000000,-00040.000000,-00048.000000
   End Polygon
   Begin Polygon Item=Top Texture=Black Flags=1073741824 Link=13
      Origin   -00033.000000,-00035.000000,-00032.000000
      Normal   -00000.000000,+00000.998053,-00000.062378
      TextureU -00000.998060,+00000.003883,+00000.062136
      TextureV +00000.062257,+00000.062257,+00000.996117
      Vertex   -00034.000000,-00036.000000,-00048.000000
      Vertex   -00034.750000,-00036.750000,-00060.000000
      Vertex   -00037.250000,-00036.750000,-00060.000000
      Vertex   -00038.000000,-00036.000000,-00048.000000
   End Polygon
   Begin Polygon Texture=Black Flags=1073741824 Link=14
      Origin   +00340.000000,+00468.000000,-00060.000000
      Normal   +00000.000000,+00000.000000,-00001.000000
      TextureU +00000.000000,-00001.000000,+00000.000000
      TextureV +00001.000000,+00000.000000,+00000.000000
      Vertex   -00034.750000,-00036.750000,-00060.000000
      Vertex   -00034.750000,-00039.250000,-00060.000000
      Vertex   -00037.250000,-00039.250000,-00060.000000
      Vertex   -00037.250000,-00036.750000,-00060.000000
   End Polygon
   Begin Polygon Texture=Black Flags=1073741824 Link=15
      Origin   +00340.000000,-00040.000000,-00534.000000
      Normal   +00000.000000,-00001.000000,+00000.000000
      TextureU -00001.000000,+00000.000000,+00000.000000
      TextureV +00000.000000,+00000.000000,-00001.000000
      Vertex   -00039.000000,-00040.000000,-00032.000000
      Vertex   -00038.000000,-00040.000000,-00048.000000
      Vertex   -00034.000000,-00040.000000,-00048.000000
      Vertex   -00033.000000,-00040.000000,-00032.000000
   End Polygon
   Begin Polygon Texture=Black Flags=1073741824 Link=16
      Origin   +00340.000000,-00036.000000,-00534.000000
      Normal   +00000.000000,+00001.000000,+00000.000000
      TextureU -00001.000000,+00000.000000,+00000.000000
      TextureV +00000.000000,+00000.000000,-00001.000000
      Vertex   -00033.000000,-00036.000000,-00032.000000
      Vertex   -00034.000000,-00036.000000,-00048.000000
      Vertex   -00038.000000,-00036.000000,-00048.000000
      Vertex   -00039.000000,-00036.000000,-00032.000000
   End Polygon
   Begin Polygon Item=Top Texture=Black Flags=1073741824 Link=17
      Origin   -00039.000000,+00047.000000,-00032.000000
      Normal   -00000.998053,+00000.000000,-00000.062378
      TextureU -00000.003884,-00000.998060,+00000.062136
      TextureV -00000.062257,+00000.062257,+00000.996117
      Vertex   -00039.000000,+00042.000000,-00032.000000
      Vertex   -00039.000000,+00046.000000,-00032.000000
      Vertex   -00038.000000,+00046.000000,-00048.000000
      Vertex   -00037.250000,+00045.250000,-00060.000000
      Vertex   -00037.250000,+00042.750000,-00060.000000
      Vertex   -00038.000000,+00042.000000,-00048.000000
   End Polygon
   Begin Polygon Item=Top Texture=Black Flags=1073741824 Link=18
      Origin   -00033.000000,+00047.000000,-00032.000000
      Normal   -00000.000000,+00000.998053,-00000.062378
      TextureU -00000.998060,+00000.003883,+00000.062136
      TextureV +00000.062257,+00000.062257,+00000.996117
      Vertex   -00034.000000,+00046.000000,-00048.000000
      Vertex   -00034.750000,+00045.250000,-00060.000000
      Vertex   -00037.250000,+00045.250000,-00060.000000
      Vertex   -00038.000000,+00046.000000,-00048.000000
   End Polygon
   Begin Polygon Texture=Black Flags=1073741824 Link=19
      Origin   +00340.000000,+00550.000000,-00060.000000
      Normal   +00000.000000,+00000.000000,-00001.000000
      TextureU +00000.000000,-00001.000000,+00000.000000
      TextureV +00001.000000,+00000.000000,+00000.000000
      Vertex   -00034.750000,+00045.250000,-00060.000000
      Vertex   -00034.750000,+00042.750000,-00060.000000
      Vertex   -00037.250000,+00042.750000,-00060.000000
      Vertex   -00037.250000,+00045.250000,-00060.000000
   End Polygon
   Begin Polygon Texture=Black Flags=1073741824 Link=20
      Origin   +00340.000000,+00042.000000,-00534.000000
      Normal   +00000.000000,-00001.000000,+00000.000000
      TextureU -00001.000000,+00000.000000,+00000.000000
      TextureV +00000.000000,+00000.000000,-00001.000000
      Vertex   -00039.000000,+00042.000000,-00032.000000
      Vertex   -00038.000000,+00042.000000,-00048.000000
      Vertex   -00034.000000,+00042.000000,-00048.000000
      Vertex   -00033.000000,+00042.000000,-00032.000000
   End Polygon
   Begin Polygon Texture=Black Flags=1073741824 Link=21
      Origin   +00340.000000,+00046.000000,-00534.000000
      Normal   +00000.000000,+00001.000000,+00000.000000
      TextureU -00001.000000,+00000.000000,+00000.000000
      TextureV +00000.000000,+00000.000000,-00001.000000
      Vertex   -00033.000000,+00046.000000,-00032.000000
      Vertex   -00034.000000,+00046.000000,-00048.000000
      Vertex   -00038.000000,+00046.000000,-00048.000000
      Vertex   -00039.000000,+00046.000000,-00032.000000
   End Polygon
   Begin Polygon Item=Top Texture=Black Flags=1073741824 Link=22
      Origin   -00033.000000,-00041.000000,-00032.000000
      Normal   +00000.998053,+00000.000000,-00000.062378
      TextureU +00000.003883,+00000.998060,+00000.062136
      TextureV +00000.062257,-00000.062257,+00000.996117
      Vertex   -00033.000000,-00036.000000,-00032.000000
      Vertex   -00033.000000,-00040.000000,-00032.000000
      Vertex   -00034.000000,-00040.000000,-00048.000000
      Vertex   -00034.750000,-00039.250000,-00060.000000
      Vertex   -00034.750000,-00036.750000,-00060.000000
      Vertex   -00034.000000,-00036.000000,-00048.000000
   End Polygon
   Begin Polygon Texture=Black Flags=1073741824 Link=23
      Origin   -00016.000122,+00039.999878,-00192.000000
      Normal   +00000.881921,+00000.471397,+00000.000000
      TextureU -00000.471396,+00000.881921,+00000.000000
      TextureV +00000.000000,+00000.000000,-00001.000000
      Vertex   -00015.999878,+00040.000000,-00012.000000
      Vertex   -00015.999878,+00040.000000,-00032.000000
      Vertex   -00024.552124,+00056.000000,-00032.000000
      Vertex   -00024.552124,+00056.000000,-00012.000000
   End Polygon
   Begin Polygon Texture=Black Flags=1073741824 Link=24
      Origin   +01407.999878,-01103.999878,-00012.000000
      Normal   +00000.000000,+00000.000000,+00001.000000
      TextureU +00001.000000,+00000.000000,+00000.000000
      TextureV +00000.000000,+00001.000000,+00000.000000
      Vertex   +00038.998047,+00016.000000,-00012.000000
      Vertex   +00027.088623,+00022.365845,-00012.000000
      Vertex   +00026.654053,+00022.598022,-00012.000000
      Vertex   +00020.331665,+00023.709839,-00012.000000
      Vertex   +00034.755859,+00016.000000,-00012.000000
   End Polygon
   Begin Polygon Texture=Black Flags=1073741824 Link=25
      Origin   +00030.406250,+00186.840698,-00192.000000
      Normal   +00000.995185,+00000.098017,+00000.000000
      TextureU -00000.098017,+00000.995185,+00000.000000
      TextureV +00000.000000,+00000.000000,-00001.000000
      Vertex   +00048.486084,+00003.272461,-00032.000000
      Vertex   +00048.486084,+00003.272461,-00012.000000
      Vertex   +00050.009033,-00012.190918,-00012.000000
      Vertex   +00050.009155,-00012.190796,-00032.000000
   End Polygon
   Begin Polygon Texture=Black Flags=1073741824 Link=26
      Origin   +00495.770813,-00072.253418,-00192.000000
      Normal   -00000.195090,-00000.980785,+00000.000000
      TextureU +00000.980785,-00000.195090,+00000.000000
      TextureV +00000.000000,+00000.000000,-00001.000000
      Vertex   +00024.480591,+00021.492065,-00020.000000
      Vertex   +00024.481079,+00021.491943,-00012.000000
      Vertex   -00006.391235,+00027.632813,-00012.000000
      Vertex   -00006.391235,+00027.632813,-00020.000000
   End Polygon
   Begin Polygon Texture=Black Flags=1073741824 Link=27
      Origin   +00433.214783,-00194.713318,-00192.000000
      Normal   +00000.471397,+00000.881921,+00000.000000
      TextureU -00000.881921,+00000.471397,+00000.000000
      TextureV +00000.000000,+00000.000000,-00001.000000
      Vertex   +00040.528442,+00015.182007,-00012.000000
      Vertex   +00040.528442,+00015.182007,-00032.000000
      Vertex   +00026.654053,+00022.598022,-00032.000000
      Vertex   +00026.654053,+00022.598022,-00012.000000
   End Polygon
   Begin Polygon Texture=Black Flags=1073741824 Link=28
      Origin   +00216.647583,-00251.999023,-00192.000000
      Normal   -00000.831470,-00000.555570,+00000.000000
      TextureU +00000.555570,-00000.831469,+00000.000000
      TextureV +00000.000000,+00000.000000,-00001.000000
      Vertex   +00039.143677,+00013.654541,-00012.000000
      Vertex   +00039.143677,+00013.654541,-00020.000000
      Vertex   +00046.544922,+00002.578003,-00020.000000
      Vertex   +00046.523560,+00002.609619,-00012.000000
   End Polygon
   Begin Polygon Texture=Black Flags=1073741824 Link=29
      Origin   +00470.634216,-00216.981934,-00192.000000
      Normal   -00000.471397,-00000.881921,+00000.000000
      TextureU +00000.881921,-00000.471397,+00000.000000
      TextureV +00000.000000,+00000.000000,-00001.000000
      Vertex   +00024.481079,+00021.491943,-00012.000000
      Vertex   +00024.480591,+00021.492065,-00020.000000
      Vertex   +00039.143677,+00013.654541,-00020.000000
      Vertex   +00039.143677,+00013.654541,-00012.000000
   End Polygon
   Begin Polygon Texture=Black Flags=1073741824 Link=30
      Origin   +00226.182251,+00018.184814,-00192.000000
      Normal   +00000.290285,-00000.956940,+00000.000000
      TextureU +00000.956940,+00000.290285,+00000.000000
      TextureV +00000.000000,+00000.000000,-00001.000000
      Vertex   +00030.967041,-00041.033081,-00032.000000
      Vertex   +00030.967041,-00041.033081,-00012.000000
      Vertex   +00008.000000,-00048.000000,-00012.000000
      Vertex   +00008.000000,-00048.000000,-00032.000000
   End Polygon
   Begin Polygon Texture=Black Flags=1073741824 Link=31
      Origin   +00189.220093,+00117.220337,-00192.000000
      Normal   +00000.707107,-00000.707107,+00000.000000
      TextureU +00000.707107,+00000.707107,+00000.000000
      TextureV +00000.000000,+00000.000000,-00001.000000
      Vertex   +00030.967041,-00041.033081,-00012.000000
      Vertex   +00030.967041,-00041.033081,-00032.000000
      Vertex   +00045.741699,-00026.258057,-00032.000000
      Vertex   +00045.741699,-00026.258057,-00012.000000
   End Polygon
   Begin Polygon Texture=Black Flags=1073741824 Link=32
      Origin   -00037.248535,-00292.950256,-00192.000000
      Normal   -00000.956940,+00000.290285,+00000.000000
      TextureU -00000.290285,-00000.956940,+00000.000000
      TextureV +00000.000000,+00000.000000,-00001.000000
      Vertex   +00047.979736,-00011.990234,-00020.000000
      Vertex   +00043.973145,-00025.197998,-00020.000000
      Vertex   +00043.973022,-00025.197998,-00012.000000
      Vertex   +00047.979736,-00011.990234,-00012.000000
   End Polygon
   Begin Polygon Texture=crome Flags=1073741824 Link=33
      Origin   +01407.999268,-01103.998779,-00020.000000
      Normal   +00000.000000,+00000.000000,+00001.000000
      TextureU +00015.999897,+00000.000001,+00000.000000
      TextureV -00000.000001,+00016.000013,+00000.000000
      Vertex   +00024.480591,+00021.492065,-00020.000000
      Vertex   -00009.746460,+00028.300293,-00020.000000
      Vertex   +00013.329468,-00014.871826,-00020.000000
      Vertex   +00035.750244,+00007.548950,-00020.000000
      Vertex   +00035.750244,+00015.468384,-00020.000000
   End Polygon
   Begin Polygon Texture=Black Flags=1073741824 Link=34
      Origin   -00156.490601,-00225.661682,-00192.000000
      Normal   -00000.707107,+00000.707107,+00000.000000
      TextureU -00000.707106,-00000.707106,+00000.000000
      TextureV +00000.000000,+00000.000000,-00001.000000
      Vertex   +00029.906616,-00039.264648,-00020.000000
      Vertex   +00029.906616,-00039.264648,-00012.000000
      Vertex   +00043.973022,-00025.197998,-00012.000000
      Vertex   +00043.973145,-00025.197998,-00020.000000
   End Polygon
   Begin Polygon Texture=Black Flags=1073741824 Link=35
      Origin   -00227.987793,-00117.495972,-00192.000000
      Normal   -00000.290285,+00000.956940,+00000.000000
      TextureU -00000.956939,-00000.290284,+00000.000000
      TextureV +00000.000000,+00000.000000,-00001.000000
      Vertex   +00029.906616,-00039.264648,-00012.000000
      Vertex   +00029.906616,-00039.264648,-00020.000000
      Vertex   +00007.703369,-00046.000000,-00020.000000
      Vertex   +00007.703369,-00046.000000,-00012.000000
   End Polygon
   Begin Polygon Texture=Black Flags=1073741824 Link=36
      Origin   +00076.685059,-00303.440430,-00192.000000
      Normal   -00000.995185,-00000.098017,+00000.000000
      TextureU +00000.098017,-00000.995184,+00000.000000
      TextureV +00000.000000,+00000.000000,-00001.000000
      Vertex   +00046.544922,+00002.578003,-00020.000000
      Vertex   +00047.979736,-00011.990234,-00020.000000
      Vertex   +00047.979736,-00011.990234,-00012.000000
      Vertex   +00046.523560,+00002.609619,-00012.000000
   End Polygon
   Begin Polygon Texture=crome Flags=1073741824 Link=33
      Origin   +01407.999268,-01103.998779,-00020.000000
      Normal   +00000.000000,+00000.000000,+00001.000000
      TextureU +00015.999897,+00000.000001,+00000.000000
      TextureV -00000.000001,+00016.000013,+00000.000000
      Vertex   +00028.250244,-00039.767090,-00020.000000
      Vertex   +00028.250244,+00000.048950,-00020.000000
      Vertex   -00013.548706,-00041.750000,-00020.000000
      Vertex   +00021.713623,-00041.750000,-00020.000000
   End Polygon
   Begin Polygon Texture=crome Flags=1073741824 Link=33
      Origin   +01407.999268,-01103.998779,-00020.000000
      Normal   +00000.000000,+00000.000000,+00001.000000
      TextureU +00015.999897,+00000.000001,+00000.000000
      TextureV -00000.000001,+00016.000013,+00000.000000
      Vertex   +00028.250244,-00039.767090,-00020.000000
      Vertex   +00029.906616,-00039.264648,-00020.000000
      Vertex   +00043.973145,-00025.197998,-00020.000000
      Vertex   +00047.979736,-00011.990234,-00020.000000
      Vertex   +00028.250244,-00011.750000,-00020.000000
   End Polygon
   Begin Polygon Texture=crome Flags=1073741824 Link=33
      Origin   +01407.999268,-01103.998779,-00020.000000
      Normal   +00000.000000,+00000.000000,+00001.000000
      TextureU +00015.999897,+00000.000001,+00000.000000
      TextureV -00000.000001,+00016.000013,+00000.000000
      Vertex   +00035.750244,-00011.841309,-00020.000000
      Vertex   +00047.979736,-00011.990234,-00020.000000
      Vertex   +00046.544922,+00002.578003,-00020.000000
      Vertex   +00039.143677,+00013.654541,-00020.000000
      Vertex   +00035.750244,+00015.468384,-00020.000000
   End Polygon
   Begin Polygon Texture=crome Flags=1073741824 Link=33
      Origin   +01407.999268,-01103.998779,-00020.000000
      Normal   +00000.000000,+00000.000000,+00001.000000
      TextureU +00015.999897,+00000.000001,+00000.000000
      TextureV -00000.000001,+00016.000013,+00000.000000
      Vertex   +00035.750244,+00007.548950,-00020.000000
      Vertex   +00028.250244,+00000.048950,-00020.000000
      Vertex   +00028.250244,-00011.750000,-00020.000000
      Vertex   +00035.750244,-00011.841309,-00020.000000
   End Polygon
   Begin Polygon Texture=Black Flags=1073741824 Link=41
      Origin   +00111.346069,+00190.010132,-00192.000000
      Normal   +00000.956940,-00000.290285,+00000.000000
      TextureU +00000.290285,+00000.956940,+00000.000000
      TextureV +00000.000000,+00000.000000,-00001.000000
      Vertex   +00050.009155,-00012.190796,-00032.000000
      Vertex   +00050.009033,-00012.190918,-00012.000000
      Vertex   +00045.741699,-00026.258057,-00012.000000
      Vertex   +00045.741699,-00026.258057,-00032.000000
   End Polygon
   Begin Polygon Texture=Black Flags=1073741824 Link=42
      Origin   -00027.557617,+00117.079834,-00192.000000
      Normal   +00000.831470,+00000.555570,+00000.000000
      TextureU -00000.555570,+00000.831470,+00000.000000
      TextureV +00000.000000,+00000.000000,-00001.000000
      Vertex   +00048.486084,+00003.272461,-00012.000000
      Vertex   +00048.486084,+00003.272461,-00032.000000
      Vertex   +00040.528442,+00015.182007,-00032.000000
      Vertex   +00040.528442,+00015.182007,-00012.000000
   End Polygon
   Begin Polygon Texture=Black Flags=1073741824 Link=43
      Origin   -00004.686279,+00028.686401,-00192.000000
      Normal   +00000.707107,+00000.707107,+00000.000000
      TextureU -00000.707107,+00000.707107,+00000.000000
      TextureV +00000.000000,+00000.000000,-00001.000000
      Vertex   -00015.999878,+00040.000000,-00032.000000
      Vertex   -00015.999878,+00040.000000,-00012.000000
      Vertex   -00004.686401,+00028.686279,-00012.000000
      Vertex   -00004.686401,+00028.686279,-00032.000000
   End Polygon
   Begin Polygon Texture=Black Flags=1073741824 Link=44
      Origin   +00497.475647,-00071.199951,-00320.000000
      Normal   +00000.195090,+00000.980785,+00000.000000
      TextureU -00000.980785,+00000.195090,+00000.000000
      TextureV +00000.000000,+00000.000000,-00001.000000
      Vertex   +00027.088623,+00022.365845,-00012.000000
      Vertex   +00027.088501,+00022.365845,-00032.000000
      Vertex   -00004.686401,+00028.686279,-00032.000000
      Vertex   -00004.686401,+00028.686279,-00012.000000
   End Polygon
   Begin Polygon Texture=Black Flags=1073741824 Link=45
      Origin   -00006.391235,+00027.632813,-00192.000000
      Normal   -00000.707107,-00000.707107,+00000.000000
      TextureU +00000.707107,-00000.707107,+00000.000000
      TextureV +00000.000000,+00000.000000,-00001.000000
      Vertex   -00006.391235,+00027.632813,-00020.000000
      Vertex   -00006.391235,+00027.632813,-00012.000000
      Vertex   -00017.704834,+00038.946533,-00012.000000
      Vertex   -00017.704590,+00038.946289,-00015.109711
      Vertex   -00017.704834,+00038.946533,-00020.000000
   End Polygon
   Begin Polygon Texture=crome Flags=1073741824 Link=33
      Origin   +01407.999268,-01103.998779,-00020.000000
      Normal   +00000.000000,+00000.000000,+00001.000000
      TextureU +00015.999897,+00000.000001,+00000.000000
      TextureV -00000.000001,+00016.000013,+00000.000000
      Vertex   -00006.391235,+00027.632813,-00020.000000
      Vertex   -00012.833008,+00034.074707,-00020.000000
      Vertex   -00009.746460,+00028.300293,-00020.000000
   End Polygon
   Begin Polygon Texture=Black Flags=1073741824 Link=24
      Origin   +01407.999878,-01103.999878,-00012.000000
      Normal   +00000.000000,+00000.000000,+00001.000000
      TextureU +00001.000000,+00000.000000,+00000.000000
      TextureV +00000.000000,+00001.000000,+00000.000000
      Vertex   +00024.481079,+00021.491943,-00012.000000
      Vertex   +00020.331665,+00023.709839,-00012.000000
      Vertex   -00004.686401,+00028.686279,-00012.000000
      Vertex   -00004.952881,+00027.346802,-00012.000000
   End Polygon
   Begin Polygon Texture=Black Flags=1073741824 Link=24
      Origin   +01407.999878,-01103.999878,-00012.000000
      Normal   +00000.000000,+00000.000000,+00001.000000
      TextureU +00001.000000,+00000.000000,+00000.000000
      TextureV +00000.000000,+00001.000000,+00000.000000
      Vertex   -00012.833008,+00034.074707,-00012.000000
      Vertex   -00006.391235,+00027.632813,-00012.000000
      Vertex   -00004.952881,+00027.346802,-00012.000000
      Vertex   -00004.686401,+00028.686279,-00012.000000
      Vertex   -00015.999878,+00040.000000,-00012.000000
   End Polygon
   Begin Polygon Texture=Black Flags=1073741824 Link=24
      Origin   +01407.999878,-01103.999878,-00012.000000
      Normal   +00000.000000,+00000.000000,+00001.000000
      TextureU +00001.000000,+00000.000000,+00000.000000
      TextureV +00000.000000,+00001.000000,+00000.000000
      Vertex   +00030.967041,-00041.033081,-00012.000000
      Vertex   +00033.967163,-00038.032837,-00012.000000
      Vertex   +00007.703369,-00046.000000,-00012.000000
      Vertex   +00014.593628,-00045.999878,-00012.000000
   End Polygon
   Begin Polygon Texture=Black Flags=1073741824 Link=24
      Origin   +01407.999878,-01103.999878,-00012.000000
      Normal   +00000.000000,+00000.000000,+00001.000000
      TextureU +00001.000000,+00000.000000,+00000.000000
      TextureV +00000.000000,+00001.000000,+00000.000000
      Vertex   +00029.906616,-00039.264648,-00012.000000
      Vertex   +00033.967163,-00038.032837,-00012.000000
      Vertex   +00045.741699,-00026.258057,-00012.000000
      Vertex   +00046.973389,-00022.197632,-00012.000000
   End Polygon
   Begin Polygon Texture=Black Flags=1073741824 Link=24
      Origin   +01407.999878,-01103.999878,-00012.000000
      Normal   +00000.000000,+00000.000000,+00001.000000
      TextureU +00001.000000,+00000.000000,+00000.000000
      TextureV +00000.000000,+00001.000000,+00000.000000
      Vertex   +00046.523560,+00002.609619,-00012.000000
      Vertex   +00047.979736,-00011.990234,-00012.000000
      Vertex   +00049.496704,-00006.989380,-00012.000000
      Vertex   +00048.486084,+00003.272461,-00012.000000
      Vertex   +00046.129150,+00006.799927,-00012.000000
   End Polygon
   Begin Polygon Texture=Black Flags=1073741824 Link=24
      Origin   +01407.999878,-01103.999878,-00012.000000
      Normal   +00000.000000,+00000.000000,+00001.000000
      TextureU +00001.000000,+00000.000000,+00000.000000
      TextureV +00000.000000,+00001.000000,+00000.000000
      Vertex   +00046.523560,+00002.609619,-00012.000000
      Vertex   +00046.129150,+00006.799927,-00012.000000
      Vertex   +00040.528442,+00015.182007,-00012.000000
      Vertex   +00038.998047,+00016.000000,-00012.000000
      Vertex   +00037.576416,+00016.000000,-00012.000000
   End Polygon
   Begin Polygon Texture=Black Flags=1073741824 Link=24
      Origin   +01407.999878,-01103.999878,-00012.000000
      Normal   +00000.000000,+00000.000000,+00001.000000
      TextureU +00001.000000,+00000.000000,+00000.000000
      TextureV +00000.000000,+00001.000000,+00000.000000
      Vertex   +00039.143677,+00013.654541,-00012.000000
      Vertex   +00037.576416,+00016.000000,-00012.000000
      Vertex   +00034.755859,+00016.000000,-00012.000000
   End Polygon
   Begin Polygon Texture=Black Flags=1073741824 Link=24
      Origin   +01407.999878,-01103.999878,-00012.000000
      Normal   +00000.000000,+00000.000000,+00001.000000
      TextureU +00001.000000,+00000.000000,+00000.000000
      TextureV +00000.000000,+00001.000000,+00000.000000
      Vertex   +00043.973022,-00025.197998,-00012.000000
      Vertex   +00046.973389,-00022.197632,-00012.000000
      Vertex   +00050.009033,-00012.190918,-00012.000000
      Vertex   +00049.496704,-00006.989380,-00012.000000
   End Polygon
   Begin Polygon Texture=Black Flags=1073741824 Link=55
      Origin   -00045.999878,-00404.000000,-00192.000000
      Normal   +00001.000000,+00000.000000,+00000.000000
      TextureU +00000.000000,+00001.000000,+00000.000000
      TextureV +00000.000000,+00000.000000,-00001.000000
      Vertex   -00045.999878,+00054.000122,-00020.000000
      Vertex   -00045.999878,+00054.000122,-00012.000000
      Vertex   -00045.999878,-00045.999878,-00012.000000
      Vertex   -00045.999878,-00045.999878,-00020.000000
   End Polygon
   Begin Polygon Texture=Black Flags=1073741824 Link=56
      Origin   +00188.000122,+00054.000122,-00192.000000
      Normal   +00000.000000,-00001.000000,+00000.000000
      TextureU +00001.000000,+00000.000000,+00000.000000
      TextureV +00000.000000,+00000.000000,-00001.000000
      Vertex   -00045.999878,+00054.000122,-00012.000000
      Vertex   -00045.999878,+00054.000122,-00020.000000
      Vertex   -00025.751221,+00054.000000,-00020.000000
      Vertex   -00025.751221,+00054.000000,-00012.000000
   End Polygon
   Begin Polygon Texture=Black Flags=1073741824 Link=57
      Origin   -00503.999634,-00048.000000,-00192.000000
      Normal   +00000.000000,-00001.000000,+00000.000000
      TextureU +00001.000000,+00000.000000,+00000.000000
      TextureV +00000.000000,+00000.000000,-00001.000000
      Vertex   +00008.000000,-00048.000000,-00032.000000
      Vertex   +00008.000000,-00048.000000,-00012.000000
      Vertex   -00047.999878,-00048.000000,-00012.000000
      Vertex   -00048.000000,-00048.000000,-00032.000000
   End Polygon
   Begin Polygon Texture=crome Flags=1073741824 Link=33
      Origin   +01407.999268,-01103.998779,-00020.000000
      Normal   +00000.000000,+00000.000000,+00001.000000
      TextureU +00015.999897,+00000.000001,+00000.000000
      TextureV -00000.000001,+00016.000013,+00000.000000
      Vertex   -00045.999878,+00054.000122,-00020.000000
      Vertex   -00045.999878,+00016.000000,-00020.000000
      Vertex   -00029.374023,+00016.000000,-00020.000000
      Vertex   -00018.924316,+00041.227661,-00020.000000
      Vertex   -00025.751221,+00054.000000,-00020.000000
   End Polygon
   Begin Polygon Texture=Black Flags=1073741824 Link=59
      Origin   -00017.704468,+00038.946533,-00022.000076
      Normal   -00000.366205,-00000.884098,-00000.290285
      TextureU -00000.923880,+00000.382683,-00000.000000
      TextureV +00000.111087,+00000.268188,-00000.956940
      Vertex   -00021.596191,+00029.551025,+00011.524750
      Vertex   -00023.468872,+00030.256348,+00011.738724
      Vertex   -00019.784424,+00039.151245,-00020.000061
      Vertex   -00017.936646,+00038.385986,-00020.000061
   End Polygon
   Begin Polygon Texture=Black Flags=1073741824 Link=24
      Origin   +01407.999878,-01103.999878,-00012.000000
      Normal   +00000.000000,+00000.000000,+00001.000000
      TextureU +00001.000000,+00000.000000,+00000.000000
      TextureV +00000.000000,+00001.000000,+00000.000000
      Vertex   +00008.000000,-00048.000000,-00012.000000
      Vertex   +00014.593628,-00045.999878,-00012.000000
      Vertex   -00047.999878,-00045.999878,-00012.000000
      Vertex   -00047.999878,-00048.000000,-00012.000000
   End Polygon
   Begin Polygon Texture=Black Flags=1073741824 Link=61
      Origin   -00239.999878,-00045.999878,-00192.000000
      Normal   +00000.000000,+00001.000000,+00000.000000
      TextureU -00001.000000,+00000.000000,+00000.000000
      TextureV +00000.000000,+00000.000000,-00001.000000
      Vertex   -00045.999878,-00045.999878,-00020.000000
      Vertex   -00045.999878,-00045.999878,-00012.000000
      Vertex   +00007.703369,-00046.000000,-00012.000000
      Vertex   +00007.703369,-00046.000000,-00020.000000
   End Polygon
   Begin Polygon Texture=Black Flags=1073741824 Link=62
      Origin   -00017.704956,+00038.946533,-00192.000000
      Normal   -00000.881921,-00000.471397,+00000.000000
      TextureU +00000.471397,-00000.881921,+00000.000000
      TextureV +00000.000000,+00000.000000,-00001.000000
      Vertex   -00018.924316,+00041.227661,-00020.000000
      Vertex   -00018.331177,+00040.118042,-00017.887909
      Vertex   -00017.704590,+00038.946289,-00015.109711
      Vertex   -00017.704834,+00038.946533,-00012.000000
      Vertex   -00025.751221,+00054.000000,-00012.000000
      Vertex   -00025.751221,+00054.000000,-00020.000000
   End Polygon
   Begin Polygon Texture=Black Flags=1073741824 Link=63
      Origin   -00019.552246,+00039.711792,-00022.000046
      Normal   -00000.923880,+00000.382683,-00000.000000
      TextureU +00000.366205,+00000.884098,+00000.290284
      TextureV +00000.111087,+00000.268188,-00000.956940
      Vertex   -00019.784424,+00039.151245,-00020.000061
      Vertex   -00023.468872,+00030.256348,+00011.738724
      Vertex   -00022.731689,+00032.036011,+00012.278580
      Vertex   -00018.924316,+00041.227661,-00020.000000
   End Polygon
   Begin Polygon Texture=Black Flags=1073741824 Link=64
      Origin   -00018.819824,+00041.479980,-00021.419495
      Normal   +00000.366205,+00000.884098,+00000.290285
      TextureU +00000.923880,-00000.382683,+00000.000000
      TextureV +00000.111087,+00000.268188,-00000.956940
      Vertex   -00022.731689,+00032.036011,+00012.278580
      Vertex   -00020.859131,+00031.330566,+00012.064575
      Vertex   -00017.704590,+00038.946289,-00015.109711
      Vertex   -00018.331177,+00040.118042,-00017.887909
      Vertex   -00018.924316,+00041.227661,-00020.000000
   End Polygon
   Begin Polygon Texture=Black Flags=1073741824 Link=65
      Origin   -00016.972168,+00040.714722,-00021.419495
      Normal   +00000.923880,-00000.382683,+00000.000000
      TextureU -00000.366205,-00000.884098,-00000.290284
      TextureV +00000.111087,+00000.268188,-00000.956940
      Vertex   -00020.859131,+00031.330566,+00012.064575
      Vertex   -00021.596191,+00029.551025,+00011.524750
      Vertex   -00017.936646,+00038.385986,-00020.000061
      Vertex   -00017.704834,+00038.946533,-00020.000000
      Vertex   -00017.704590,+00038.946289,-00015.109711
   End Polygon
   Begin Polygon Texture=Black Flags=1073741824 Link=24
      Origin   +01407.999878,-01103.999878,-00012.000000
      Normal   +00000.000000,+00000.000000,+00001.000000
      TextureU +00001.000000,+00000.000000,+00000.000000
      TextureV +00000.000000,+00001.000000,+00000.000000
      Vertex   -00017.704834,+00038.946533,-00012.000000
      Vertex   -00012.833008,+00034.074707,-00012.000000
      Vertex   -00023.483154,+00054.000122,-00012.000000
      Vertex   -00025.751221,+00054.000000,-00012.000000
   End Polygon
   Begin Polygon Texture=crome Flags=1073741824 Link=33
      Origin   +01407.999268,-01103.998779,-00020.000000
      Normal   +00000.000000,+00000.000000,+00001.000000
      TextureU +00015.999897,+00000.000001,+00000.000000
      TextureV -00000.000001,+00016.000013,+00000.000000
      Vertex   -00003.171997,+00016.000000,-00020.000000
      Vertex   -00012.833008,+00034.074707,-00020.000000
      Vertex   -00017.704834,+00038.946533,-00020.000000
      Vertex   -00017.936646,+00038.385986,-00020.000061
      Vertex   -00027.209351,+00016.000000,-00020.000000
   End Polygon
   Begin Polygon Texture=crome Flags=1073741824 Link=33
      Origin   +01407.999268,-01103.998779,-00020.000000
      Normal   +00000.000000,+00000.000000,+00001.000000
      TextureU +00015.999897,+00000.000001,+00000.000000
      TextureV -00000.000001,+00016.000013,+00000.000000
      Vertex   -00019.784424,+00039.151245,-00020.000061
      Vertex   -00029.374023,+00016.000000,-00020.000000
      Vertex   -00027.209351,+00016.000000,-00020.000000
      Vertex   -00017.936646,+00038.385986,-00020.000061
   End Polygon
   Begin Polygon Texture=crome Flags=1073741824 Link=33
      Origin   +01407.999268,-01103.998779,-00020.000000
      Normal   +00000.000000,+00000.000000,+00001.000000
      TextureU +00015.999897,+00000.000001,+00000.000000
      TextureV -00000.000001,+00016.000013,+00000.000000
      Vertex   -00039.750000,+00016.000000,-00020.000000
      Vertex   -00045.999878,+00016.000000,-00020.000000
      Vertex   -00045.999878,-00045.999878,-00020.000000
      Vertex   -00039.750000,-00045.999878,-00020.000000
   End Polygon
   Begin Polygon Texture=crome Flags=1073741824 Link=33
      Origin   +01407.999268,-01103.998779,-00020.000000
      Normal   +00000.000000,+00000.000000,+00001.000000
      TextureU +00015.999897,+00000.000001,+00000.000000
      TextureV -00000.000001,+00016.000013,+00000.000000
      Vertex   +00007.703369,-00046.000000,-00020.000000
      Vertex   +00021.713623,-00041.750000,-00020.000000
      Vertex   -00039.750000,-00041.750000,-00020.000000
      Vertex   -00039.750000,-00045.999878,-00020.000000
   End Polygon
   Begin Polygon Texture=crome Flags=1073741824 Link=33
      Origin   +01407.999268,-01103.998779,-00020.000000
      Normal   +00000.000000,+00000.000000,+00001.000000
      TextureU +00015.999897,+00000.000001,+00000.000000
      TextureV -00000.000001,+00016.000013,+00000.000000
      Vertex   -00013.548706,-00041.750000,-00020.000000
      Vertex   +00013.329468,-00014.871826,-00020.000000
      Vertex   -00003.171997,+00016.000000,-00020.000000
      Vertex   -00039.750000,+00016.000000,-00020.000000
      Vertex   -00039.750000,-00041.750000,-00020.000000
   End Polygon
   Begin Polygon Texture=Black Flags=1073741824 Link=72
      Origin   -00023.999878,+00056.000000,-00192.000000
      Normal   +00000.000000,+00001.000000,+00000.000000
      TextureU -00001.000000,+00000.000000,+00000.000000
      TextureV +00000.000000,+00000.000000,-00001.000000
      Vertex   -00024.552124,+00056.000000,-00012.000000
      Vertex   -00024.552124,+00056.000000,-00032.000000
      Vertex   -00048.000000,+00056.000000,-00032.000000
      Vertex   -00048.000000,+00056.000000,-00012.000000
