Begin Map
Begin Actor Class=LevelInfo Name=LevelInfo9
    TimeSeconds=395.986298
    AIProfile(0)=34364
    Level=LevelInfo'MyLevel.LevelInfo9'
    Tag=LevelInfo
    Region=(Zone=LevelInfo'MyLevel.LevelInfo9',iLeaf=-1)
    Name=LevelInfo9
End Actor
Begin Actor Class=Brush Name=Brush9
    MainScale=(SheerAxis=SHEER_ZX)
    PostScale=(Scale=(X=3.375000,Y=1.375000,Z=1.250000),SheerAxis=SHEER_ZX)
    TempScale=(Scale=(X=3.375000,Y=1.375000,Z=1.279360),SheerAxis=SHEER_ZX)
    bDynamicLight=True
    Level=LevelInfo'MyLevel.LevelInfo9'
    Tag=Brush
    Region=(Zone=LevelInfo'MyLevel.LevelInfo9',iLeaf=-1)
    Location=(X=-896.000000,Y=320.000000,Z=128.000000)
    Begin Brush Name=Brush
       Begin PolyList
          Begin Polygon Item=OUTSIDE Link=0
             Origin   -00128.000000,-00128.000000,+00128.000000
             Normal   +00000.000000,+00000.000000,+00001.000000
             TextureU +00000.000000,+00001.000000,+00000.000000
             TextureV -00001.000000,+00000.000000,+00000.000000
             Vertex   -00128.000000,-00128.000000,+00128.000000
             Vertex   +00128.000000,-00128.000000,+00128.000000
             Vertex   +00128.000000,+00128.000000,+00128.000000
             Vertex   -00128.000000,+00128.000000,+00128.000000
          End Polygon
          Begin Polygon Item=OUTSIDE Link=1
             Origin   -00128.000000,+00128.000000,-00128.000000
             Normal   +00000.000000,+00000.000000,-00001.000000
             TextureU +00000.000000,-00001.000000,+00000.000000
             TextureV -00001.000000,+00000.000000,+00000.000000
             Vertex   -00128.000000,+00128.000000,-00128.000000
             Vertex   +00128.000000,+00128.000000,-00128.000000
             Vertex   +00128.000000,-00128.000000,-00128.000000
             Vertex   -00128.000000,-00128.000000,-00128.000000
          End Polygon
          Begin Polygon Item=OUTSIDE Link=2
             Origin   -00128.000000,+00128.000000,-00128.000000
             Normal   +00000.000000,+00001.000000,+00000.000000
             TextureU +00001.000000,+00000.000000,+00000.000000
             TextureV +00000.000000,+00000.000000,-00001.000000
             Vertex   -00128.000000,+00128.000000,-00128.000000
             Vertex   -00128.000000,+00128.000000,+00128.000000
             Vertex   +00128.000000,+00128.000000,+00128.000000
             Vertex   +00128.000000,+00128.000000,-00128.000000
          End Polygon
          Begin Polygon Item=OUTSIDE Link=3
             Origin   +00128.000000,-00128.000000,-00128.000000
             Normal   +00000.000000,-00001.000000,+00000.000000
             TextureU -00001.000000,+00000.000000,+00000.000000
             TextureV +00000.000000,+00000.000000,-00001.000000
             Vertex   +00128.000000,-00128.000000,-00128.000000
             Vertex   +00128.000000,-00128.000000,+00128.000000
             Vertex   -00128.000000,-00128.000000,+00128.000000
             Vertex   -00128.000000,-00128.000000,-00128.000000
          End Polygon
          Begin Polygon Item=OUTSIDE Link=4
             Origin   +00128.000000,+00128.000000,-00128.000000
             Normal   +00001.000000,+00000.000000,+00000.000000
             TextureU +00000.000000,-00001.000000,+00000.000000
             TextureV +00000.000000,+00000.000000,-00001.000000
             Vertex   +00128.000000,+00128.000000,-00128.000000
             Vertex   +00128.000000,+00128.000000,+00128.000000
             Vertex   +00128.000000,-00128.000000,+00128.000000
             Vertex   +00128.000000,-00128.000000,-00128.000000
          End Polygon
          Begin Polygon Item=OUTSIDE Link=5
             Origin   -00128.000000,-00128.000000,-00128.000000
             Normal   -00001.000000,+00000.000000,+00000.000000
             TextureU +00000.000000,+00001.000000,+00000.000000
             TextureV +00000.000000,+00000.000000,-00001.000000
             Vertex   -00128.000000,-00128.000000,-00128.000000
             Vertex   -00128.000000,-00128.000000,+00128.000000
             Vertex   -00128.000000,+00128.000000,+00128.000000
             Vertex   -00128.000000,+00128.000000,-00128.000000
          End Polygon
       End PolyList
    End Brush
    Brush=Model'MyLevel.Brush'
    Name=Brush9
End Actor
Begin Actor Class=Brush Name=Brush40
    CsgOper=CSG_Add
    MainScale=(SheerAxis=SHEER_ZX)
    PostScale=(Scale=(X=1.592551,Y=1.796854,Z=1.972022),SheerAxis=SHEER_ZX)
    bDynamicLight=True
    Level=LevelInfo'MyLevel.LevelInfo9'
    Tag=Brush
    Region=(Zone=LevelInfo'MyLevel.LevelInfo9',iLeaf=-1)
    Location=(X=768.557617,Y=532.124512,Z=135.604065)
    Rotation=(Pitch=-16384,Yaw=-32768)
    Begin Brush Name=Model279
       Begin PolyList
          Begin Polygon Item=Outer Texture=747_engnback Flags=8388608 Link=0
             Origin   +00009.941100,+00024.000000,-00048.000000
             Normal   +00000.707107,+00000.707107,+00000.000000
             Pan      U=64 V=0
             TextureU +00000.000000,+00000.000000,-00000.530850
             TextureV -00000.664095,+00000.664092,+00000.000000
             Vertex   +00009.941100,+00024.000000,-00048.000000
             Vertex   +00009.941100,+00024.000000,+00048.000000
             Vertex   +00024.000000,+00009.941100,+00048.000000
             Vertex   +00024.000000,+00009.941100,-00048.000000
          End Polygon
          Begin Polygon Item=Outer Texture=747_engnback Flags=8388608 Link=1
             Origin   -00009.941200,+00024.000000,-00048.000000
             Normal   +00000.000000,+00001.000000,+00000.000000
             Pan      U=64 V=0
             TextureU +00000.000000,+00000.000000,-00000.530850
             TextureV -00000.986011,+00000.000000,+00000.000000
             Vertex   -00009.941200,+00024.000000,-00048.000000
             Vertex   -00009.941200,+00024.000000,+00048.000000
             Vertex   +00009.941100,+00024.000000,+00048.000000
             Vertex   +00009.941100,+00024.000000,-00048.000000
          End Polygon
          Begin Polygon Item=Outer Texture=747_engnback Flags=8388608 Link=2
             Origin   -00024.000000,+00009.941100,-00048.000000
             Normal   -00000.707109,+00000.707104,+00000.000000
             Pan      U=64 V=0
             TextureU +00000.000000,+00000.000000,-00000.530850
             TextureV -00000.664093,-00000.664093,+00000.000000
             Vertex   -00024.000000,+00009.941100,-00048.000000
             Vertex   -00024.000000,+00009.941100,+00048.000000
             Vertex   -00009.941200,+00024.000000,+00048.000000
             Vertex   -00009.941200,+00024.000000,-00048.000000
          End Polygon
          Begin Polygon Item=Outer Texture=747_engnback Flags=8388608 Link=3
             Origin   -00024.000000,-00009.941200,-00048.000000
             Normal   -00001.000000,+00000.000000,+00000.000000
             Pan      U=64 V=0
             TextureU +00000.000000,+00000.000000,-00000.530850
             TextureV +00000.000000,-00000.898427,+00000.000000
             Vertex   -00024.000000,-00009.941200,-00048.000000
             Vertex   -00024.000000,-00009.941200,+00048.000000
             Vertex   -00024.000000,+00009.941100,+00048.000000
             Vertex   -00024.000000,+00009.941100,-00048.000000
          End Polygon
          Begin Polygon Item=Outer Texture=747_engnback Flags=8388608 Link=4
             Origin   -00009.941200,-00024.000000,-00048.000000
             Normal   -00000.707107,-00000.707107,+00000.000000
             Pan      U=64 V=0
             TextureU +00000.000000,+00000.000000,-00000.530850
             TextureV +00000.664095,-00000.664092,+00000.000000
             Vertex   -00009.941200,-00024.000000,-00048.000000
             Vertex   -00009.941200,-00024.000000,+00048.000000
             Vertex   -00024.000000,-00009.941200,+00048.000000
             Vertex   -00024.000000,-00009.941200,-00048.000000
          End Polygon
          Begin Polygon Item=Outer Texture=747_engnback Flags=8388608 Link=5
             Origin   +00009.941100,-00024.000000,-00048.000000
             Normal   +00000.000000,-00001.000000,+00000.000000
             Pan      U=64 V=0
             TextureU +00000.000000,+00000.000000,-00000.530850
             TextureV +00000.986011,+00000.000000,+00000.000000
             Vertex   +00009.941100,-00024.000000,-00048.000000
             Vertex   +00009.941100,-00024.000000,+00048.000000
             Vertex   -00009.941200,-00024.000000,+00048.000000
             Vertex   -00009.941200,-00024.000000,-00048.000000
          End Polygon
          Begin Polygon Item=Outer Texture=747_engnback Flags=8388608 Link=6
             Origin   +00024.000000,-00009.941200,-00048.000000
             Normal   +00000.707104,-00000.707109,+00000.000000
             Pan      U=64 V=0
             TextureU +00000.000000,+00000.000000,-00000.530850
             TextureV +00000.664093,+00000.664093,+00000.000000
             Vertex   +00024.000000,-00009.941200,-00048.000000
             Vertex   +00024.000000,-00009.941200,+00048.000000
             Vertex   +00009.941100,-00024.000000,+00048.000000
             Vertex   +00009.941100,-00024.000000,-00048.000000
          End Polygon
          Begin Polygon Item=Outer Texture=747_engnback Flags=8388608 Link=7
             Origin   +00024.000000,+00009.941100,-00048.000000
             Normal   +00001.000000,+00000.000000,+00000.000000
             Pan      U=64 V=0
             TextureU +00000.000000,+00000.000000,-00000.530850
             TextureV +00000.000000,+00000.898427,+00000.000000
             Vertex   +00024.000000,+00009.941100,-00048.000000
             Vertex   +00024.000000,+00009.941100,+00048.000000
             Vertex   +00024.000000,-00009.941200,+00048.000000
             Vertex   +00024.000000,-00009.941200,-00048.000000
          End Polygon
          Begin Polygon Item=Base Texture=747_black Flags=8388608 Link=8
             Origin   +00024.000000,-00009.941200,-00048.000000
             Normal   +00000.000000,+00000.000000,-00001.000000
             TextureU -00000.707104,+00000.707109,+00000.000000
             TextureV +00000.707109,+00000.707104,+00000.000000
             Vertex   +00024.000000,-00009.941200,-00048.000000
             Vertex   +00009.941100,-00024.000000,-00048.000000
             Vertex   -00009.941200,-00024.000000,-00048.000000
             Vertex   -00024.000000,-00009.941200,-00048.000000
             Vertex   -00024.000000,+00009.941100,-00048.000000
             Vertex   -00009.941200,+00024.000000,-00048.000000
             Vertex   +00009.941100,+00024.000000,-00048.000000
             Vertex   +00024.000000,+00009.941100,-00048.000000
          End Polygon
          Begin Polygon Item=Top Texture=747_metal Flags=8388608 Link=9
             Origin   +00024.000000,+00009.941100,+00048.000000
             Normal   +00000.000000,+00000.000000,+00001.000000
             TextureU -00000.707107,-00000.707107,+00000.000000
             TextureV +00000.707107,-00000.707107,+00000.000000
             Vertex   +00024.000000,+00009.941100,+00048.000000
             Vertex   +00009.941100,+00024.000000,+00048.000000
             Vertex   -00009.941200,+00024.000000,+00048.000000
             Vertex   -00024.000000,+00009.941100,+00048.000000
             Vertex   -00024.000000,-00009.941200,+00048.000000
             Vertex   -00009.941200,-00024.000000,+00048.000000
             Vertex   +00009.941100,-00024.000000,+00048.000000
             Vertex   +00024.000000,-00009.941200,+00048.000000
          End Polygon
       End PolyList
    End Brush
    Brush=Model'MyLevel.Model279'
    Name=Brush40
End Actor
Begin Actor Class=Brush Name=Brush548
    CsgOper=CSG_Add
    MainScale=(SheerAxis=SHEER_ZX)
    PostScale=(Scale=(X=1.592551,Y=1.796854,Z=1.972022),SheerAxis=SHEER_ZX)
    bDynamicLight=True
    Level=LevelInfo'MyLevel.LevelInfo9'
    Tag=Brush
    Region=(Zone=LevelInfo'MyLevel.LevelInfo9',iLeaf=-1)
    Location=(X=-865.000000,Y=-94.000000,Z=7.000000)
    Rotation=(Yaw=-32768)
    Begin Brush Name=Model1100
       Begin PolyList
          Begin Polygon Texture=ClenGrayCemnt_B Flags=32768 Link=0
             Origin   +00776.792786,+00047.680859,-00329.081940
             Normal   +00000.000000,+00000.000000,-00001.000000
             TextureU -00001.000000,+00000.000000,+00000.000000
             TextureV +00000.000000,+00001.000000,+00000.000000
             Vertex   +00776.792786,+00047.680859,-00329.081940
             Vertex   +00776.792786,-00046.564938,-00329.081940
             Vertex   +00744.924683,-00046.564938,-00329.081940
          End Polygon
          Begin Polygon Texture=ClenGrayCemnt_B Flags=32768 Link=0
             Origin   +00744.924683,+00048.772636,-00329.081940
             Normal   +00000.000000,+00000.000000,-00001.000000
             TextureU -00000.034239,-00000.999414,+00000.000000
             TextureV -00000.999414,+00000.034239,+00000.000000
             Vertex   +00744.924683,+00048.772636,-00329.081940
             Vertex   +00776.792786,+00047.680859,-00329.081940
             Vertex   +00744.924683,-00046.564938,-00329.081940
          End Polygon
          Begin Polygon Texture=ClenCncrtWall_A Flags=32768 Link=2
             Origin   +00744.924683,+00048.772636,-00329.081940
             Normal   -00000.008606,+00000.999349,-00000.035027
             Pan      U=22 V=4
             TextureU +00000.208878,+00000.036052,+00000.977277
             TextureV +00000.977904,+00000.001094,-00000.209053
             Vertex   +00744.924683,+00048.772636,-00329.081940
             Vertex   +00467.633057,+00048.462471,-00269.803528
             Vertex   +00466.554779,+00048.772636,-00260.689331
          End Polygon
          Begin Polygon Texture=ClenCncrtWall_A Flags=32768 Link=3
             Origin   +00776.792786,+00047.680859,-00329.081940
             Normal   +00000.033911,+00000.989848,+00000.138026
             Pan      U=22 V=4
             TextureU -00000.004726,-00000.137945,+00000.990429
             TextureV +00000.999414,-00000.034239,+00000.000000
             Vertex   +00776.792786,+00047.680859,-00329.081940
             Vertex   +00744.924683,+00048.772636,-00329.081940
             Vertex   +00466.554779,+00048.772636,-00260.689331
          End Polygon
          Begin Polygon Texture=747_black Flags=32768 Link=4
             Origin   +00467.633057,+00048.462471,-00269.803528
             Normal   -00000.209053,+00000.000000,-00000.977904
             TextureU +00000.001070,-00000.999999,-00000.000229
             TextureV -00000.977904,-00000.001094,+00000.209053
             Vertex   +00467.633057,+00048.462471,-00269.803528
             Vertex   +00744.924683,+00048.772636,-00329.081940
             Vertex   +00744.924683,-00046.564938,-00329.081940
          End Polygon
          Begin Polygon Texture=747_black Flags=32768 Link=4
             Origin   +00467.633057,+00048.462471,-00269.803528
             Normal   -00000.209053,+00000.000000,-00000.977904
             TextureU -00000.310736,-00000.948172,+00000.066428
             TextureV -00000.927222,+00000.317757,+00000.198218
             Vertex   +00467.633057,+00048.462471,-00269.803528
             Vertex   +00744.924683,-00046.564938,-00329.081940
             Vertex   +00467.633026,-00047.587784,-00269.803528
          End Polygon
          Begin Polygon Texture=ClenCncrtWall_A Flags=32768 Link=6
             Origin   +00744.924683,-00046.564938,-00329.081940
             Normal   +00000.000000,-00000.999873,-00000.015961
             Pan      U=20 V=29
             TextureU +00000.000000,-00000.015961,+00000.999873
             TextureV -00001.000000,+00000.000000,+00000.000000
             Vertex   +00744.924683,-00046.564938,-00329.081940
             Vertex   +00776.792786,-00046.564938,-00329.081940
             Vertex   +00466.554779,-00047.656715,-00260.689331
          End Polygon
          Begin Polygon Texture=ClenCncrtWall_A Flags=32768 Link=7
             Origin   +00467.633026,-00047.587784,-00269.803528
             Normal   +00000.002126,-00000.999971,-00000.007311
             Pan      U=20 V=29
             TextureU +00000.209072,-00000.006705,+00000.977877
             TextureV -00000.977898,-00000.003607,+00000.209052
             Vertex   +00467.633026,-00047.587784,-00269.803528
             Vertex   +00744.924683,-00046.564938,-00329.081940
             Vertex   +00466.554779,-00047.656715,-00260.689331
          End Polygon
          Begin Polygon Texture=747_rearwlkwy Flags=32800 Link=8
             Origin   +02240.481934,-00494.377594,-00651.721924
             Normal   +00000.215283,+00000.000000,+00000.976552
             TextureU -00001.482106,+00000.000000,+00000.500991
             TextureV +00000.000000,-00001.796854,+00000.000000
             Vertex   +00466.554779,+00048.772636,-00260.689331
             Vertex   +00466.554779,-00047.656715,-00260.689331
             Vertex   +00776.792786,-00046.564938,-00329.081940
          End Polygon
          Begin Polygon Texture=747_rearwlkwy Flags=32800 Link=8
             Origin   +02240.481934,-00494.377594,-00651.721924
             Normal   +00000.215283,+00000.000000,+00000.976552
             TextureU -00001.482106,+00000.000000,+00000.500991
             TextureV +00000.000000,-00001.796854,+00000.000000
             Vertex   +00776.792786,-00046.564938,-00329.081940
             Vertex   +00776.792786,+00047.680859,-00329.081940
             Vertex   +00466.554779,+00048.772636,-00260.689331
          End Polygon
          Begin Polygon Texture=747_black Flags=8388608 Link=10
             Origin   +00788.242554,+00048.726543,-00183.599716
             Normal   -00000.008065,-00000.999421,+00000.033057
             Pan      U=-7 V=-49
             TextureU -00000.018835,-00000.032901,-00000.999281
             TextureV +00000.999790,-00000.008682,-00000.018558
             Vertex   +00788.242554,+00048.726543,-00183.599716
             Vertex   +00466.554779,+00048.772636,-00260.689331
             Vertex   +00467.633057,+00048.462471,-00269.803528
          End Polygon
          Begin Polygon Texture=747_black Flags=8388608 Link=11
             Origin   +00466.554779,-00047.656715,-00260.689331
             Normal   -00000.000581,+00000.999972,+00000.007494
             Pan      U=13 V=-14
             TextureU -00000.010886,+00000.007487,-00000.999913
             TextureV -00000.999941,-00000.000663,+00000.010881
             Vertex   +00466.554779,-00047.656715,-00260.689331
             Vertex   +00788.242554,-00048.047432,-00183.599716
             Vertex   +00467.633026,-00047.587784,-00269.803528
          End Polygon
          Begin Polygon Texture=747_black Flags=8388608 Link=12
             Origin   +00454.127136,-00048.047432,-00183.599716
             Normal   +00000.000000,+00000.999987,+00000.005068
             Pan      U=-1 V=-1
             TextureU +00000.000000,+00000.005068,-00000.999987
             TextureV -00001.000000,+00000.000000,+00000.000000
             Vertex   +00454.127136,-00048.047432,-00183.599716
             Vertex   +00788.242554,-00048.047432,-00183.599716
             Vertex   +00466.554779,-00047.656715,-00260.689331
          End Polygon
          Begin Polygon Texture=747_black Flags=8388608 Link=13
             Origin   +00788.242554,+00048.726543,-00183.599716
             Normal   +00000.000000,-00001.000000,-00000.000598
             Pan      U=-1 V=16
             TextureU +00000.000000,+00000.000598,-00001.000000
             TextureV +00001.000000,+00000.000000,+00000.000000
             Vertex   +00788.242554,+00048.726543,-00183.599716
             Vertex   +00454.127136,+00048.726543,-00183.599716
             Vertex   +00466.554779,+00048.772636,-00260.689331
          End Polygon
          Begin Polygon Texture=747_black Flags=8388608 Link=14
             Origin   +00454.127136,+00048.726543,-00183.599716
             Normal   +00000.987254,+00000.000000,+00000.159155
             TextureU +00000.159155,+00000.000000,-00000.987254
             TextureV +00000.000000,+00001.000000,+00000.000000
             Vertex   +00454.127136,+00048.726543,-00183.599716
             Vertex   +00454.127136,-00048.047432,-00183.599716
             Vertex   +00466.554779,-00047.656715,-00260.689331
          End Polygon
          Begin Polygon Texture=747_black Flags=8388608 Link=14
             Origin   +00466.554779,+00048.772636,-00260.689331
             Normal   +00000.987254,+00000.000000,+00000.159155
             TextureU +00000.000094,-00001.000000,-00000.000583
             TextureV +00000.159155,+00000.000590,-00000.987253
             Vertex   +00466.554779,+00048.772636,-00260.689331
             Vertex   +00454.127136,+00048.726543,-00183.599716
             Vertex   +00466.554779,-00047.656715,-00260.689331
          End Polygon
          Begin Polygon Texture=747_black Flags=8388608 Link=16
             Origin   +00454.127136,+00048.726543,-00183.599716
             Normal   +00000.000000,+00000.000000,-00001.000000
             Pan      U=-1 V=0
             TextureU -00000.182472,-00000.983194,-00000.000573
             TextureV -00000.983211,+00000.182564,+00000.000106
             Vertex   +00454.127136,+00048.726543,-00183.599716
             Vertex   +00788.242554,+00048.726543,-00183.599716
             Vertex   +00788.242554,-00048.047432,-00183.599716
          End Polygon
          Begin Polygon Texture=747_black Flags=8388608 Link=16
             Origin   +00454.127136,+00048.726543,-00183.599716
             Normal   +00000.000000,+00000.000000,-00001.000000
             Pan      U=-1 V=0
             TextureU -00000.229093,-00000.973405,+00000.000000
             TextureV -00000.973405,+00000.229093,+00000.000000
             Vertex   +00454.127136,+00048.726543,-00183.599716
             Vertex   +00788.242554,-00048.047432,-00183.599716
             Vertex   +00454.127136,-00048.047432,-00183.599716
          End Polygon
          Begin Polygon Texture=747_black Flags=8388608 Link=18
             Origin   +00788.242554,+00048.726543,-00183.599716
             Normal   +00000.262236,+00000.000000,-00000.965004
             TextureU -00000.107668,-00000.993756,-00000.029259
             TextureV -00000.958979,+00000.111573,-00000.260599
             Vertex   +00788.242554,+00048.726543,-00183.599716
             Vertex   +01050.619141,+00018.200142,-00112.299911
             Vertex   +01050.619141,-00016.506733,-00112.299927
          End Polygon
          Begin Polygon Texture=747_black Flags=8388608 Link=18
             Origin   +00788.242554,+00048.726543,-00183.599716
             Normal   +00000.262236,+00000.000000,-00000.965004
             TextureU -00000.225138,-00000.972404,-00000.061180
             TextureV -00000.938374,+00000.233303,-00000.254999
             Vertex   +00788.242554,+00048.726543,-00183.599716
             Vertex   +01050.619141,-00016.506733,-00112.299927
             Vertex   +00788.242554,-00048.047432,-00183.599716
          End Polygon
          Begin Polygon Texture=747_black Flags=8388608 Link=20
             Origin   +00444.587433,+00103.281654,-00256.376587
             Normal   +00000.244253,+00000.791788,-00000.559832
             TextureU +00000.105688,-00000.595616,-00000.796286
             TextureV -00000.963935,+00000.135328,-00000.229164
             Vertex   +00444.587433,+00103.281654,-00256.376587
             Vertex   +01050.619141,+00018.200142,-00112.299911
             Vertex   +00788.242554,+00048.726543,-00183.599716
          End Polygon
          Begin Polygon Texture=747_black Flags=8388608 Link=21
             Origin   +00467.633057,+00048.462471,-00269.803528
             Normal   +00000.245160,+00000.326637,-00000.912800
             TextureU +00000.892745,+00000.291065,+00000.343929
             TextureV +00000.378024,-00000.899216,-00000.220246
             Vertex   +00467.633057,+00048.462471,-00269.803528
             Vertex   +00444.587433,+00103.281654,-00256.376587
             Vertex   +00788.242554,+00048.726543,-00183.599716
          End Polygon
          Begin Polygon Texture=747_black Flags=8388608 Link=22
             Origin   +00467.633026,-00047.587784,-00269.803528
             Normal   +00000.247328,-00000.299566,-00000.921460
             TextureU -00000.079059,-00000.954075,+00000.288948
             TextureV -00000.965701,+00000.001384,-00000.259653
             Vertex   +00467.633026,-00047.587784,-00269.803528
             Vertex   +00788.242554,-00048.047432,-00183.599716
             Vertex   +00442.966339,-00102.047562,-00258.719482
          End Polygon
          Begin Polygon Texture=747_black Flags=8388608 Link=23
             Origin   +00788.242554,-00048.047432,-00183.599716
             Normal   +00000.243348,-00000.806597,-00000.538687
             TextureU -00000.148036,-00000.579761,+00000.801225
             TextureV -00000.958576,-00000.115232,-00000.260489
             Vertex   +00788.242554,-00048.047432,-00183.599716
             Vertex   +01050.619141,-00016.506733,-00112.299927
             Vertex   +00442.966339,-00102.047562,-00258.719482
          End Polygon
          Begin Polygon Texture=747_black Flags=8388608 Link=24
             Origin   +00444.587433,+00103.281654,-00256.376587
             Normal   -00000.002097,+00000.237067,-00000.971491
             TextureU -00000.925793,-00000.367709,-00000.087732
             TextureV -00000.378024,+00000.899216,+00000.220246
             Vertex   +00444.587433,+00103.281654,-00256.376587
             Vertex   +00467.633057,+00048.462471,-00269.803528
             Vertex   -00696.510071,+00001.417603,-00278.771301
          End Polygon
          Begin Polygon Texture=747_black Flags=8388608 Link=25
             Origin   -00696.510071,+00001.417603,-00278.771301
             Normal   +00000.007703,+00000.000000,-00000.999970
             TextureU +00000.040376,-00000.999184,+00000.000311
             TextureV -00000.999155,-00000.040377,-00000.007697
             Vertex   -00696.510071,+00001.417603,-00278.771301
             Vertex   +00467.633057,+00048.462471,-00269.803528
             Vertex   +00467.633026,-00047.587784,-00269.803528
          End Polygon
          Begin Polygon Texture=747_black Flags=8388608 Link=26
             Origin   -00696.510071,+00001.417603,-00278.771301
             Normal   -00000.000831,-00000.199077,-00000.979984
             TextureU -00000.042747,-00000.979081,+00000.198930
             TextureV -00000.999086,+00000.042057,-00000.007696
             Vertex   -00696.510071,+00001.417603,-00278.771301
             Vertex   +00467.633026,-00047.587784,-00269.803528
             Vertex   +00442.966339,-00102.047562,-00258.719482
          End Polygon
          Begin Polygon Texture=747_black Flags=8388608 Link=27
             Origin   -00696.510071,+00001.417603,-00278.771301
             Normal   -00000.012493,-00000.321111,-00000.946959
             TextureU -00000.091246,-00000.942716,+00000.320876
             TextureV -00000.995750,+00000.090415,-00000.017523
             Vertex   -00696.510071,+00001.417603,-00278.771301
             Vertex   +00442.966339,-00102.047562,-00258.719482
             Vertex   -00953.088867,-00070.156548,-00251.115707
          End Polygon
          Begin Polygon Texture=747_black Flags=8388608 Link=28
             Origin   -00953.088867,+00076.265289,-00248.772842
             Normal   -00000.011642,+00000.337360,-00000.941304
             TextureU +00000.016356,-00000.941177,-00000.337517
             TextureV -00000.999798,-00000.019326,+00000.005439
             Vertex   -00953.088867,+00076.265289,-00248.772842
             Vertex   +00444.587433,+00103.281654,-00256.376587
             Vertex   -00696.510071,+00001.417603,-00278.771301
          End Polygon
          Begin Polygon Texture=747_black Flags=8388608 Link=29
             Origin   +00442.966339,-00102.047562,-00258.719482
             Normal   -00000.022722,-00000.882790,-00000.469218
             TextureU -00000.042121,+00000.469768,-00000.881785
             TextureV +00000.998854,-00000.000272,-00000.047858
             Vertex   +00442.966339,-00102.047562,-00258.719482
             Vertex   -00785.218079,-00101.713448,-00199.873428
             Vertex   -00953.088867,-00070.156548,-00251.115707
          End Polygon
          Begin Polygon Texture=747_black Flags=8388608 Link=29
             Origin   -00953.088867,-00070.156548,-00251.115707
             Normal   -00000.023310,-00000.883549,-00000.467759
             TextureU -00000.336654,-00000.433622,+00000.835845
             TextureV -00000.941340,+00000.176956,-00000.287342
             Vertex   -00953.088867,-00070.156548,-00251.115707
             Vertex   -00785.218079,-00101.713448,-00199.873428
             Vertex   -00825.969360,-00100.638344,-00199.873428
          End Polygon
          Begin Polygon Texture=747_black Flags=8388608 Link=31
             Origin   -00825.969360,-00100.638344,-00199.873428
             Normal   -00000.068306,-00000.922698,-00000.379423
             Pan      U=0 V=-21
             TextureU -00000.215541,+00000.384978,-00000.897404
             TextureV +00000.974103,+00000.020483,-00000.225176
             Vertex   -00825.969360,-00100.638344,-00199.873428
             Vertex   -00963.544800,-00101.399704,-00173.254791
             Vertex   -00953.088867,-00070.156548,-00251.115707
          End Polygon
          Begin Polygon Texture=747_black Flags=8388608 Link=32
             Origin   -00785.218079,-00037.150742,-00199.873428
             Normal   +00000.000000,-00001.000000,+00000.000000
             TextureU -00001.000000,+00000.000000,+00000.000000
             TextureV +00000.000000,+00000.000000,-00001.000000
             Vertex   -00785.218079,-00037.150742,-00199.873428
             Vertex   -00785.218079,-00037.150742,-00124.945374
             Vertex   -00827.531677,-00037.150742,-00124.945374
          End Polygon
          Begin Polygon Texture=747_black Flags=8388608 Link=32
             Origin   -00827.531677,-00037.150742,-00124.945374
             Normal   +00000.000000,-00001.000000,+00000.000000
             TextureU +00001.000000,+00000.000000,+00000.000000
             TextureV +00000.000000,+00000.000000,+00001.000000
             Vertex   -00827.531677,-00037.150742,-00124.945374
             Vertex   -00827.531677,-00037.150742,-00199.873428
             Vertex   -00785.218079,-00037.150742,-00199.873428
          End Polygon
          Begin Polygon Texture=747_main_gnrc Flags=8388608 Link=34
             Origin   -00825.969360,-00100.638344,-00199.873428
             Normal   -00000.003882,-00000.999495,-00000.031529
             Pan      U=-18 V=-57
             TextureU -00000.796185,+00000.002632,+00000.014602
             TextureV -00000.017965,+00000.031146,-00000.985167
             Vertex   -00825.969360,-00100.638344,-00199.873428
             Vertex   -00827.531677,-00102.995850,-00124.945374
             Vertex   -00949.548340,-00102.727448,-00118.429428
          End Polygon
          Begin Polygon Texture=747_main_gnrc Flags=8388608 Link=34
             Origin   -00825.969360,-00100.638344,-00199.873428
             Normal   +00000.000808,-00000.999702,-00000.024417
             Pan      U=-18 V=-57
             TextureU -00000.796477,-00000.001330,+00000.028095
             TextureV -00000.000298,+00000.024058,-00000.985006
             Vertex   -00825.969360,-00100.638344,-00199.873428
             Vertex   -00949.548340,-00102.727448,-00118.429428
             Vertex   -00963.544800,-00101.399704,-00173.254791
          End Polygon
          Begin Polygon Texture=747_main_gnrc Flags=8388608 Link=36
             Origin   +00442.966339,-00102.047562,-00258.719482
             Normal   +00000.000031,-00000.999980,+00000.006330
             Pan      U=64 V=-6
             TextureU -00000.796265,+00000.000008,+00000.005135
             TextureV -00000.006358,-00000.006241,-00000.985956
             Vertex   +00442.966339,-00102.047562,-00258.719482
             Vertex   -00785.218079,-00101.239166,-00124.945374
             Vertex   -00785.218079,-00101.713448,-00199.873428
          End Polygon
          Begin Polygon Texture=747_main_gnrc Flags=8388608 Link=37
             Origin   -00903.910034,-00098.975723,-00059.758736
             Normal   +00000.001164,-00000.998018,+00000.062913
             Pan      U=46 V=-193
             TextureU -00000.796269,-00000.000683,+00000.003898
             TextureV -00000.004762,-00000.062012,-00000.983642
             Vertex   -00903.910034,-00098.975723,-00059.758736
             Vertex   -00949.548340,-00102.727448,-00118.429428
             Vertex   -00827.531677,-00102.995850,-00124.945374
          End Polygon
          Begin Polygon Texture=747_main_gnrc Flags=8388608 Link=38
             Origin   -00785.218079,-00101.239166,-00124.945374
             Normal   +00000.003893,-00000.999119,+00000.041781
             Pan      U=18 V=133
             TextureU -00000.796477,-00000.001330,+00000.028095
             TextureV -00000.034180,-00000.041284,-00000.984060
             Vertex   -00785.218079,-00101.239166,-00124.945374
             Vertex   +00442.966339,-00102.047562,-00258.719482
             Vertex   -00903.910034,-00098.975723,-00059.758736
          End Polygon
          Begin Polygon Texture=747_main_gnrc_b Flags=8388608 Link=39
             Origin   -00827.531677,-00102.995850,-00124.945374
             Normal   +00000.041230,-00000.993125,+00000.109556
             Pan      U=-82 V=53
             TextureU -00000.989309,-00000.025227,+00000.143637
             TextureV -00000.139886,-00000.114307,-00000.983547
             Vertex   -00827.531677,-00102.995850,-00124.945374
             Vertex   -00785.218079,-00101.239166,-00124.945374
             Vertex   -00903.910034,-00098.975723,-00059.758736
          End Polygon
          Begin Polygon Texture=747wall_sec_C Flags=8388608 Link=40
             Origin   -00785.218079,-00101.713448,-00199.873428
             Normal   -00001.000000,+00000.000000,+00000.000000
             Pan      U=93 V=0
             TextureU +00000.000000,+00002.994707,-00000.018957
             TextureV +00000.000000,-00000.020805,-00003.286624
             Vertex   -00785.218079,-00101.713448,-00199.873428
             Vertex   -00785.218079,-00101.239166,-00124.945374
             Vertex   -00785.218079,-00037.150742,-00124.945374
          End Polygon
          Begin Polygon Texture=747wall_sec_C Flags=8388608 Link=40
             Origin   -00785.218079,-00037.150742,-00199.873428
             Normal   -00001.000000,+00000.000000,+00000.000000
             Pan      U=93 V=0
             TextureU +00000.000000,+00002.994707,-00000.018957
             TextureV +00000.000000,-00000.020805,-00003.286624
             Vertex   -00785.218079,-00037.150742,-00199.873428
             Vertex   -00785.218079,-00101.713448,-00199.873428
             Vertex   -00785.218079,-00037.150742,-00124.945374
          End Polygon
          Begin Polygon Texture=747carp_sec_B Flags=8388608 Link=42
             Origin   -00785.218079,-00037.150742,-00199.873428
             Normal   +00000.000000,+00000.000000,+00001.000000
             TextureU +00000.000000,-00001.000000,+00000.000000
             TextureV +00001.000000,+00000.000000,+00000.000000
             Vertex   -00785.218079,-00037.150742,-00199.873428
             Vertex   -00827.531677,-00037.150742,-00199.873428
             Vertex   -00825.969360,-00100.638344,-00199.873428
          End Polygon
          Begin Polygon Texture=747carp_sec_B Flags=8388608 Link=42
             Origin   -00825.969360,-00100.638344,-00199.873428
             Normal   +00000.000000,+00000.000000,+00001.000000
             TextureU +00000.026373,+00000.999652,+00000.000000
             TextureV -00000.999652,+00000.026373,+00000.000000
             Vertex   -00825.969360,-00100.638344,-00199.873428
             Vertex   -00785.218079,-00101.713448,-00199.873428
             Vertex   -00785.218079,-00037.150742,-00199.873428
          End Polygon
          Begin Polygon Texture=747ceilnsec_C Flags=8388608 Link=44
             Origin   -00785.218079,-00101.239166,-00124.945374
             Normal   +00000.000000,+00000.000000,-00001.000000
             Pan      U=-4 V=153
             TextureU +00002.652457,+00000.110119,+00000.000000
             TextureV +00000.124193,-00002.991477,+00000.000000
             Vertex   -00785.218079,-00101.239166,-00124.945374
             Vertex   -00827.531677,-00102.995850,-00124.945374
             Vertex   -00827.531677,-00037.150742,-00124.945374
          End Polygon
          Begin Polygon Texture=747ceilnsec_C Flags=8388608 Link=44
             Origin   -00785.218079,-00037.150742,-00124.945374
             Normal   +00000.000000,+00000.000000,-00001.000000
             Pan      U=-4 V=153
             TextureU +00002.652457,+00000.110119,+00000.000000
             TextureV +00000.124193,-00002.991477,+00000.000000
             Vertex   -00785.218079,-00037.150742,-00124.945374
             Vertex   -00785.218079,-00101.239166,-00124.945374
             Vertex   -00827.531677,-00037.150742,-00124.945374
          End Polygon
          Begin Polygon Texture=747wall_sec_C Flags=8388608 Link=46
             Origin   -00825.969360,-00100.638344,-00199.873428
             Normal   +00000.999697,+00000.024601,+00000.000000
             Pan      U=93 V=252
             TextureU +00000.073668,-00002.993603,+00000.000000
             TextureV +00000.000000,+00000.000000,-00003.286703
             Vertex   -00825.969360,-00100.638344,-00199.873428
             Vertex   -00827.531677,-00037.150742,-00199.873428
             Vertex   -00827.531677,-00037.150742,-00124.945374
          End Polygon
          Begin Polygon Texture=747wall_sec_C Flags=8388608 Link=47
             Origin   -00827.531677,-00102.995850,-00124.945374
             Normal   +00000.999783,+00000.000000,+00000.020846
             Pan      U=287 V=0
             TextureU -00000.001962,+00002.993527,+00000.094145
             TextureV +00000.068467,+00000.103315,-00003.283653
             Vertex   -00827.531677,-00102.995850,-00124.945374
             Vertex   -00825.969360,-00100.638344,-00199.873428
             Vertex   -00827.531677,-00037.150742,-00124.945374
          End Polygon
          Begin Polygon Texture=747_main_gnrc_b Flags=8388608 Link=48
             Origin   -01048.536133,+00001.417603,-00228.118179
             Normal   -00000.505144,+00000.439148,-00000.742952
             Pan      U=7 V=-32
             TextureU +00000.552163,+00000.647303,+00000.007187
             TextureV +00000.508020,-00000.426716,-00000.597636
             Vertex   -01048.536133,+00001.417603,-00228.118179
             Vertex   -01135.285645,+00027.275557,-00153.851624
             Vertex   -00953.088867,+00076.265289,-00248.772842
          End Polygon
          Begin Polygon Texture=747_main_gnrc_b Flags=8388608 Link=49
             Origin   -01135.285645,+00027.275557,-00153.851624
             Normal   -00000.440145,+00000.782051,-00000.441213
             Pan      U=-11 V=127
             TextureU +00000.864502,+00000.501893,+00000.027198
             TextureV +00000.242712,-00000.369458,-00000.896990
             Vertex   -01135.285645,+00027.275557,-00153.851624
             Vertex   -00967.038208,+00112.393341,-00170.820129
             Vertex   -00953.088867,+00076.265289,-00248.772842
          End Polygon
          Begin Polygon Texture=747_main_gnrc Flags=8388608 Link=50
             Origin   -01135.285645,+00027.275557,-00153.851624
             Normal   -00000.424949,+00000.881236,+00000.206982
             Pan      U=-19 V=-99
             TextureU +00000.733394,+00000.349569,+00000.017404
