Begin PolyList
   Begin Polygon Item=OUTSIDE Flags=-1073741824 Link=0
      Origin   -00090.000000,+00040.000000,-00023.000000
      Normal   +00000.000000,+00000.000000,-00001.000000
      TextureU +00000.000000,-00001.000000,+00000.000000
      TextureV -00001.000000,+00000.000000,+00000.000000
      Vertex   -00077.000000,+00040.000000,-00023.000000
      Vertex   +00083.000000,+00040.000000,-00023.000000
      Vertex   +00083.000000,-00040.000000,-00023.000000
      Vertex   -00077.000000,-00040.000000,-00023.000000
   End Polygon
   Begin Polygon Item=OUTSIDE Flags=-1073741824 Link=1
      Origin   +00090.000000,-00040.000000,-00023.000000
      Normal   +00000.000000,-00001.000000,+00000.000000
      TextureU -00001.000000,+00000.000000,+00000.000000
      TextureV +00000.000000,+00000.000000,-00001.000000
      Vertex   -00077.000000,-00040.000000,+00008.999939
      Vertex   -00077.000000,-00040.000000,-00023.000000
      Vertex   +00083.000000,-00040.000000,-00023.000000
      Vertex   +00083.000000,-00040.000000,+00008.999939
   End Polygon
   Begin Polygon Item=OUTSIDE Flags=-1073741824 Link=1
      Origin   +00090.000000,-00040.000000,-00023.000000
      Normal   +00000.000000,-00001.000000,+00000.000000
      TextureU -00001.000000,+00000.000000,+00000.000000
      TextureV +00000.000000,+00000.000000,-00001.000000
      Vertex   -00079.000000,-00040.000000,+00013.000000
      Vertex   -00079.000000,-00040.000000,+00008.999939
      Vertex   +00085.000000,-00040.000000,+00008.999939
      Vertex   +00085.000000,-00040.000000,+00013.000000
   End Polygon
   Begin Polygon Item=OUTSIDE Texture=LiteBeigMarbl_A Flags=1082130432 Link=3
      Origin   -00301.000000,-00478.000000,+00013.000000
      Normal   +00000.000000,+00000.000000,+00001.000000
      TextureU +00001.000000,+00000.000000,+00000.000000
      TextureV -00000.000000,+00001.000000,+00000.000000
      Vertex   +00085.000000,+00011.976166,+00013.000000
      Vertex   +00085.000000,+00034.000000,+00013.000000
      Vertex   +00036.029846,+00034.000000,+00013.000000
      Vertex   +00072.243958,+00000.000000,+00013.000000
   End Polygon
   Begin Polygon Item=OUTSIDE Texture=LiteBeigMarbl_A Flags=1082130432 Link=4
      Origin   -00301.000000,-00478.000000,+00008.999939
      Normal   +00000.000000,+00000.000000,-00001.000000
      TextureU -00001.000000,-00000.000000,+00000.000000
      TextureV -00000.000000,+00001.000000,+00000.000000
      Vertex   +00083.000000,+00034.000000,+00009.000000
      Vertex   +00085.000000,+00034.000000,+00009.000000
      Vertex   +00085.000000,-00040.000000,+00009.000000
      Vertex   +00083.000000,-00040.000000,+00009.000000
   End Polygon
   Begin Polygon Item=OUTSIDE Texture=pa_chteuclng_a Flags=1082130432 Link=5
      Origin   +00083.000000,+00032.000000,-00391.000000
      Normal   +00001.000000,+00000.000000,+00000.000000
      TextureU -00000.000000,+00001.000000,+00000.000000
      TextureV +00000.000000,+00000.000000,-00001.000000
      Vertex   +00083.000000,+00040.000000,-00023.000000
      Vertex   +00083.000000,+00032.000000,+00009.000000
      Vertex   +00083.000000,-00040.000000,+00009.000000
      Vertex   +00083.000000,-00040.000000,-00023.000000
   End Polygon
   Begin Polygon Item=OUTSIDE Texture=pa_chteuclng_a Flags=1082130432 Link=6
      Origin   -00077.000000,-00032.000000,-00391.000000
      Normal   -00001.000000,-00000.000000,+00000.000000
      TextureU +00000.000000,-00001.000000,+00000.000000
      TextureV +00000.000000,+00000.000000,-00001.000000
      Vertex   -00077.000000,-00040.000000,-00023.000000
      Vertex   -00077.000000,-00040.000000,+00009.000000
      Vertex   -00077.000000,+00032.000000,+00009.000000
      Vertex   -00077.000000,+00040.000000,-00023.000000
   End Polygon
   Begin Polygon Item=OUTSIDE Texture=pa_chteuclng_a Flags=1082130432 Link=7
      Origin   -00301.000000,+00132.000000,-00391.000000
      Normal   -00000.000000,+00000.970142,+00000.242536
      TextureU -00001.000000,-00000.000000,+00000.000000
      TextureV -00000.000000,+00000.242536,-00000.970142
      Vertex   -00077.000000,+00040.000000,-00023.000000
      Vertex   -00077.000000,+00032.000000,+00009.000000
      Vertex   +00083.000000,+00032.000000,+00009.000000
      Vertex   +00083.000000,+00040.000000,-00023.000000
   End Polygon
   Begin Polygon Item=OUTSIDE Texture=LiteBeigMarbl_A Flags=1082130432 Link=8
      Origin   -00468.584473,+00568.358032,-00391.000000
      Normal   -00000.080282,+00000.498386,+00000.863230
      TextureU -00000.987273,-00000.159033,+00000.000000
      TextureV -00000.137282,+00000.852244,-00000.504811
      Vertex   +00003.000000,-00024.248718,-00005.000031
      Vertex   +00047.090759,-00017.146423,-00005.000031
      Vertex   +00003.000000,+00000.000000,-00019.000031
   End Polygon
   Begin Polygon Item=OUTSIDE Texture=LiteBeigMarbl_A Flags=1082130432 Link=9
      Origin   -00379.851807,+00017.508789,-00391.000000
      Normal   -00000.153745,+00000.954441,+00000.255742
      TextureU -00000.987273,-00000.159033,+00000.000000
      TextureV -00000.040672,+00000.252488,-00000.966745
      Vertex   +00003.000000,-00028.000031,+00009.000000
      Vertex   +00053.911652,-00019.799011,+00009.000000
      Vertex   +00047.090759,-00017.146423,-00005.000031
      Vertex   +00003.000000,-00024.248718,-00005.000031
   End Polygon
   Begin Polygon Item=OUTSIDE Texture=LiteBeigMarbl_A Flags=1082130432 Link=10
      Origin   -00301.000000,-00472.000000,+00025.621490
      Normal   -00000.213341,+00000.227234,+00000.950185
      TextureU -00000.048478,-00000.948365,+00000.215914
      TextureV +00000.954486,+00000.048478,+00000.202713
      Vertex   +00047.090759,-00017.146423,-00005.000031
      Vertex   +00065.353790,+00000.000000,-00005.000031
      Vertex   +00003.000000,+00000.000000,-00019.000031
   End Polygon
   Begin Polygon Item=OUTSIDE Texture=LiteBeigMarbl_A Flags=1082130432 Link=11
      Origin   -00489.496399,-00271.228394,-00391.000000
      Normal   -00000.619077,+00000.659392,+00000.426552
      TextureU -00000.729042,-00000.684469,+00000.000000
      TextureV -00000.291961,+00000.310974,-00000.904463
      Vertex   +00053.911652,-00019.799011,+00009.000000
      Vertex   +00075.000000,+00000.000000,+00009.000000
      Vertex   +00065.353790,+00000.000000,-00005.000031
      Vertex   +00047.090759,-00017.146423,-00005.000031
   End Polygon
   Begin Polygon Item=OUTSIDE Texture=LiteBeigMarbl_A Flags=1082130432 Link=12
      Origin   -00301.000000,-00472.000000,-00200.132874
      Normal   -00000.213341,-00000.227233,+00000.950185
      TextureU +00000.048478,-00000.948365,-00000.215914
      TextureV +00000.954486,-00000.048478,+00000.202713
      Vertex   +00065.353790,+00000.000000,-00005.000031
      Vertex   +00047.090759,+00017.146454,-00005.000031
      Vertex   +00003.000000,+00000.000000,-00019.000031
   End Polygon
   Begin Polygon Item=OUTSIDE Texture=LiteBeigMarbl_A Flags=1082130432 Link=13
      Origin   -00018.434052,-00171.033386,-00391.000000
      Normal   -00000.619077,-00000.659391,+00000.426552
      TextureU +00000.729042,-00000.684469,+00000.000000
      TextureV -00000.291962,-00000.310974,-00000.904463
      Vertex   +00075.000000,+00000.000000,+00009.000000
      Vertex   +00053.911652,+00019.799042,+00009.000000
      Vertex   +00047.090759,+00017.146454,-00005.000031
      Vertex   +00065.353790,+00000.000000,-00005.000031
   End Polygon
   Begin Polygon Item=OUTSIDE Texture=LiteBeigMarbl_A Flags=1082130432 Link=14
      Origin   -00320.367737,-00592.234131,-00391.000000
      Normal   -00000.080282,-00000.498386,+00000.863230
      TextureU +00000.987273,-00000.159033,+00000.000000
      TextureV -00000.137282,-00000.852244,-00000.504810
      Vertex   +00047.090759,+00017.146454,-00005.000031
      Vertex   +00003.000000,+00024.248749,-00005.000031
      Vertex   +00003.000000,+00000.000000,-00019.000031
   End Polygon
   Begin Polygon Item=OUTSIDE Texture=LiteBeigMarbl_A Flags=1082130432 Link=15
      Origin   -00231.634918,-00041.383728,-00391.000000
      Normal   -00000.153745,-00000.954442,+00000.255741
      TextureU +00000.987273,-00000.159033,+00000.000000
      TextureV -00000.040671,-00000.252487,-00000.966745
      Vertex   +00053.911652,+00019.799042,+00009.000000
      Vertex   +00003.000000,+00028.000031,+00009.000000
      Vertex   +00003.000000,+00024.248749,-00005.000031
      Vertex   +00047.090759,+00017.146454,-00005.000031
   End Polygon
   Begin Polygon Item=OUTSIDE Texture=LiteBeigMarbl_A Flags=1082130432 Link=16
      Origin   -00266.255035,-00687.695740,-00391.000000
      Normal   +00000.080282,-00000.498386,+00000.863230
      TextureU +00000.987273,+00000.159033,+00000.000000
      TextureV +00000.137282,-00000.852244,-00000.504810
      Vertex   +00003.000000,+00024.248749,-00005.000031
      Vertex   -00041.090851,+00017.146454,-00005.000031
      Vertex   +00003.000000,+00000.000000,-00019.000031
   End Polygon
   Begin Polygon Item=OUTSIDE Texture=LiteBeigMarbl_A Flags=1082130432 Link=17
      Origin   -00354.987946,-00136.845123,-00390.999634
      Normal   +00000.153744,-00000.954442,+00000.255741
      TextureU +00000.987273,+00000.159033,+00000.000000
      TextureV +00000.040672,-00000.252488,-00000.966745
      Vertex   +00003.000000,+00028.000031,+00009.000000
      Vertex   -00047.911728,+00019.799042,+00009.000000
      Vertex   -00041.090851,+00017.146454,-00005.000031
      Vertex   +00003.000000,+00024.248749,-00005.000031
   End Polygon
   Begin Polygon Item=OUTSIDE Texture=LiteBeigMarbl_A Flags=1082130432 Link=18
      Origin   -00301.000000,-00472.000000,-00063.621490
      Normal   +00000.213340,-00000.227233,+00000.950185
      TextureU -00000.048478,-00000.948365,-00000.215914
      TextureV +00000.954486,+00000.048478,-00000.202713
      Vertex   -00041.090851,+00017.146454,-00005.000031
      Vertex   -00059.353882,+00000.000031,-00005.000031
      Vertex   +00003.000000,+00000.000000,-00019.000031
   End Polygon
   Begin Polygon Item=OUTSIDE Texture=LiteBeigMarbl_A Flags=1082130432 Link=19
      Origin   -00298.719513,-00474.428986,-00391.000000
      Normal   +00000.619078,-00000.659392,+00000.426551
      TextureU +00000.729042,+00000.684469,+00000.000000
      TextureV +00000.291961,-00000.310974,-00000.904463
      Vertex   -00047.911728,+00019.799042,+00009.000000
      Vertex   -00069.000000,+00000.000031,+00009.000000
      Vertex   -00059.353882,+00000.000031,-00005.000031
      Vertex   -00041.090851,+00017.146454,-00005.000031
   End Polygon
   Begin Polygon Item=OUTSIDE Texture=LiteBeigMarbl_A Flags=1082130432 Link=20
      Origin   -00301.000000,-00472.000000,+00162.132690
      Normal   +00000.213341,+00000.227233,+00000.950185
      TextureU +00000.048478,-00000.948365,+00000.215913
      TextureV +00000.954486,-00000.048478,-00000.202713
      Vertex   -00059.353882,+00000.000031,-00005.000031
      Vertex   -00041.090851,-00017.146423,-00005.000031
      Vertex   +00003.000000,+00000.000000,-00019.000031
   End Polygon
   Begin Polygon Item=OUTSIDE Texture=LiteBeigMarbl_A Flags=1082130432 Link=21
      Origin   +00172.342926,+00032.166962,-00391.000793
      Normal   +00000.619078,+00000.659391,+00000.426551
      TextureU -00000.729041,+00000.684470,+00000.000000
      TextureV +00000.291962,+00000.310974,-00000.904463
      Vertex   -00069.000000,+00000.000031,+00009.000000
      Vertex   -00047.911728,-00019.799011,+00009.000000
      Vertex   -00041.090851,-00017.146423,-00005.000031
      Vertex   -00059.353882,+00000.000031,-00005.000031
   End Polygon
   Begin Polygon Item=OUTSIDE Texture=LiteBeigMarbl_A Flags=1082130432 Link=22
      Origin   -00118.038559,+00663.819702,-00391.000000
      Normal   +00000.080282,+00000.498386,+00000.863230
      TextureU -00000.987273,+00000.159033,+00000.000000
      TextureV +00000.137282,+00000.852244,-00000.504811
      Vertex   -00041.090851,-00017.146423,-00005.000031
      Vertex   +00003.000000,-00024.248718,-00005.000031
      Vertex   +00003.000000,+00000.000000,-00019.000031
   End Polygon
   Begin Polygon Item=OUTSIDE Texture=LiteBeigMarbl_A Flags=1082130432 Link=23
      Origin   -00206.771057,+00112.970337,-00390.999420
      Normal   +00000.153745,+00000.954441,+00000.255742
      TextureU -00000.987273,+00000.159033,+00000.000000
      TextureV +00000.040671,+00000.252487,-00000.966745
      Vertex   -00047.911728,-00019.799011,+00009.000000
      Vertex   +00003.000000,-00028.000031,+00009.000000
      Vertex   +00003.000000,-00024.248718,-00005.000031
      Vertex   -00041.090851,-00017.146423,-00005.000031
   End Polygon
   Begin Polygon Item=OUTSIDE Texture=LiteBeigMarbl_A Flags=1082130432 Link=24
      Origin   +00085.000000,+00028.000000,-00391.000000
      Normal   +00001.000000,+00000.000000,+00000.000000
      TextureU +00000.000000,-00001.000000,+00000.000000
      TextureV +00000.000000,+00000.000000,-00001.000000
      Vertex   +00085.000000,+00034.000000,+00009.000000
      Vertex   +00085.000000,+00034.000000,+00013.000000
      Vertex   +00085.000000,-00040.000000,+00013.000000
      Vertex   +00085.000000,-00040.000000,+00009.000000
   End Polygon
   Begin Polygon Item=OUTSIDE Texture=LiteBeigMarbl_A Flags=1082130432 Link=25
      Origin   -00079.000000,-00040.000000,-00391.000000
      Normal   -00001.000000,-00000.000000,+00000.000000
      TextureU -00000.000000,+00001.000000,+00000.000000
      TextureV +00000.000000,+00000.000000,-00001.000000
      Vertex   -00079.000000,-00040.000000,+00009.000000
      Vertex   -00079.000000,-00040.000000,+00013.000000
      Vertex   -00079.000000,+00034.000000,+00013.000000
      Vertex   -00079.000000,+00034.000000,+00009.000000
   End Polygon
   Begin Polygon Item=OUTSIDE Texture=LiteBeigMarbl_A Flags=1082130432 Link=26
      Origin   -00079.000000,+00034.000000,-00391.000000
      Normal   -00000.000000,+00001.000000,+00000.000000
      TextureU +00001.000000,+00000.000000,+00000.000000
      TextureV +00000.000000,+00000.000000,-00001.000000
      Vertex   -00079.000000,+00034.000000,+00009.000000
      Vertex   -00079.000000,+00034.000000,+00013.000000
      Vertex   +00085.000000,+00034.000000,+00013.000000
      Vertex   +00085.000000,+00034.000000,+00009.000000
   End Polygon
   Begin Polygon Item=OUTSIDE Texture=LiteBeigMarbl_A Flags=1082130432 Link=27
      Origin   -00346.195282,-00191.429565,-00391.000000
      Normal   -00000.153745,+00000.954441,-00000.255742
      TextureU -00000.987273,-00000.159033,+00000.000000
      TextureV +00000.040672,-00000.252488,-00000.966745
      Vertex   +00051.998291,-00019.007813,+00013.000000
      Vertex   +00053.911652,-00019.799011,+00009.000000
      Vertex   +00003.000000,-00028.000031,+00009.000000
      Vertex   +00002.786621,-00026.893890,+00013.000000
   End Polygon
   Begin Polygon Item=OUTSIDE Texture=LiteBeigMarbl_A Flags=1082130432 Link=28
      Origin   -00231.255829,-00546.286011,-00391.000000
      Normal   -00000.619077,+00000.659392,-00000.426552
      TextureU -00000.729042,-00000.684469,+00000.000000
      TextureV +00000.291961,-00000.310974,-00000.904463
      Vertex   +00072.243958,+00000.000000,+00013.000000
      Vertex   +00075.000000,+00000.000000,+00009.000000
      Vertex   +00053.911652,-00019.799011,+00009.000000
      Vertex   +00051.998291,-00019.007813,+00013.000000
   End Polygon
   Begin Polygon Item=OUTSIDE Texture=LiteBeigMarbl_A Flags=1082130432 Link=29
      Origin   +00239.806885,+00104.024170,-00391.000000
      Normal   -00000.619077,-00000.659391,-00000.426552
      TextureU +00000.729042,-00000.684469,+00000.000000
      TextureV +00000.291962,+00000.310974,-00000.904463
      Vertex   +00051.962830,+00019.041168,+00013.000000
      Vertex   +00053.911652,+00019.799042,+00009.000000
      Vertex   +00075.000000,+00000.000000,+00009.000000
      Vertex   +00072.243958,+00000.000000,+00013.000000
   End Polygon
   Begin Polygon Item=OUTSIDE Texture=LiteBeigMarbl_A Flags=1082130432 Link=30
      Origin   -00197.978592,+00167.553772,-00391.000000
      Normal   -00000.153745,-00000.954442,-00000.255741
      TextureU +00000.987273,-00000.159033,+00000.000000
      TextureV +00000.040671,+00000.252487,-00000.966745
      Vertex   +00003.000000,+00026.928253,+00013.000000
      Vertex   +00003.000000,+00028.000031,+00009.000000
      Vertex   +00053.911652,+00019.799042,+00009.000000
      Vertex   +00051.962830,+00019.041168,+00013.000000
   End Polygon
   Begin Polygon Item=OUTSIDE Texture=LiteBeigMarbl_A Flags=1082130432 Link=31
      Origin   -00388.644348,+00072.092407,-00391.000580
      Normal   +00000.153744,-00000.954442,-00000.255741
      TextureU +00000.987273,+00000.159033,+00000.000000
      TextureV -00000.040672,+00000.252488,-00000.966745
      Vertex   -00045.962906,+00019.041168,+00013.000000
      Vertex   -00047.911728,+00019.799042,+00009.000000
      Vertex   +00003.000000,+00028.000031,+00009.000000
      Vertex   +00003.000000,+00026.928253,+00013.000000
   End Polygon
   Begin Polygon Item=OUTSIDE Texture=LiteBeigMarbl_A Flags=1082130432 Link=32
      Origin   -00556.959473,-00199.372070,-00391.000488
      Normal   +00000.619078,-00000.659392,-00000.426551
      TextureU +00000.729042,+00000.684469,+00000.000000
      TextureV -00000.291961,+00000.310974,-00000.904463
      Vertex   -00066.243973,+00000.000031,+00013.000000
      Vertex   -00069.000000,+00000.000031,+00009.000000
      Vertex   -00047.911728,+00019.799042,+00009.000000
      Vertex   -00045.962906,+00019.041168,+00013.000000
   End Polygon
   Begin Polygon Item=OUTSIDE Texture=LiteBeigMarbl_A Flags=1082130432 Link=33
      Origin   -00085.897324,-00242.889862,-00390.999603
      Normal   +00000.619078,+00000.659391,-00000.426551
      TextureU -00000.729041,+00000.684470,+00000.000000
      TextureV -00000.291962,-00000.310974,-00000.904463
      Vertex   -00045.962906,-00019.041138,+00013.000000
      Vertex   -00047.911728,-00019.799011,+00009.000000
      Vertex   -00069.000000,+00000.000031,+00009.000000
      Vertex   -00066.243973,+00000.000031,+00013.000000
   End Polygon
   Begin Polygon Item=OUTSIDE Texture=LiteBeigMarbl_A Flags=1082130432 Link=34
      Origin   -00240.427536,-00095.967957,-00391.000397
      Normal   +00000.153745,+00000.954441,-00000.255742
      TextureU -00000.987273,+00000.159033,+00000.000000
      TextureV -00000.040671,-00000.252487,-00000.966745
      Vertex   +00002.786621,-00026.893890,+00013.000000
      Vertex   +00003.000000,-00028.000031,+00009.000000
      Vertex   -00047.911728,-00019.799011,+00009.000000
      Vertex   -00045.962906,-00019.041138,+00013.000000
   End Polygon
   Begin Polygon Item=OUTSIDE Texture=LiteBeigMarbl_A Flags=1082130432 Link=4
      Origin   -00301.000000,-00478.000000,+00008.999939
      Normal   +00000.000000,+00000.000000,-00001.000000
      TextureU -00001.000000,-00000.000000,+00000.000000
      TextureV -00000.000000,+00001.000000,+00000.000000
      Vertex   -00077.000000,+00034.000000,+00009.000000
      Vertex   -00077.000000,-00040.000000,+00009.000000
      Vertex   -00079.000000,-00040.000000,+00009.000000
      Vertex   -00079.000000,+00034.000000,+00009.000000
   End Polygon
   Begin Polygon Item=OUTSIDE Texture=LiteBeigMarbl_A Flags=1082130432 Link=4
      Origin   -00301.000000,-00478.000000,+00008.999939
      Normal   +00000.000000,+00000.000000,-00001.000000
      TextureU -00001.000000,-00000.000000,+00000.000000
      TextureV -00000.000000,+00001.000000,+00000.000000
      Vertex   -00077.000000,+00032.000000,+00009.000000
      Vertex   -00077.000000,+00034.000000,+00009.000000
      Vertex   +00083.000000,+00034.000000,+00009.000000
      Vertex   +00083.000000,+00032.000000,+00009.000000
   End Polygon
   Begin Polygon Item=OUTSIDE Texture=LiteBeigMarbl_A Flags=1082130432 Link=3
      Origin   -00301.000000,-00478.000000,+00013.000000
      Normal   +00000.000000,+00000.000000,+00001.000000
      TextureU +00001.000000,+00000.000000,+00000.000000
      TextureV -00000.000000,+00001.000000,+00000.000000
      Vertex   +00085.000000,-00040.000000,+00013.000000
      Vertex   +00085.000000,-00013.719360,+00013.000000
      Vertex   -00079.000000,-00040.000000,+00013.000000
   End Polygon
   Begin Polygon Item=OUTSIDE Texture=LiteBeigMarbl_A Flags=1082130432 Link=3
      Origin   -00301.000000,-00478.000000,+00013.000000
      Normal   +00000.000000,+00000.000000,+00001.000000
      TextureU +00001.000000,+00000.000000,+00000.000000
      TextureV -00000.000000,+00001.000000,+00000.000000
      Vertex   +00085.000000,-00013.719360,+00013.000000
      Vertex   +00085.000000,+00011.976166,+00013.000000
      Vertex   +00051.998291,-00019.007813,+00013.000000
   End Polygon
   Begin Polygon Item=OUTSIDE Texture=LiteBeigMarbl_A Flags=1082130432 Link=3
      Origin   -00301.000000,-00478.000000,+00013.000000
      Normal   +00000.000000,+00000.000000,+00001.000000
      TextureU +00001.000000,+00000.000000,+00000.000000
      TextureV -00000.000000,+00001.000000,+00000.000000
      Vertex   +00036.029846,+00034.000000,+00013.000000
      Vertex   -00040.901489,+00034.000000,+00013.000000
      Vertex   +00051.962830,+00019.041168,+00013.000000
   End Polygon
   Begin Polygon Item=OUTSIDE Texture=LiteBeigMarbl_A Flags=1082130432 Link=3
      Origin   -00301.000000,-00478.000000,+00013.000000
      Normal   +00000.000000,+00000.000000,+00001.000000
      TextureU +00001.000000,+00000.000000,+00000.000000
      TextureV -00000.000000,+00001.000000,+00000.000000
      Vertex   -00040.901489,+00034.000000,+00013.000000
      Vertex   -00079.000000,+00034.000000,+00013.000000
      Vertex   -00079.000000,+00013.719421,+00013.000000
      Vertex   +00003.000000,+00026.928253,+00013.000000
   End Polygon
   Begin Polygon Item=OUTSIDE Texture=LiteBeigMarbl_A Flags=1082130432 Link=3
      Origin   -00301.000000,-00478.000000,+00013.000000
      Normal   +00000.000000,+00000.000000,+00001.000000
      TextureU +00001.000000,+00000.000000,+00000.000000
      TextureV -00000.000000,+00001.000000,+00000.000000
      Vertex   -00079.000000,+00013.719421,+00013.000000
      Vertex   -00079.000000,-00011.976105,+00013.000000
      Vertex   -00045.962906,+00019.041168,+00013.000000
   End Polygon
   Begin Polygon Item=OUTSIDE Texture=LiteBeigMarbl_A Flags=1082130432 Link=3
      Origin   -00301.000000,-00478.000000,+00013.000000
      Normal   +00000.000000,+00000.000000,+00001.000000
      TextureU +00001.000000,+00000.000000,+00000.000000
      TextureV -00000.000000,+00001.000000,+00000.000000
      Vertex   -00079.000000,-00011.976105,+00013.000000
      Vertex   -00079.000000,-00040.000000,+00013.000000
      Vertex   -00031.710693,-00032.421997,+00013.000000
      Vertex   -00066.243973,+00000.000031,+00013.000000
   End Polygon
   Begin Polygon Item=OUTSIDE Texture=LiteBeigMarbl_A Flags=1082130432 Link=3
      Origin   -00301.000000,-00478.000000,+00013.000000
      Normal   +00000.000000,+00000.000000,+00001.000000
      TextureU +00001.000000,+00000.000000,+00000.000000
      TextureV -00000.000000,+00001.000000,+00000.000000
      Vertex   -00031.710693,-00032.421997,+00013.000000
      Vertex   +00002.786621,-00026.893890,+00013.000000
      Vertex   -00045.962906,-00019.041138,+00013.000000
   End Polygon
End PolyList
