Begin PolyList
   Begin Polygon Item=OUTSIDE Flags=-1073741824 Link=0
      Origin   -00048.000000,+00064.000000,-00080.000000
      Normal   +00000.000000,+00000.000000,-00001.000000
      TextureU +00000.000000,-00001.000000,+00000.000000
      TextureV -00001.000000,+00000.000000,+00000.000000
      Vertex   +00038.000000,-00062.000000,-00080.000000
      Vertex   +00038.000000,-00057.999023,-00080.000000
      Vertex   +00042.000244,-00057.999023,-00080.000000
      Vertex   +00042.000244,-00062.000000,-00080.000000
   End Polygon
   Begin Polygon Item=OUTSIDE Flags=-1073741824 Link=0
      Origin   -00048.000000,+00064.000000,-00080.000000
      Normal   +00000.000000,+00000.000000,-00001.000000
      TextureU +00000.000000,-00001.000000,+00000.000000
      TextureV -00001.000000,+00000.000000,+00000.000000
      Vertex   -00038.000000,-00062.000000,-00080.000000
      Vertex   -00038.000000,-00058.000000,-00080.000000
      Vertex   -00033.999756,-00058.000000,-00080.000000
      Vertex   -00033.999756,-00062.000000,-00080.000000
   End Polygon
   Begin Polygon Item=OUTSIDE Flags=-1073741824 Link=0
      Origin   -00048.000000,+00064.000000,-00080.000000
      Normal   +00000.000000,+00000.000000,-00001.000000
      TextureU +00000.000000,-00001.000000,+00000.000000
      TextureV -00001.000000,+00000.000000,+00000.000000
      Vertex   -00034.000244,+00062.000488,-00080.000000
      Vertex   -00034.000244,+00058.000977,-00080.000000
      Vertex   -00038.000244,+00058.000977,-00080.000000
      Vertex   -00038.000244,+00062.000488,-00080.000000
   End Polygon
   Begin Polygon Item=OUTSIDE Flags=-1073741824 Link=0
      Origin   -00048.000000,+00064.000000,-00080.000000
      Normal   +00000.000000,+00000.000000,-00001.000000
      TextureU +00000.000000,-00001.000000,+00000.000000
      TextureV -00001.000000,+00000.000000,+00000.000000
      Vertex   +00042.000488,+00058.000977,-00080.000000
      Vertex   +00038.000488,+00058.000977,-00080.000000
      Vertex   +00038.000488,+00062.000488,-00080.000000
      Vertex   +00042.000488,+00062.000488,-00080.000000
   End Polygon
   Begin Polygon Item=OUTSIDE Texture=DrtySilvMetal_A Flags=1073741824 Link=4
      Origin   +00042.000244,+00058.000244,+00000.000000
      Normal   +00001.000000,+00000.000000,+00000.000000
      TextureU +00000.000000,-00001.000000,+00000.000000
      TextureV +00000.000000,+00000.000000,-00001.000000
      Vertex   +00042.000244,-00057.999756,+00004.000000
      Vertex   +00042.000244,-00057.999756,+00000.000000
      Vertex   +00042.000244,+00058.000244,+00000.000000
      Vertex   +00042.000244,+00058.000244,+00004.000000
   End Polygon
   Begin Polygon Item=OUTSIDE Texture=AF_Crew_Bed Flags=1073741824 Link=5
      Origin   -01510.000000,-00174.000000,-00060.000000
      Normal   +00000.000000,+00000.000000,-00001.000000
      Pan      U=-44 V=-20
      TextureU +00001.000000,+00000.000000,+00000.000000
      TextureV +00000.000000,+00001.000000,+00000.000000
      Vertex   +00038.000000,-00055.999512,-00060.000000
      Vertex   -00034.000000,-00055.999512,-00060.000000
      Vertex   -00033.999756,+00056.000488,-00060.000000
      Vertex   +00038.000000,+00056.000488,-00060.000000
   End Polygon
   Begin Polygon Item=OUTSIDE Texture=DrtySilvMetal_A Flags=1073741824 Link=6
      Origin   -00033.999756,+00058.000488,-00064.000000
      Normal   +00001.000000,+00000.000000,+00000.000000
      TextureU +00000.000000,-00001.000000,+00000.000000
      TextureV +00000.000000,+00000.000000,-00001.000000
      Vertex   -00033.999756,-00058.000000,-00060.000000
      Vertex   -00033.999756,-00058.000000,-00064.000000
      Vertex   -00033.999756,+00058.000488,-00064.000000
      Vertex   -00033.999756,+00058.000488,-00060.000000
   End Polygon
   Begin Polygon Item=OUTSIDE Texture=DrtySilvMetal_A Flags=1073741824 Link=7
      Origin   +00038.000000,-00057.999023,-00080.000092
      Normal   +00000.000000,+00001.000000,+00000.000000
      TextureU +00001.000000,+00000.000000,+00000.000000
      TextureV +00000.000000,+00000.000000,-00001.000000
      Vertex   +00042.000000,-00057.999023,-00080.000092
      Vertex   +00038.000000,-00057.999023,-00080.000092
      Vertex   +00038.000000,-00058.000000,-00064.000000
      Vertex   +00042.000244,-00057.999756,-00064.000000
   End Polygon
   Begin Polygon Item=OUTSIDE Texture=DrtySilvMetal_A Flags=1073741824 Link=8
      Origin   +00038.000000,-00058.000000,-00064.000000
      Normal   +00000.000000,+00000.000000,-00001.000000
      TextureU +00001.000000,+00000.000000,+00000.000000
      TextureV +00000.000000,-00001.000000,+00000.000000
      Vertex   +00042.000244,-00057.999756,-00064.000000
      Vertex   +00038.000000,-00058.000000,-00064.000000
      Vertex   +00038.000000,+00058.000488,-00064.000000
      Vertex   +00042.000244,+00058.000244,-00064.000000
   End Polygon
   Begin Polygon Item=OUTSIDE Texture=DrtySilvMetal_A Flags=1073741824 Link=9
      Origin   +00038.000000,-00058.000000,-00064.000000
      Normal   -00001.000000,+00000.000000,+00000.000000
      TextureU +00000.000000,+00001.000000,+00000.000000
      TextureV +00000.000000,+00000.000000,-00001.000000
      Vertex   +00038.000000,-00058.000000,-00064.000000
      Vertex   +00038.000000,-00058.000000,-00060.000000
      Vertex   +00038.000000,+00058.000488,-00060.000000
      Vertex   +00038.000000,+00058.000488,-00064.000000
   End Polygon
   Begin Polygon Item=OUTSIDE Texture=DrtySilvMetal_A Flags=1073741824 Link=10
      Origin   +00038.000000,-00062.000000,-00064.000000
      Normal   +00000.000000,-00001.000000,+00000.000000
      TextureU -00001.000000,+00000.000000,+00000.000000
      TextureV +00000.000000,+00000.000000,-00001.000000
      Vertex   +00038.000000,-00062.000000,-00064.000000
      Vertex   +00038.000000,-00062.000000,-00060.000000
      Vertex   -00033.999756,-00062.000000,-00060.000000
      Vertex   -00033.999756,-00062.000000,-00064.000000
   End Polygon
   Begin Polygon Item=OUTSIDE Texture=DrtySilvMetal_A Flags=1073741824 Link=11
      Origin   -00033.999756,-00062.000000,-00064.000000
      Normal   +00000.000000,+00000.000000,-00001.000000
      TextureU +00001.000000,+00000.000000,+00000.000000
      TextureV +00000.000000,-00001.000000,+00000.000000
      Vertex   -00033.999756,-00062.000000,-00064.000000
      Vertex   -00033.999756,-00058.000000,-00064.000000
      Vertex   +00038.000000,-00058.000000,-00064.000000
      Vertex   +00038.000000,-00062.000000,-00064.000000
   End Polygon
   Begin Polygon Item=OUTSIDE Texture=DrtySilvMetal_A Flags=1073741824 Link=12
      Origin   +00038.000000,-00061.999023,-00080.000092
      Normal   -00001.000000,+00000.000000,+00000.000000
      TextureU +00000.000000,+00001.000000,+00000.000000
      TextureV +00000.000000,+00000.000000,-00001.000000
      Vertex   +00038.000000,-00057.999023,-00072.000000
      Vertex   +00038.000000,-00057.999023,-00080.000092
      Vertex   +00038.000000,-00061.999023,-00080.000092
      Vertex   +00038.000000,-00061.999023,-00072.000000
      Vertex   +00038.000000,-00062.000000,-00064.000000
      Vertex   +00038.000000,-00058.000000,-00064.000000
   End Polygon
   Begin Polygon Item=OUTSIDE Texture=DrtySilvMetal_A Flags=1073741824 Link=13
      Origin   +00042.000000,-00061.999023,-00080.000092
      Normal   +00000.000000,-00001.000000,+00000.000000
      TextureU -00001.000000,+00000.000000,+00000.000000
      TextureV +00000.000000,+00000.000000,-00001.000000
      Vertex   +00038.000000,-00061.999023,-00080.000092
      Vertex   +00042.000000,-00061.999023,-00080.000092
      Vertex   +00042.000000,-00061.999023,-00052.000000
      Vertex   +00038.000000,-00061.999023,-00052.000000
   End Polygon
   Begin Polygon Item=OUTSIDE Texture=DrtySilvMetal_A Flags=1073741824 Link=14
      Origin   -00033.999756,-00058.000000,-00064.000000
      Normal   +00000.000000,+00001.000000,+00000.000000
      TextureU +00001.000000,+00000.000000,+00000.000000
      TextureV +00000.000000,+00000.000000,-00001.000000
      Vertex   -00033.999756,-00058.000000,-00064.000000
      Vertex   -00033.999756,-00058.000000,-00060.000000
      Vertex   +00038.000000,-00058.000000,-00060.000000
      Vertex   +00038.000000,-00058.000000,-00064.000000
   End Polygon
   Begin Polygon Item=OUTSIDE Texture=DrtySilvMetal_A Flags=1073741824 Link=15
      Origin   -00038.000000,-00058.000000,-00080.000092
      Normal   +00000.000000,+00001.000000,+00000.000000
      TextureU +00001.000000,+00000.000000,+00000.000000
      TextureV +00000.000000,+00000.000000,-00001.000000
      Vertex   -00034.000000,-00058.000000,-00080.000092
      Vertex   -00038.000000,-00058.000000,-00080.000092
      Vertex   -00037.999756,-00057.999512,-00064.000000
      Vertex   -00033.999756,-00058.000000,-00064.000000
   End Polygon
   Begin Polygon Item=OUTSIDE Texture=DrtySilvMetal_A Flags=1073741824 Link=16
      Origin   -00037.999756,-00057.999512,-00064.000000
      Normal   -00001.000000,+00000.000000,+00000.000000
      TextureU +00000.000000,+00001.000000,+00000.000000
      TextureV +00000.000000,+00000.000000,-00001.000000
      Vertex   -00037.999756,-00057.999512,-00064.000000
      Vertex   -00037.999756,-00057.999512,-00060.000000
      Vertex   -00037.999756,+00058.000488,-00060.000000
      Vertex   -00037.999756,+00058.000488,-00064.000000
   End Polygon
   Begin Polygon Item=OUTSIDE Texture=DrtySilvMetal_A Flags=1073741824 Link=17
      Origin   -00037.999756,-00057.999512,-00064.000000
      Normal   +00000.000000,+00000.000000,-00001.000000
      TextureU +00001.000000,+00000.000000,+00000.000000
      TextureV +00000.000000,-00001.000000,+00000.000000
      Vertex   -00033.999756,-00058.000000,-00064.000000
      Vertex   -00037.999756,-00057.999512,-00064.000000
      Vertex   -00037.999756,+00058.000488,-00064.000000
      Vertex   -00033.999756,+00058.000488,-00064.000000
   End Polygon
   Begin Polygon Item=OUTSIDE Texture=DrtySilvMetal_A Flags=1073741824 Link=18
      Origin   -00034.000000,-00062.000000,-00080.000092
      Normal   +00000.000000,-00001.000000,+00000.000000
      TextureU -00001.000000,+00000.000000,+00000.000000
      TextureV +00000.000000,+00000.000000,-00001.000000
      Vertex   -00038.000000,-00062.000000,-00080.000092
      Vertex   -00034.000000,-00062.000000,-00080.000092
      Vertex   -00034.000000,-00062.000000,-00052.000000
      Vertex   -00038.000000,-00062.000000,-00052.000000
   End Polygon
   Begin Polygon Item=OUTSIDE Texture=DrtySilvMetal_A Flags=1073741824 Link=19
      Origin   -00038.000000,-00062.000000,-00080.000092
      Normal   -00001.000000,+00000.000000,+00000.000000
      TextureU +00000.000000,+00001.000000,+00000.000000
      TextureV +00000.000000,+00000.000000,-00001.000000
      Vertex   -00038.000000,-00058.000000,-00080.000092
      Vertex   -00038.000000,-00062.000000,-00080.000092
      Vertex   -00038.000000,-00062.000000,-00052.000000
      Vertex   -00038.000000,-00058.000000,-00052.000000
   End Polygon
   Begin Polygon Item=OUTSIDE Texture=DrtySilvMetal_A Flags=1073741824 Link=20
      Origin   -00034.000000,-00058.000000,-00080.000092
      Normal   +00001.000000,+00000.000000,+00000.000000
      TextureU +00000.000000,-00001.000000,+00000.000000
      TextureV +00000.000000,+00000.000000,-00001.000000
      Vertex   -00034.000000,-00062.000000,-00080.000092
      Vertex   -00034.000000,-00058.000000,-00080.000092
      Vertex   -00033.999756,-00058.000000,-00064.000000
      Vertex   -00033.999756,-00062.000000,-00064.000000
   End Polygon
   Begin Polygon Item=OUTSIDE Texture=AF_Crew_Bed Flags=1073741824 Link=21
      Origin   -01510.000000,-00174.000000,+00004.000000
      Normal   +00000.000000,+00000.000000,-00001.000000
      Pan      U=-44 V=-20
      TextureU +00001.000000,+00000.000000,+00000.000000
      TextureV +00000.000000,+00001.000000,+00000.000000
      Vertex   +00038.000000,-00055.999512,+00004.000000
      Vertex   -00033.999756,-00055.999512,+00004.000000
      Vertex   -00033.999756,+00056.000488,+00004.000000
      Vertex   +00038.000000,+00056.000488,+00004.000000
   End Polygon
   Begin Polygon Item=OUTSIDE Texture=DrtySilvMetal_A Flags=1073741824 Link=22
      Origin   -00034.000000,-00058.000000,-00052.000000
      Normal   +00001.000000,+00000.000000,+00000.000000
      TextureU +00000.000000,-00001.000000,+00000.000000
      TextureV +00000.000000,+00000.000000,-00001.000000
      Vertex   -00033.999756,-00058.000000,+00000.000000
      Vertex   -00033.999756,-00062.000000,+00000.000000
      Vertex   -00034.000000,-00062.000000,-00052.000000
      Vertex   -00034.000000,-00058.000000,-00052.000000
   End Polygon
   Begin Polygon Item=OUTSIDE Texture=DrtySilvMetal_A Flags=1073741824 Link=23
      Origin   +00038.000000,-00057.999023,-00052.000000
      Normal   +00000.000000,+00001.000000,+00000.000000
      TextureU +00001.000000,+00000.000000,+00000.000000
      TextureV +00000.000000,+00000.000000,-00001.000000
      Vertex   +00038.000000,-00058.000000,+00000.000000
      Vertex   +00042.000244,-00057.999756,+00000.000000
      Vertex   +00042.000000,-00057.999023,-00052.000000
      Vertex   +00038.000000,-00057.999023,-00052.000000
      Vertex   +00038.000000,-00057.999512,-00042.143784
      Vertex   +00037.999756,-00058.000244,-00040.000000
   End Polygon
   Begin Polygon Item=OUTSIDE Texture=AF_Crew_Bed Flags=1073741824 Link=24
      Origin   -01510.000000,-00174.000000,-00047.000000
      Normal   +00000.000000,+00000.000000,+00001.000000
      Pan      U=38 V=-33
      TextureU -00001.333333,+00000.000000,+00000.000000
      TextureV -00000.000000,-00001.333333,+00000.000000
      Vertex   +00038.999756,-00055.999512,-00047.000000
      Vertex   +00038.999756,+00056.000488,-00047.000000
      Vertex   -00035.000000,+00056.000488,-00047.000000
      Vertex   -00035.000000,-00055.999512,-00047.000000
   End Polygon
   Begin Polygon Item=OUTSIDE Texture=DrtySilvMetal_A Flags=1073741824 Link=25
      Origin   +00038.000000,-00058.000000,+00000.000000
      Normal   -00001.000000,+00000.000000,+00000.000000
      TextureU +00000.000000,+00001.000000,+00000.000000
      TextureV +00000.000000,+00000.000000,-00001.000000
      Vertex   +00038.000000,-00058.000000,+00000.000000
      Vertex   +00038.000000,-00058.000000,+00004.000000
      Vertex   +00038.000000,+00058.000488,+00004.000000
      Vertex   +00038.000000,+00058.000488,+00000.000000
   End Polygon
   Begin Polygon Item=OUTSIDE Texture=DrtySilvMetal_A Flags=1073741824 Link=26
      Origin   +00038.000000,-00058.000000,+00000.000000
      Normal   +00000.000000,+00000.000000,-00001.000000
      TextureU +00001.000000,+00000.000000,+00000.000000
      TextureV +00000.000000,-00001.000000,+00000.000000
      Vertex   +00042.000244,-00057.999756,+00000.000000
      Vertex   +00038.000000,-00058.000000,+00000.000000
      Vertex   +00038.000000,+00058.000488,+00000.000000
      Vertex   +00042.000244,+00058.000244,+00000.000000
   End Polygon
   Begin Polygon Item=OUTSIDE Texture=AF_Crew_Bed Flags=1073741824 Link=27
      Origin   +00038.999756,-00055.999512,+00048.000000
      Normal   +00000.000000,-00001.000000,+00000.000000
      Pan      U=-36 V=-48
      TextureU +00001.000000,+00000.000000,+00000.000000
      TextureV +00000.000000,+00000.000000,-00001.000000
      Vertex   +00038.999756,-00055.999512,-00060.000000
      Vertex   +00038.999756,-00055.999512,-00047.000000
      Vertex   -00035.000000,-00055.999512,-00047.000000
      Vertex   -00035.000000,-00055.999512,-00060.000000
   End Polygon
   Begin Polygon Item=OUTSIDE Texture=AF_Crew_Bed Flags=1073741824 Link=28
      Origin   +00038.999756,+00056.000488,+00048.000000
      Normal   +00001.000000,+00000.000000,+00000.000000
      Pan      U=138 V=-84
      TextureU +00000.000000,+00000.000000,-00001.333333
      TextureV -00000.000000,-00001.333333,+00000.000000
      Vertex   +00038.999756,-00055.999512,-00047.000000
      Vertex   +00038.999756,-00055.999512,-00060.000000
      Vertex   +00038.999756,+00056.000488,-00060.000000
      Vertex   +00038.999756,+00056.000488,-00047.000000
   End Polygon
   Begin Polygon Item=OUTSIDE Texture=AF_Crew_Bed Flags=1073741824 Link=29
      Origin   -00035.000000,+00056.000488,+00048.000000
      Normal   +00000.000000,+00001.000000,+00000.000000
      Pan      U=243 V=-145
      TextureU -00001.333333,+00000.000000,+00000.000000
      TextureV +00000.000000,+00000.000000,-00001.333333
      Vertex   +00038.999756,+00056.000488,-00047.000000
      Vertex   +00038.999756,+00056.000488,-00060.000000
      Vertex   -00035.000000,+00056.000488,-00060.000000
      Vertex   -00035.000000,+00056.000488,-00047.000000
   End Polygon
   Begin Polygon Item=OUTSIDE Texture=DrtySilvMetal_A Flags=1073741824 Link=30
      Origin   +00042.000000,-00061.999023,-00052.000000
      Normal   +00000.000000,-00001.000000,+00000.000000
      TextureU -00001.000000,+00000.000000,+00000.000000
      TextureV +00000.000000,+00000.000000,-00001.000000
      Vertex   +00037.999756,-00062.000244,-00040.000000
      Vertex   +00038.000000,-00061.999512,-00042.143784
      Vertex   +00038.000000,-00061.999023,-00052.000000
      Vertex   +00042.000000,-00061.999023,-00052.000000
      Vertex   +00041.999756,-00062.000244,+00012.000000
      Vertex   +00037.999756,-00062.000244,+00012.000000
   End Polygon
   Begin Polygon Item=OUTSIDE Texture=DrtySilvMetal_A Flags=1073741824 Link=31
      Origin   +00026.000488,-00058.000000,-00040.000000
      Normal   +00001.000000,+00000.000000,+00000.000000
      TextureU +00000.000000,-00001.000000,+00000.000000
      TextureV +00000.000000,+00000.000000,-00001.000000
      Vertex   +00026.000488,-00058.000000,-00040.000000
      Vertex   +00026.000488,-00058.000000,-00036.000000
      Vertex   +00026.000488,-00062.000000,-00036.000000
      Vertex   +00026.000488,-00062.000000,-00040.000000
   End Polygon
   Begin Polygon Item=OUTSIDE Texture=DrtySilvMetal_A Flags=1073741824 Link=32
      Origin   +00038.000000,-00061.999023,-00052.000000
      Normal   -00001.000000,+00000.000000,+00000.000000
      TextureU +00000.000000,+00001.000000,+00000.000000
      TextureV +00000.000000,+00000.000000,-00001.000000
      Vertex   +00038.000000,-00061.999268,-00036.000000
      Vertex   +00038.000000,-00062.000000,+00000.000000
      Vertex   +00038.000000,-00058.000000,+00000.000000
      Vertex   +00038.000000,-00057.999268,-00036.000000
      Vertex   +00037.999756,-00058.000244,-00040.000000
      Vertex   +00038.000000,-00057.999512,-00042.143784
      Vertex   +00038.000000,-00057.999023,-00052.000000
      Vertex   +00038.000000,-00061.999023,-00052.000000
      Vertex   +00038.000000,-00061.999512,-00042.143784
      Vertex   +00037.999756,-00062.000244,-00040.000000
   End Polygon
   Begin Polygon Item=OUTSIDE Texture=DrtySilvMetal_A Flags=1073741824 Link=33
      Origin   -00033.999756,-00062.000000,+00000.000000
      Normal   +00000.000000,+00000.000000,-00001.000000
      TextureU +00001.000000,+00000.000000,+00000.000000
      TextureV +00000.000000,-00001.000000,+00000.000000
      Vertex   +00038.000000,-00058.000000,+00000.000000
      Vertex   +00038.000000,-00062.000000,+00000.000000
      Vertex   -00033.999756,-00062.000000,+00000.000000
      Vertex   -00033.999756,-00058.000000,+00000.000000
   End Polygon
   Begin Polygon Item=2DLoftSIDE Texture=DrtySilvMetal_A Flags=1073741856 Link=34
      Origin   +00026.000488,-00062.000000,-00040.000000
      Normal   -00000.258805,+00000.000000,-00000.965930
      TextureU +00000.965930,-00000.000000,-00000.258805
      TextureV +00000.000000,-00001.000000,+00000.000000
      Vertex   +00026.000488,-00062.000000,-00040.000000
      Vertex   +00026.000488,-00058.000000,-00040.000000
      Vertex   +00031.999756,-00057.999512,-00041.607605
      Vertex   +00031.999756,-00061.999512,-00041.607605
   End Polygon
   Begin Polygon Item=2DLoftSIDE Texture=DrtySilvMetal_A Flags=1073741856 Link=35
      Origin   +00036.392090,-00061.999512,-00046.000000
      Normal   -00000.965929,+00000.000000,-00000.258809
      TextureU +00000.258809,+00000.000000,-00000.965929
      TextureV +00000.000000,-00001.000000,+00000.000000
      Vertex   +00036.392090,-00061.999512,-00046.000000
      Vertex   +00036.392090,-00057.999512,-00046.000000
      Vertex   +00038.000000,-00057.999023,-00052.000000
      Vertex   +00038.000000,-00061.999023,-00052.000000
   End Polygon
   Begin Polygon Item=2DLoftSIDE Texture=DrtySilvMetal_A Flags=1073741856 Link=36
      Origin   +00031.999756,-00061.999512,-00041.607605
      Normal   -00000.707107,+00000.000000,-00000.707107
      TextureU +00000.707107,+00000.000000,-00000.707107
      TextureV +00000.000000,-00001.000000,+00000.000000
      Vertex   +00031.999756,-00061.999512,-00041.607605
      Vertex   +00031.999756,-00057.999512,-00041.607605
      Vertex   +00036.392090,-00057.999512,-00046.000000
      Vertex   +00036.392090,-00061.999512,-00046.000000
   End Polygon
   Begin Polygon Item=2DLoftSIDE Texture=DrtySilvMetal_A Flags=1073741856 Link=37
      Origin   +00033.999756,-00057.999512,-00038.143494
      Normal   +00000.707107,+00000.000000,+00000.707107
      TextureU +00000.707107,+00000.000000,-00000.707107
      TextureV +00000.000000,+00001.000000,+00000.000000
      Vertex   +00038.000000,-00061.999512,-00042.143784
      Vertex   +00038.000000,-00057.999512,-00042.143784
      Vertex   +00033.999756,-00057.999512,-00038.143494
      Vertex   +00033.999756,-00061.999512,-00038.143494
   End Polygon
   Begin Polygon Item=2DLoftSIDE Texture=DrtySilvMetal_A Flags=1073741856 Link=38
      Origin   +00026.000488,-00058.000000,-00036.000000
      Normal   +00000.258812,-00000.000000,+00000.965928
      TextureU +00000.965930,-00000.000000,-00000.258805
      TextureV +00000.000000,+00001.000000,+00000.000000
      Vertex   +00026.000488,-00058.000000,-00036.000000
      Vertex   +00026.000488,-00062.000000,-00036.000000
      Vertex   +00033.999756,-00061.999512,-00038.143494
      Vertex   +00033.999756,-00057.999512,-00038.143494
   End Polygon
   Begin Polygon Item=OUTSIDE Texture=DrtySilvMetal_A Flags=1073741824 Link=12
      Origin   +00038.000000,-00061.999023,-00080.000092
      Normal   -00001.000000,+00000.000000,+00000.000000
      TextureU +00000.000000,+00001.000000,+00000.000000
      TextureV +00000.000000,+00000.000000,-00001.000000
      Vertex   +00038.000000,-00062.000000,-00060.000000
      Vertex   +00038.000000,-00061.999023,-00052.000000
      Vertex   +00038.000000,-00057.999023,-00052.000000
      Vertex   +00038.000000,-00058.000000,-00060.000000
   End Polygon
   Begin Polygon Item=OUTSIDE Texture=DrtySilvMetal_A Flags=1073741824 Link=40
      Origin   +00026.000488,-00062.000000,-00036.000000
      Normal   +00000.000000,+00000.000000,+00001.000000
      TextureU -00001.000000,+00000.000000,+00000.000000
      TextureV +00000.000000,-00001.000000,+00000.000000
      Vertex   +00026.000488,-00062.000000,-00036.000000
      Vertex   +00026.000488,-00058.000000,-00036.000000
      Vertex   -00021.999512,-00058.000000,-00036.000000
      Vertex   -00021.999512,-00062.000000,-00036.000000
   End Polygon
   Begin Polygon Item=OUTSIDE Texture=DrtySilvMetal_A Flags=1073741824 Link=41
      Origin   -00021.999512,-00062.000000,-00040.000000
      Normal   -00001.000000,+00000.000000,+00000.000000
      TextureU +00000.000000,+00001.000000,+00000.000000
      TextureV +00000.000000,+00000.000000,-00001.000000
      Vertex   -00021.999512,-00062.000000,-00040.000000
      Vertex   -00021.999512,-00062.000000,-00036.000000
      Vertex   -00021.999512,-00058.000000,-00036.000000
      Vertex   -00021.999512,-00058.000000,-00040.000000
   End Polygon
   Begin Polygon Item=2DLoftSIDE Texture=DrtySilvMetal_A Flags=1073741856 Link=42
      Origin   -00021.999512,-00058.000000,-00040.000000
      Normal   +00000.258809,+00000.000000,-00000.965929
      TextureU -00000.965929,+00000.000000,-00000.258809
      TextureV +00000.000000,+00001.000000,+00000.000000
      Vertex   -00021.999512,-00058.000000,-00040.000000
      Vertex   -00021.999512,-00062.000000,-00040.000000
      Vertex   -00028.000000,-00061.999512,-00041.607605
      Vertex   -00028.000000,-00057.999512,-00041.607605
   End Polygon
   Begin Polygon Item=2DLoftSIDE Texture=DrtySilvMetal_A Flags=1073741856 Link=43
      Origin   -00032.392334,-00057.999512,-00046.000000
      Normal   +00000.965930,-00000.000000,-00000.258805
      TextureU -00000.258805,+00000.000000,-00000.965930
      TextureV +00000.000000,+00001.000000,+00000.000000
      Vertex   -00032.392334,-00057.999512,-00046.000000
      Vertex   -00032.392334,-00061.999512,-00046.000000
      Vertex   -00034.000000,-00062.000000,-00052.000000
      Vertex   -00034.000000,-00058.000000,-00052.000000
   End Polygon
   Begin Polygon Item=2DLoftSIDE Texture=DrtySilvMetal_A Flags=1073741856 Link=44
      Origin   -00028.000000,-00057.999512,-00041.607605
      Normal   +00000.707107,+00000.000000,-00000.707107
      TextureU -00000.707107,+00000.000000,-00000.707107
      TextureV +00000.000000,+00001.000000,+00000.000000
      Vertex   -00028.000000,-00057.999512,-00041.607605
      Vertex   -00028.000000,-00061.999512,-00041.607605
      Vertex   -00032.392334,-00061.999512,-00046.000000
      Vertex   -00032.392334,-00057.999512,-00046.000000
   End Polygon
   Begin Polygon Item=2DLoftSIDE Texture=DrtySilvMetal_A Flags=1073741856 Link=45
      Origin   -00030.000000,-00061.999512,-00038.143494
      Normal   -00000.707107,+00000.000000,+00000.707107
      TextureU -00000.707107,+00000.000000,-00000.707107
      TextureV +00000.000000,-00001.000000,+00000.000000
      Vertex   -00034.000000,-00057.999512,-00042.143539
      Vertex   -00034.000000,-00061.999512,-00042.143539
      Vertex   -00030.000000,-00061.999512,-00038.143494
      Vertex   -00030.000000,-00057.999512,-00038.143494
   End Polygon
   Begin Polygon Item=2DLoftSIDE Texture=DrtySilvMetal_A Flags=1073741856 Link=46
      Origin   -00021.999512,-00062.000000,-00036.000000
      Normal   -00000.258812,+00000.000000,+00000.965928
      TextureU -00000.965929,+00000.000000,-00000.258809
      TextureV +00000.000000,-00001.000000,+00000.000000
      Vertex   -00021.999512,-00062.000000,-00036.000000
      Vertex   -00021.999512,-00058.000000,-00036.000000
      Vertex   -00030.000000,-00057.999512,-00038.143494
      Vertex   -00030.000000,-00061.999512,-00038.143494
   End Polygon
   Begin Polygon Item=OUTSIDE Texture=DrtySilvMetal_A Flags=1073741824 Link=47
      Origin   -00021.999512,-00062.000000,-00040.000000
      Normal   +00000.000000,+00000.000000,-00001.000000
      TextureU +00001.000000,+00000.000000,+00000.000000
      TextureV +00000.000000,-00001.000000,+00000.000000
      Vertex   -00021.999512,-00062.000000,-00040.000000
      Vertex   -00021.999512,-00058.000000,-00040.000000
      Vertex   +00026.000488,-00058.000000,-00040.000000
      Vertex   +00026.000488,-00062.000000,-00040.000000
   End Polygon
   Begin Polygon Item=OUTSIDE Texture=DrtySilvMetal_A Flags=1073741824 Link=48
      Origin   +00038.000000,-00062.000000,+00000.000000
      Normal   +00000.000000,-00001.000000,+00000.000000
      TextureU -00001.000000,+00000.000000,+00000.000000
      TextureV +00000.000000,+00000.000000,-00001.000000
      Vertex   +00038.000000,-00062.000000,+00000.000000
      Vertex   +00038.000000,-00062.000000,+00004.000000
      Vertex   -00033.999756,-00062.000000,+00004.000000
      Vertex   -00033.999756,-00062.000000,+00000.000000
   End Polygon
   Begin Polygon Item=OUTSIDE Texture=DrtySilvMetal_A Flags=1073741824 Link=49
      Origin   +00026.000488,-00062.000000,-00040.000000
      Normal   +00000.000000,-00001.000000,+00000.000000
      TextureU -00001.000000,+00000.000000,+00000.000000
      TextureV +00000.000000,+00000.000000,-00001.000000
      Vertex   +00026.000488,-00062.000000,-00040.000000
      Vertex   +00026.000488,-00062.000000,-00036.000000
      Vertex   -00021.999512,-00062.000000,-00036.000000
      Vertex   -00021.999512,-00062.000000,-00040.000000
   End Polygon
   Begin Polygon Item=2DLoftSIDE Texture=DrtySilvMetal_A Flags=1073741856 Link=50
      Origin   -00032.392334,-00061.999512,-00046.000000
      Normal   +00000.000000,-00001.000000,+00000.000000
      TextureU -00000.500000,+00000.000000,-00000.866025
      TextureV +00000.866025,-00000.000000,-00000.500000
      Vertex   -00034.000000,-00062.000000,-00052.000000
      Vertex   -00030.784668,-00061.999512,-00040.000000
      Vertex   -00031.856445,-00061.999512,-00040.000000
      Vertex   -00034.000000,-00061.999512,-00042.143539
   End Polygon
   Begin Polygon Item=2DLoftSIDE Texture=DrtySilvMetal_A Flags=1073741856 Link=50
      Origin   -00032.392334,-00061.999512,-00046.000000
      Normal   +00000.000000,-00001.000000,+00000.000000
      TextureU -00000.500000,+00000.000000,-00000.866025
      TextureV +00000.866025,-00000.000000,-00000.500000
      Vertex   -00030.784668,-00061.999512,-00040.000000
      Vertex   -00032.392334,-00061.999512,-00046.000000
      Vertex   -00026.392334,-00061.999512,-00040.000000
   End Polygon
   Begin Polygon Item=2DLoftSIDE Texture=DrtySilvMetal_A Flags=1073741856 Link=50
      Origin   -00032.392334,-00061.999512,-00046.000000
      Normal   +00000.000000,-00001.000000,+00000.000000
      TextureU -00000.500000,+00000.000000,-00000.866025
      TextureV +00000.866025,-00000.000000,-00000.500000
      Vertex   -00030.000000,-00061.999512,-00038.143494
      Vertex   -00031.856445,-00061.999512,-00040.000000
      Vertex   -00021.999512,-00062.000000,-00040.000000
      Vertex   -00021.999512,-00062.000000,-00036.000000
   End Polygon
   Begin Polygon Item=2DLoftSIDE Texture=DrtySilvMetal_A Flags=1073741856 Link=50
      Origin   -00032.392334,-00061.999512,-00046.000000
      Normal   +00000.000000,-00001.000000,+00000.000000
      TextureU -00000.500000,+00000.000000,-00000.866025
      TextureV +00000.866025,-00000.000000,-00000.500000
      Vertex   -00028.000000,-00061.999512,-00041.607605
      Vertex   -00021.999512,-00062.000000,-00040.000000
      Vertex   -00026.392334,-00061.999512,-00040.000000
   End Polygon
   Begin Polygon Item=2DLoftSIDE Texture=DrtySilvMetal_A Flags=1073741856 Link=54
      Origin   +00039.856201,-00061.999512,-00044.000000
      Normal   +00000.000000,-00001.000000,+00000.000000
      TextureU +00000.500000,-00000.000000,-00000.866025
      TextureV +00000.866025,-00000.000000,+00000.500000
      Vertex   +00038.000000,-00061.999023,-00052.000000
      Vertex   +00038.000000,-00061.999512,-00042.143784
      Vertex   +00035.856201,-00061.999512,-00040.000000
      Vertex   +00034.784424,-00061.999512,-00040.000000
   End Polygon
   Begin Polygon Item=2DLoftSIDE Texture=DrtySilvMetal_A Flags=1073741856 Link=54
      Origin   +00039.856201,-00061.999512,-00044.000000
      Normal   +00000.000000,-00001.000000,+00000.000000
      TextureU +00000.500000,-00000.000000,-00000.866025
      TextureV +00000.866025,-00000.000000,+00000.500000
      Vertex   +00036.392090,-00061.999512,-00046.000000
      Vertex   +00034.784424,-00061.999512,-00040.000000
      Vertex   +00030.392090,-00061.999512,-00040.000000
   End Polygon
   Begin Polygon Item=2DLoftSIDE Texture=DrtySilvMetal_A Flags=1073741856 Link=54
      Origin   +00039.856201,-00061.999512,-00044.000000
      Normal   +00000.000000,-00001.000000,+00000.000000
      TextureU +00000.500000,-00000.000000,-00000.866025
      TextureV +00000.866025,-00000.000000,+00000.500000
      Vertex   +00035.856201,-00061.999512,-00040.000000
      Vertex   +00033.999756,-00061.999512,-00038.143494
      Vertex   +00026.000488,-00062.000000,-00036.000000
      Vertex   +00026.000488,-00062.000000,-00040.000000
   End Polygon
   Begin Polygon Item=2DLoftSIDE Texture=DrtySilvMetal_A Flags=1073741856 Link=54
      Origin   +00039.856201,-00061.999512,-00044.000000
      Normal   +00000.000000,-00001.000000,+00000.000000
      TextureU +00000.500000,-00000.000000,-00000.866025
      TextureV +00000.866025,-00000.000000,+00000.500000
      Vertex   +00030.392090,-00061.999512,-00040.000000
      Vertex   +00026.000488,-00062.000000,-00040.000000
      Vertex   +00031.999756,-00061.999512,-00041.607605
   End Polygon
   Begin Polygon Item=OUTSIDE Texture=DrtySilvMetal_A Flags=1073741824 Link=58
      Origin   -00033.999756,-00058.000000,+00000.000000
      Normal   +00000.000000,+00001.000000,+00000.000000
      TextureU +00001.000000,+00000.000000,+00000.000000
      TextureV +00000.000000,+00000.000000,-00001.000000
      Vertex   -00033.999756,-00058.000000,+00000.000000
      Vertex   -00033.999756,-00058.000000,+00004.000000
      Vertex   +00038.000000,-00058.000000,+00004.000000
      Vertex   +00038.000000,-00058.000000,+00000.000000
   End Polygon
   Begin Polygon Item=OUTSIDE Texture=DrtySilvMetal_A Flags=1073741824 Link=59
      Origin   -00021.999512,-00058.000000,-00040.000000
      Normal   +00000.000000,+00001.000000,+00000.000000
      TextureU +00001.000000,+00000.000000,+00000.000000
      TextureV +00000.000000,+00000.000000,-00001.000000
      Vertex   -00021.999512,-00058.000000,-00040.000000
      Vertex   -00021.999512,-00058.000000,-00036.000000
      Vertex   +00026.000488,-00058.000000,-00036.000000
      Vertex   +00026.000488,-00058.000000,-00040.000000
   End Polygon
   Begin Polygon Item=OUTSIDE Texture=DrtySilvMetal_A Flags=1073741824 Link=7
      Origin   +00038.000000,-00057.999023,-00080.000092
      Normal   +00000.000000,+00001.000000,+00000.000000
      TextureU +00001.000000,+00000.000000,+00000.000000
      TextureV +00000.000000,+00000.000000,-00001.000000
      Vertex   +00038.000000,-00058.000000,-00060.000000
      Vertex   +00038.000000,-00057.999023,-00052.000000
      Vertex   +00042.000000,-00057.999023,-00052.000000
      Vertex   +00042.000244,-00057.999756,-00060.000000
   End Polygon
   Begin Polygon Item=2DLoftSIDE Texture=DrtySilvMetal_A Flags=1073741856 Link=61
      Origin   -00035.856445,-00057.999512,-00044.000000
      Normal   +00000.000000,+00001.000000,+00000.000000
      TextureU -00000.500000,+00000.000000,-00000.866025
      TextureV -00000.866025,+00000.000000,+00000.500000
      Vertex   -00032.392334,-00057.999512,-00046.000000
      Vertex   -00032.660156,-00057.999512,-00047.000000
      Vertex   -00034.000000,-00058.000000,-00052.000000
      Vertex   -00034.000000,-00057.999512,-00042.143539
      Vertex   -00031.856445,-00057.999512,-00040.000000
      Vertex   -00030.784668,-00057.999512,-00040.000000
   End Polygon
   Begin Polygon Item=2DLoftSIDE Texture=DrtySilvMetal_A Flags=1073741856 Link=61
      Origin   -00035.856445,-00057.999512,-00044.000000
      Normal   +00000.000000,+00001.000000,+00000.000000
      TextureU -00000.500000,+00000.000000,-00000.866025
      TextureV -00000.866025,+00000.000000,+00000.500000
      Vertex   -00032.392334,-00057.999512,-00046.000000
      Vertex   -00030.784668,-00057.999512,-00040.000000
      Vertex   -00026.392334,-00057.999512,-00040.000000
   End Polygon
   Begin Polygon Item=2DLoftSIDE Texture=DrtySilvMetal_A Flags=1073741856 Link=61
      Origin   -00035.856445,-00057.999512,-00044.000000
      Normal   +00000.000000,+00001.000000,+00000.000000
      TextureU -00000.500000,+00000.000000,-00000.866025
      TextureV -00000.866025,+00000.000000,+00000.500000
      Vertex   -00031.856445,-00057.999512,-00040.000000
      Vertex   -00030.000000,-00057.999512,-00038.143494
      Vertex   -00021.999512,-00058.000000,-00036.000000
      Vertex   -00021.999512,-00058.000000,-00040.000000
   End Polygon
   Begin Polygon Item=2DLoftSIDE Texture=DrtySilvMetal_A Flags=1073741856 Link=61
      Origin   -00035.856445,-00057.999512,-00044.000000
      Normal   +00000.000000,+00001.000000,+00000.000000
      TextureU -00000.500000,+00000.000000,-00000.866025
      TextureV -00000.866025,+00000.000000,+00000.500000
      Vertex   -00026.392334,-00057.999512,-00040.000000
      Vertex   -00021.999512,-00058.000000,-00040.000000
      Vertex   -00028.000000,-00057.999512,-00041.607605
   End Polygon
   Begin Polygon Item=2DLoftSIDE Texture=DrtySilvMetal_A Flags=1073741856 Link=65
      Origin   +00036.392090,-00057.999512,-00046.000000
      Normal   +00000.000000,+00001.000000,+00000.000000
      TextureU +00000.500000,-00000.000000,-00000.866025
      TextureV -00000.866025,+00000.000000,-00000.500000
      Vertex   +00038.000000,-00057.999023,-00052.000000
      Vertex   +00034.784424,-00057.999512,-00040.000000
      Vertex   +00035.856201,-00057.999512,-00040.000000
      Vertex   +00038.000000,-00057.999512,-00042.143784
   End Polygon
   Begin Polygon Item=2DLoftSIDE Texture=DrtySilvMetal_A Flags=1073741856 Link=65
      Origin   +00036.392090,-00057.999512,-00046.000000
      Normal   +00000.000000,+00001.000000,+00000.000000
      TextureU +00000.500000,-00000.000000,-00000.866025
      TextureV -00000.866025,+00000.000000,-00000.500000
      Vertex   +00034.784424,-00057.999512,-00040.000000
      Vertex   +00036.392090,-00057.999512,-00046.000000
      Vertex   +00030.392090,-00057.999512,-00040.000000
   End Polygon
   Begin Polygon Item=2DLoftSIDE Texture=DrtySilvMetal_A Flags=1073741856 Link=65
      Origin   +00036.392090,-00057.999512,-00046.000000
      Normal   +00000.000000,+00001.000000,+00000.000000
      TextureU +00000.500000,-00000.000000,-00000.866025
      TextureV -00000.866025,+00000.000000,-00000.500000
      Vertex   +00033.999756,-00057.999512,-00038.143494
      Vertex   +00035.856201,-00057.999512,-00040.000000
      Vertex   +00026.000488,-00058.000000,-00040.000000
      Vertex   +00026.000488,-00058.000000,-00036.000000
   End Polygon
   Begin Polygon Item=2DLoftSIDE Texture=DrtySilvMetal_A Flags=1073741856 Link=65
      Origin   +00036.392090,-00057.999512,-00046.000000
      Normal   +00000.000000,+00001.000000,+00000.000000
      TextureU +00000.500000,-00000.000000,-00000.866025
      TextureV -00000.866025,+00000.000000,-00000.500000
      Vertex   +00031.999756,-00057.999512,-00041.607605
      Vertex   +00026.000488,-00058.000000,-00040.000000
      Vertex   +00030.392090,-00057.999512,-00040.000000
   End Polygon
   Begin Polygon Item=OUTSIDE Texture=DrtySilvMetal_A Flags=1073741824 Link=69
      Origin   -00038.000000,-00062.000000,-00052.000000
      Normal   -00001.000000,+00000.000000,+00000.000000
      TextureU +00000.000000,+00001.000000,+00000.000000
      TextureV +00000.000000,+00000.000000,-00001.000000
      Vertex   -00038.000000,-00058.000000,-00052.000000
      Vertex   -00038.000000,-00062.000000,-00052.000000
      Vertex   -00038.000000,-00061.999512,+00012.000000
      Vertex   -00038.000000,-00057.999512,+00012.000000
   End Polygon
   Begin Polygon Item=OUTSIDE Texture=DrtySilvMetal_A Flags=1073741824 Link=70
      Origin   -00038.000000,-00058.000000,-00052.000000
      Normal   +00000.000000,+00001.000000,+00000.000000
      TextureU +00001.000000,+00000.000000,+00000.000000
      TextureV +00000.000000,+00000.000000,-00001.000000
      Vertex   -00037.999756,-00057.999512,+00000.000000
      Vertex   -00033.999756,-00058.000000,+00000.000000
      Vertex   -00034.000000,-00058.000000,-00052.000000
      Vertex   -00038.000000,-00058.000000,-00052.000000
   End Polygon
   Begin Polygon Item=OUTSIDE Texture=DrtySilvMetal_A Flags=1073741824 Link=71
      Origin   -00037.999756,-00057.999512,+00000.000000
      Normal   +00000.000000,+00000.000000,-00001.000000
      TextureU +00001.000000,+00000.000000,+00000.000000
      TextureV +00000.000000,-00001.000000,+00000.000000
      Vertex   -00033.999756,-00058.000000,+00000.000000
      Vertex   -00037.999756,-00057.999512,+00000.000000
      Vertex   -00037.999756,+00058.000488,+00000.000000
