Begin PolyList
   Begin Polygon Item=OUTSIDE Flags=-1073741824 Link=0
      Origin   -00096.000000,+00064.000000,-00064.000000
      Normal   +00000.000000,+00000.000000,-00001.000000
      TextureU +00000.000000,-00001.000000,+00000.000000
      TextureV -00001.000000,+00000.000000,+00000.000000
      Vertex   -00046.000000,-00016.000000,-00064.000000
      Vertex   -00040.000000,-00016.000000,-00064.000000
      Vertex   -00040.000000,-00024.000000,-00064.000000
      Vertex   -00046.000000,-00024.000000,-00064.000000
   End Polygon
   Begin Polygon Item=OUTSIDE Flags=-1073741824 Link=0
      Origin   -00096.000000,+00064.000000,-00064.000000
      Normal   +00000.000000,+00000.000000,-00001.000000
      TextureU +00000.000000,-00001.000000,+00000.000000
      TextureV -00001.000000,+00000.000000,+00000.000000
      Vertex   -00040.000000,+00024.000000,-00064.000000
      Vertex   -00040.000000,+00016.000000,-00064.000000
      Vertex   -00046.000000,+00016.000000,-00064.000000
      Vertex   -00046.000000,+00024.000000,-00064.000000
   End Polygon
   Begin Polygon Item=OUTSIDE Flags=-1073741824 Link=0
      Origin   -00096.000000,+00064.000000,-00064.000000
      Normal   +00000.000000,+00000.000000,-00001.000000
      TextureU +00000.000000,-00001.000000,+00000.000000
      TextureV -00001.000000,+00000.000000,+00000.000000
      Vertex   +00046.000000,-00024.000000,-00064.000000
      Vertex   +00040.000000,-00024.000000,-00064.000000
      Vertex   +00040.000000,-00016.000000,-00064.000000
      Vertex   +00046.000000,-00016.000000,-00064.000000
   End Polygon
   Begin Polygon Item=OUTSIDE Flags=-1073741824 Link=0
      Origin   -00096.000000,+00064.000000,-00064.000000
      Normal   +00000.000000,+00000.000000,-00001.000000
      TextureU +00000.000000,-00001.000000,+00000.000000
      TextureV -00001.000000,+00000.000000,+00000.000000
      Vertex   +00046.000000,+00024.000000,-00064.000000
      Vertex   +00046.000000,+00016.000000,-00064.000000
      Vertex   +00040.000000,+00016.000000,-00064.000000
      Vertex   +00040.000000,+00024.000000,-00064.000000
   End Polygon
   Begin Polygon Item=OUTSIDE Texture=un_woodfloor_a Flags=1082130464 Link=4
      Origin   -03568.000000,+00264.000000,-00032.000000
      Normal   +00000.000000,+00000.000000,+00001.000000
      TextureU +00000.000000,-00001.000000,+00000.000000
      TextureV +00001.000000,+00000.000000,+00000.000000
      Vertex   +00056.000000,+00016.000000,-00032.000000
      Vertex   +00056.000000,+00024.000000,-00032.000000
      Vertex   +00040.000000,+00024.000000,-00032.000000
      Vertex   +00040.000000,+00016.000000,-00032.000000
   End Polygon
   Begin Polygon Item=2DLoftSIDE Texture=un_woodfloor_b Flags=1082130464 Link=5
      Origin   -01600.000000,-00024.000000,-00024.000000
      Normal   +00000.000000,+00000.000000,+00001.000000
      TextureU +00000.000000,-00001.000000,+00000.000000
      TextureV +00001.000000,+00000.000000,+00000.000000
      Vertex   +00000.000000,-00037.647079,-00023.999969
      Vertex   +00090.353027,-00018.823536,-00023.999969
      Vertex   +00090.353027,+00018.823555,-00023.999969
      Vertex   +00000.000122,+00037.647102,-00023.999969
      Vertex   -00090.352905,+00018.823555,-00023.999969
      Vertex   -00090.352905,-00018.823536,-00023.999969
   End Polygon
   Begin Polygon Item=2DLoftSIDE Texture=un_woodfloor_b Flags=1082130464 Link=6
      Origin   -01562.665894,-00203.203674,-00304.000000
      Normal   +00000.176743,-00000.848366,-00000.499036
      TextureU +00000.978980,+00000.203954,+00000.000000
      TextureV -00000.101780,+00000.488546,-00000.866582
      Vertex   +00090.353027,-00018.823536,-00032.000031
      Vertex   +00096.000122,-00020.000008,-00028.000000
      Vertex   +00000.000000,-00040.000023,-00028.000000
      Vertex   +00000.000000,-00037.647079,-00032.000031
   End Polygon
   Begin Polygon Item=2DLoftSIDE Texture=un_woodfloor_b Flags=1082130464 Link=7
      Origin   -00293.644165,-00024.000000,-00304.000000
      Normal   +00000.578020,+00000.000000,-00000.816023
      TextureU -00000.000000,+00001.000000,+00000.000000
      TextureV -00000.816023,-00000.000000,-00000.578020
      Vertex   +00090.353027,+00018.823555,-00032.000031
      Vertex   +00096.000122,+00020.000027,-00028.000000
      Vertex   +00096.000122,-00020.000008,-00028.000000
      Vertex   +00090.353027,-00018.823536,-00032.000031
   End Polygon
   Begin Polygon Item=2DLoftSIDE Texture=un_woodfloor_b Flags=1082130464 Link=8
      Origin   -01553.081787,+00201.207199,-00304.000000
      Normal   +00000.176743,+00000.848366,-00000.499036
      TextureU -00000.978980,+00000.203954,+00000.000000
      TextureV -00000.101781,-00000.488546,-00000.866581
      Vertex   +00000.000122,+00037.647102,-00032.000031
      Vertex   +00000.000122,+00040.000046,-00028.000000
      Vertex   +00096.000122,+00020.000027,-00028.000000
      Vertex   +00090.353027,+00018.823555,-00032.000031
   End Polygon
   Begin Polygon Item=2DLoftSIDE Texture=un_woodfloor_b Flags=1082130464 Link=9
      Origin   -01513.806641,-00437.728241,-00304.000000
      Normal   -00000.176743,+00000.848366,-00000.499036
      TextureU -00000.978980,-00000.203954,+00000.000000
      TextureV +00000.101780,-00000.488546,-00000.866582
      Vertex   -00090.352905,+00018.823555,-00032.000031
      Vertex   -00096.000000,+00020.000027,-00028.000000
      Vertex   +00000.000122,+00040.000046,-00028.000000
      Vertex   +00000.000122,+00037.647102,-00032.000031
   End Polygon
   Begin Polygon Item=2DLoftSIDE Texture=un_woodfloor_b Flags=1082130464 Link=10
      Origin   +00293.644165,-00024.000000,-00304.000000
      Normal   -00000.578020,-00000.000000,-00000.816023
      TextureU +00000.000000,-00001.000000,+00000.000000
      TextureV +00000.816023,+00000.000000,-00000.578020
      Vertex   -00090.352905,-00018.823536,-00032.000031
      Vertex   -00096.000000,-00020.000008,-00028.000000
      Vertex   -00096.000000,+00020.000027,-00028.000000
      Vertex   -00090.352905,+00018.823555,-00032.000031
   End Polygon
   Begin Polygon Item=2DLoftSIDE Texture=un_woodfloor_b Flags=1082130464 Link=11
      Origin   -01504.222412,+00435.731903,-00304.000000
      Normal   -00000.176743,-00000.848366,-00000.499036
      TextureU +00000.978980,-00000.203954,+00000.000000
      TextureV +00000.101781,+00000.488546,-00000.866581
      Vertex   +00000.000000,-00037.647079,-00032.000031
      Vertex   +00000.000000,-00040.000023,-00028.000000
      Vertex   -00096.000000,-00020.000008,-00028.000000
      Vertex   -00090.352905,-00018.823536,-00032.000031
   End Polygon
   Begin Polygon Item=2DLoftSIDE Texture=un_woodfloor_b Flags=1082130464 Link=12
      Origin   -01497.833252,-00514.400391,-00304.000000
      Normal   +00000.176743,-00000.848366,+00000.499036
      TextureU +00000.978980,+00000.203954,+00000.000000
      TextureV +00000.101780,-00000.488546,-00000.866582
      Vertex   +00096.000122,-00020.000008,-00028.000000
      Vertex   +00090.353027,-00018.823536,-00023.999969
      Vertex   +00000.000000,-00037.647079,-00023.999969
      Vertex   +00000.000000,-00040.000023,-00028.000000
   End Polygon
   Begin Polygon Item=2DLoftSIDE Texture=un_woodfloor_b Flags=1082130464 Link=13
      Origin   +00485.644287,-00024.000000,-00304.000000
      Normal   +00000.578020,+00000.000000,+00000.816023
      TextureU -00000.000000,+00001.000000,+00000.000000
      TextureV +00000.816023,+00000.000000,-00000.578020
      Vertex   +00096.000122,+00020.000027,-00028.000000
      Vertex   +00090.353027,+00018.823555,-00023.999969
      Vertex   +00090.353027,-00018.823536,-00023.999969
      Vertex   +00096.000122,-00020.000008,-00028.000000
   End Polygon
   Begin Polygon Item=2DLoftSIDE Texture=un_woodfloor_b Flags=1082130464 Link=14
      Origin   -01488.249023,+00512.404114,-00304.000000
      Normal   +00000.176743,+00000.848366,+00000.499036
      TextureU -00000.978980,+00000.203954,+00000.000000
      TextureV +00000.101781,+00000.488546,-00000.866581
      Vertex   +00000.000122,+00040.000046,-00028.000000
      Vertex   +00000.000122,+00037.647102,-00023.999969
      Vertex   +00090.353027,+00018.823555,-00023.999969
      Vertex   +00096.000122,+00020.000027,-00028.000000
   End Polygon
   Begin Polygon Item=2DLoftSIDE Texture=un_woodfloor_b Flags=1082130464 Link=15
      Origin   -01578.639282,-00126.531380,-00304.000000
      Normal   -00000.176743,+00000.848366,+00000.499036
      TextureU -00000.978980,-00000.203954,+00000.000000
      TextureV -00000.101780,+00000.488546,-00000.866582
      Vertex   -00096.000000,+00020.000027,-00028.000000
      Vertex   -00090.352905,+00018.823555,-00023.999969
      Vertex   +00000.000122,+00037.647102,-00023.999969
      Vertex   +00000.000122,+00040.000046,-00028.000000
   End Polygon
   Begin Polygon Item=2DLoftSIDE Texture=un_woodfloor_b Flags=1082130464 Link=16
      Origin   -00485.644287,-00024.000000,-00304.000000
      Normal   -00000.578020,-00000.000000,+00000.816023
      TextureU +00000.000000,-00001.000000,+00000.000000
      TextureV -00000.816023,-00000.000000,-00000.578020
      Vertex   -00096.000000,-00020.000008,-00028.000000
      Vertex   -00090.352905,-00018.823536,-00023.999969
      Vertex   -00090.352905,+00018.823555,-00023.999969
      Vertex   -00096.000000,+00020.000027,-00028.000000
   End Polygon
   Begin Polygon Item=2DLoftSIDE Texture=un_woodfloor_b Flags=1082130464 Link=17
      Origin   -01569.055176,+00124.534973,-00304.000000
      Normal   -00000.176743,-00000.848366,+00000.499036
      TextureU +00000.978980,-00000.203954,+00000.000000
      TextureV -00000.101781,-00000.488546,-00000.866581
      Vertex   +00000.000000,-00040.000023,-00028.000000
      Vertex   +00000.000000,-00037.647079,-00023.999969
      Vertex   -00090.352905,-00018.823536,-00023.999969
      Vertex   -00096.000000,-00020.000008,-00028.000000
   End Polygon
   Begin Polygon Item=OUTSIDE Texture=un_woodfloor_a Flags=1082130464 Link=18
      Origin   +00040.000000,+00016.000000,-00304.000000
      Normal   -00001.000000,-00000.000000,+00000.000000
      TextureU +00000.000000,-00001.000000,+00000.000000
      TextureV +00000.000000,+00000.000000,-00001.000000
      Vertex   +00040.000000,+00016.000000,-00064.000000
      Vertex   +00040.000000,+00016.000000,-00032.000000
      Vertex   +00040.000000,+00024.000000,-00032.000000
      Vertex   +00040.000000,+00024.000000,-00064.000000
   End Polygon
   Begin Polygon Item=OUTSIDE Texture=un_woodfloor_a Flags=1082130464 Link=19
      Origin   -00040.000000,+00016.000000,-00304.000000
      Normal   +00000.000000,-00001.000000,+00000.000000
      TextureU +00001.000000,+00000.000000,+00000.000000
      TextureV +00000.000000,+00000.000000,-00001.000000
      Vertex   -00040.000000,+00016.000000,-00064.000000
      Vertex   -00040.000000,+00016.000000,-00032.000000
      Vertex   -00056.000000,+00016.000000,-00032.000000
      Vertex   -00046.000000,+00016.000000,-00064.000000
   End Polygon
   Begin Polygon Item=OUTSIDE Texture=un_woodfloor_a Flags=1082130464 Link=20
      Origin   -00040.000000,-00024.000000,-00304.000000
      Normal   +00000.000000,-00001.000000,+00000.000000
      TextureU +00001.000000,+00000.000000,+00000.000000
      TextureV +00000.000000,+00000.000000,-00001.000000
      Vertex   -00040.000000,-00024.000000,-00064.000000
      Vertex   -00040.000000,-00024.000000,-00032.000000
      Vertex   -00056.000000,-00024.000000,-00032.000000
      Vertex   -00046.000000,-00024.000000,-00064.000000
   End Polygon
   Begin Polygon Item=OUTSIDE Texture=un_woodfloor_a Flags=1082130464 Link=21
      Origin   -00056.000000,-00016.000000,-00304.000000
      Normal   -00000.000000,+00001.000000,+00000.000000
      TextureU -00001.000000,-00000.000000,+00000.000000
      TextureV +00000.000000,+00000.000000,-00001.000000
      Vertex   -00046.000000,-00016.000000,-00064.000000
      Vertex   -00056.000000,-00016.000000,-00032.000000
      Vertex   -00040.000000,-00016.000000,-00032.000000
      Vertex   -00040.000000,-00016.000000,-00064.000000
   End Polygon
   Begin Polygon Item=OUTSIDE Texture=un_woodfloor_a Flags=1082130464 Link=22
      Origin   +00029.000000,+00264.000000,-00304.000000
      Normal   -00000.954480,+00000.000000,-00000.298275
      TextureU +00000.000000,-00001.000000,+00000.000000
      TextureV +00000.298275,-00000.000000,-00000.954480
      Vertex   -00046.000000,-00024.000000,-00064.000000
      Vertex   -00056.000000,-00024.000000,-00032.000000
      Vertex   -00056.000000,-00016.000000,-00032.000000
      Vertex   -00046.000000,-00016.000000,-00064.000000
   End Polygon
   Begin Polygon Item=OUTSIDE Texture=un_woodfloor_a Flags=1082130464 Link=23
      Origin   -00040.000000,-00016.000000,-00304.000000
      Normal   +00001.000000,+00000.000000,+00000.000000
      TextureU -00000.000000,+00001.000000,+00000.000000
      TextureV +00000.000000,+00000.000000,-00001.000000
      Vertex   -00040.000000,-00016.000000,-00064.000000
      Vertex   -00040.000000,-00016.000000,-00032.000000
      Vertex   -00040.000000,-00024.000000,-00032.000000
      Vertex   -00040.000000,-00024.000000,-00064.000000
   End Polygon
   Begin Polygon Item=OUTSIDE Texture=un_woodfloor_a Flags=1082130464 Link=24
      Origin   -00040.000000,+00024.000000,-00304.000000
      Normal   +00001.000000,+00000.000000,+00000.000000
      TextureU -00000.000000,+00001.000000,+00000.000000
      TextureV +00000.000000,+00000.000000,-00001.000000
      Vertex   -00040.000000,+00024.000000,-00064.000000
      Vertex   -00040.000000,+00024.000000,-00032.000000
      Vertex   -00040.000000,+00016.000000,-00032.000000
      Vertex   -00040.000000,+00016.000000,-00064.000000
   End Polygon
   Begin Polygon Item=OUTSIDE Texture=un_woodfloor_a Flags=1082130464 Link=25
      Origin   +00029.000000,+00264.000000,-00304.000000
      Normal   -00000.954480,+00000.000000,-00000.298275
      TextureU +00000.000000,-00001.000000,+00000.000000
      TextureV +00000.298275,-00000.000000,-00000.954480
      Vertex   -00046.000000,+00016.000000,-00064.000000
      Vertex   -00056.000000,+00016.000000,-00032.000000
      Vertex   -00056.000000,+00024.000000,-00032.000000
      Vertex   -00046.000000,+00024.000000,-00064.000000
   End Polygon
   Begin Polygon Item=OUTSIDE Texture=un_woodfloor_a Flags=1082130464 Link=26
      Origin   -00056.000000,+00024.000000,-00304.000000
      Normal   -00000.000000,+00001.000000,+00000.000000
      TextureU -00001.000000,-00000.000000,+00000.000000
      TextureV +00000.000000,+00000.000000,-00001.000000
      Vertex   -00046.000000,+00024.000000,-00064.000000
      Vertex   -00056.000000,+00024.000000,-00032.000000
      Vertex   -00040.000000,+00024.000000,-00032.000000
      Vertex   -00040.000000,+00024.000000,-00064.000000
   End Polygon
   Begin Polygon Item=OUTSIDE Texture=un_woodfloor_a Flags=1082130464 Link=27
      Origin   +00056.000000,+00016.000000,-00304.000000
      Normal   +00000.000000,-00001.000000,+00000.000000
      TextureU +00001.000000,+00000.000000,+00000.000000
      TextureV +00000.000000,+00000.000000,-00001.000000
      Vertex   +00046.000000,+00016.000000,-00064.000000
      Vertex   +00056.000000,+00016.000000,-00032.000000
      Vertex   +00040.000000,+00016.000000,-00032.000000
      Vertex   +00040.000000,+00016.000000,-00064.000000
   End Polygon
   Begin Polygon Item=OUTSIDE Texture=un_woodfloor_a Flags=1082130464 Link=28
      Origin   +00040.000000,-00016.000000,-00304.000000
      Normal   -00000.000000,+00001.000000,+00000.000000
      TextureU -00001.000000,-00000.000000,+00000.000000
      TextureV +00000.000000,+00000.000000,-00001.000000
      Vertex   +00040.000000,-00016.000000,-00064.000000
      Vertex   +00040.000000,-00016.000000,-00032.000000
      Vertex   +00056.000000,-00016.000000,-00032.000000
      Vertex   +00046.000000,-00016.000000,-00064.000000
   End Polygon
   Begin Polygon Item=OUTSIDE Texture=un_woodfloor_a Flags=1082130464 Link=29
      Origin   +00056.000000,-00024.000000,-00304.000000
      Normal   +00000.000000,-00001.000000,+00000.000000
      TextureU +00001.000000,+00000.000000,+00000.000000
      TextureV +00000.000000,+00000.000000,-00001.000000
      Vertex   +00046.000000,-00024.000000,-00064.000000
      Vertex   +00056.000000,-00024.000000,-00032.000000
      Vertex   +00040.000000,-00024.000000,-00032.000000
      Vertex   +00040.000000,-00024.000000,-00064.000000
   End Polygon
   Begin Polygon Item=OUTSIDE Texture=un_woodfloor_a Flags=1082130464 Link=30
      Origin   -00029.000000,+00264.000000,-00304.000000
      Normal   +00000.954480,-00000.000000,-00000.298275
      TextureU -00000.000000,+00001.000000,+00000.000000
      TextureV -00000.298275,+00000.000000,-00000.954480
      Vertex   +00046.000000,-00016.000000,-00064.000000
      Vertex   +00056.000000,-00016.000000,-00032.000000
      Vertex   +00056.000000,-00024.000000,-00032.000000
      Vertex   +00046.000000,-00024.000000,-00064.000000
   End Polygon
   Begin Polygon Item=OUTSIDE Texture=un_woodfloor_a Flags=1082130464 Link=31
      Origin   -00029.000000,+00264.000000,-00304.000000
      Normal   +00000.954480,-00000.000000,-00000.298275
      TextureU -00000.000000,+00001.000000,+00000.000000
      TextureV -00000.298275,+00000.000000,-00000.954480
      Vertex   +00046.000000,+00024.000000,-00064.000000
      Vertex   +00056.000000,+00024.000000,-00032.000000
      Vertex   +00056.000000,+00016.000000,-00032.000000
      Vertex   +00046.000000,+00016.000000,-00064.000000
   End Polygon
   Begin Polygon Item=OUTSIDE Texture=un_woodfloor_a Flags=1082130464 Link=32
      Origin   +00040.000000,+00024.000000,-00304.000000
      Normal   -00000.000000,+00001.000000,+00000.000000
      TextureU -00001.000000,-00000.000000,+00000.000000
      TextureV +00000.000000,+00000.000000,-00001.000000
      Vertex   +00040.000000,+00024.000000,-00064.000000
      Vertex   +00040.000000,+00024.000000,-00032.000000
      Vertex   +00056.000000,+00024.000000,-00032.000000
      Vertex   +00046.000000,+00024.000000,-00064.000000
   End Polygon
   Begin Polygon Item=OUTSIDE Texture=un_woodfloor_a Flags=1082130464 Link=33
      Origin   +00040.000000,-00024.000000,-00304.000000
      Normal   -00001.000000,-00000.000000,+00000.000000
      TextureU +00000.000000,-00001.000000,+00000.000000
      TextureV +00000.000000,+00000.000000,-00001.000000
      Vertex   +00040.000000,-00024.000000,-00064.000000
      Vertex   +00040.000000,-00024.000000,-00032.000000
      Vertex   +00040.000000,-00016.000000,-00032.000000
      Vertex   +00040.000000,-00016.000000,-00064.000000
   End Polygon
   Begin Polygon Item=OUTSIDE Texture=un_woodfloor_a Flags=1082130464 Link=34
      Origin   -03568.000000,+00264.000000,-00032.000000
      Normal   +00000.000000,+00000.000000,+00001.000000
      TextureU +00000.000000,-00001.000000,+00000.000000
      TextureV +00001.000000,+00000.000000,+00000.000000
      Vertex   -00056.000000,+00024.000000,-00032.000000
      Vertex   -00056.000000,+00016.000000,-00032.000000
      Vertex   -00040.000000,+00016.000000,-00032.000000
      Vertex   -00040.000000,+00024.000000,-00032.000000
   End Polygon
   Begin Polygon Item=OUTSIDE Texture=un_woodfloor_a Flags=1082130464 Link=35
      Origin   -03568.000000,+00264.000000,-00032.000000
      Normal   +00000.000000,+00000.000000,+00001.000000
      TextureU +00000.000000,-00001.000000,+00000.000000
      TextureV +00001.000000,+00000.000000,+00000.000000
      Vertex   +00056.000000,-00024.000000,-00032.000000
      Vertex   +00056.000000,-00016.000000,-00032.000000
      Vertex   +00040.000000,-00016.000000,-00032.000000
      Vertex   +00040.000000,-00024.000000,-00032.000000
   End Polygon
   Begin Polygon Item=OUTSIDE Texture=un_woodfloor_a Flags=1082130464 Link=36
      Origin   -03568.000000,+00264.000000,-00032.000000
      Normal   +00000.000000,+00000.000000,+00001.000000
      TextureU +00000.000000,-00001.000000,+00000.000000
      TextureV +00001.000000,+00000.000000,+00000.000000
      Vertex   -00056.000000,-00016.000000,-00032.000000
      Vertex   -00056.000000,-00024.000000,-00032.000000
      Vertex   -00040.000000,-00024.000000,-00032.000000
      Vertex   -00040.000000,-00016.000000,-00032.000000
   End Polygon
   Begin Polygon Item=2DLoftSIDE Texture=un_woodfloor_b Flags=1082130464 Link=37
      Origin   -01600.000000,-00024.000000,-00032.000000
      Normal   +00000.000000,+00000.000000,-00001.000000
      TextureU +00000.000000,-00001.000000,+00000.000000
      TextureV +00001.000000,+00000.000000,+00000.000000
      Vertex   +00000.000122,+00037.647102,-00032.000031
      Vertex   +00040.000000,+00029.313782,-00032.000031
      Vertex   +00040.000000,-00029.313747,-00032.000031
      Vertex   +00000.000000,-00037.647079,-00032.000031
      Vertex   -00040.000000,-00029.313736,-00032.000031
      Vertex   -00040.000000,+00029.313744,-00032.000031
   End Polygon
   Begin Polygon Item=2DLoftSIDE Texture=un_woodfloor_b Flags=1082130464 Link=37
      Origin   -01600.000000,-00024.000000,-00032.000000
      Normal   +00000.000000,+00000.000000,-00001.000000
      TextureU +00000.000000,-00001.000000,+00000.000000
      TextureV +00001.000000,+00000.000000,+00000.000000
      Vertex   +00090.353027,+00018.823555,-00032.000031
      Vertex   +00090.353027,-00018.823536,-00032.000031
      Vertex   +00056.000000,-00025.980417,-00032.000031
      Vertex   +00056.000000,+00025.980446,-00032.000031
   End Polygon
   Begin Polygon Item=2DLoftSIDE Texture=un_woodfloor_b Flags=1082130464 Link=37
      Origin   -01600.000000,-00024.000000,-00032.000000
      Normal   +00000.000000,+00000.000000,-00001.000000
      TextureU +00000.000000,-00001.000000,+00000.000000
      TextureV +00001.000000,+00000.000000,+00000.000000
      Vertex   +00056.000000,-00016.000000,-00032.000000
      Vertex   +00040.000000,-00016.000000,-00032.000000
      Vertex   +00040.000000,+00016.000000,-00032.000000
      Vertex   +00056.000000,+00016.000000,-00032.000000
   End Polygon
   Begin Polygon Item=2DLoftSIDE Texture=un_woodfloor_b Flags=1082130464 Link=37
      Origin   -01600.000000,-00024.000000,-00032.000000
      Normal   +00000.000000,+00000.000000,-00001.000000
      TextureU +00000.000000,-00001.000000,+00000.000000
      TextureV +00001.000000,+00000.000000,+00000.000000
      Vertex   +00040.000000,-00024.000000,-00032.000000
      Vertex   +00056.000000,-00024.000000,-00032.000000
      Vertex   +00056.000000,-00025.980417,-00032.000031
      Vertex   +00040.000000,-00029.313747,-00032.000031
   End Polygon
   Begin Polygon Item=2DLoftSIDE Texture=un_woodfloor_b Flags=1082130464 Link=37
      Origin   -01600.000000,-00024.000000,-00032.000000
      Normal   +00000.000000,+00000.000000,-00001.000000
      TextureU +00000.000000,-00001.000000,+00000.000000
      TextureV +00001.000000,+00000.000000,+00000.000000
      Vertex   +00040.000000,+00024.000000,-00032.000000
      Vertex   +00040.000000,+00029.313782,-00032.000031
      Vertex   +00056.000000,+00025.980446,-00032.000031
      Vertex   +00056.000000,+00024.000000,-00032.000000
   End Polygon
   Begin Polygon Item=2DLoftSIDE Texture=un_woodfloor_b Flags=1082130464 Link=37
      Origin   -01600.000000,-00024.000000,-00032.000000
      Normal   +00000.000000,+00000.000000,-00001.000000
      TextureU +00000.000000,-00001.000000,+00000.000000
      TextureV +00001.000000,+00000.000000,+00000.000000
      Vertex   -00090.352905,-00018.823536,-00032.000031
      Vertex   -00090.352905,+00018.823555,-00032.000031
      Vertex   -00056.000000,+00025.980412,-00032.000031
      Vertex   -00056.000000,-00025.980402,-00032.000031
   End Polygon
   Begin Polygon Item=2DLoftSIDE Texture=un_woodfloor_b Flags=1082130464 Link=37
      Origin   -01600.000000,-00024.000000,-00032.000000
      Normal   +00000.000000,+00000.000000,-00001.000000
      TextureU +00000.000000,-00001.000000,+00000.000000
      TextureV +00001.000000,+00000.000000,+00000.000000
      Vertex   -00056.000000,+00016.000000,-00032.000000
      Vertex   -00040.000000,+00016.000000,-00032.000000
      Vertex   -00040.000000,-00016.000000,-00032.000000
      Vertex   -00056.000000,-00016.000000,-00032.000000
   End Polygon
   Begin Polygon Item=2DLoftSIDE Texture=un_woodfloor_b Flags=1082130464 Link=37
      Origin   -01600.000000,-00024.000000,-00032.000000
      Normal   +00000.000000,+00000.000000,-00001.000000
      TextureU +00000.000000,-00001.000000,+00000.000000
      TextureV +00001.000000,+00000.000000,+00000.000000
      Vertex   -00040.000000,+00024.000000,-00032.000000
      Vertex   -00056.000000,+00024.000000,-00032.000000
      Vertex   -00056.000000,+00025.980412,-00032.000031
      Vertex   -00040.000000,+00029.313744,-00032.000031
   End Polygon
   Begin Polygon Item=2DLoftSIDE Texture=un_woodfloor_b Flags=1082130464 Link=37
      Origin   -01600.000000,-00024.000000,-00032.000000
      Normal   +00000.000000,+00000.000000,-00001.000000
      TextureU +00000.000000,-00001.000000,+00000.000000
      TextureV +00001.000000,+00000.000000,+00000.000000
      Vertex   -00040.000000,-00024.000000,-00032.000000
      Vertex   -00040.000000,-00029.313736,-00032.000031
      Vertex   -00056.000000,-00025.980402,-00032.000031
      Vertex   -00056.000000,-00024.000000,-00032.000000
   End Polygon
End PolyList
