Begin PolyList
   Begin Polygon Texture=construct1 Flags=1073741824 Link=0
      Origin   +00088.477905,+00035.674656,-00033.977417
      Normal   +00001.000000,+00000.000000,+00000.000000
      Pan      U=32 V=32
      TextureU +00000.000000,+00000.000000,-00002.000000
      TextureV -00000.000000,+00002.000000,+00000.000000
      Vertex   +00088.477905,-00058.325344,-00031.977417
      Vertex   +00088.477905,-00058.325344,-00033.977417
      Vertex   +00088.477905,+00033.674656,-00033.977417
      Vertex   +00088.477905,+00033.674656,-00031.977417
   End Polygon
   Begin Polygon Texture=mudw2 Flags=1073741824 Link=1
      Origin   +00088.477905,-00060.325344,-00033.977417
      Normal   +00000.000000,-00001.000000,+00000.000000
      Pan      U=0 V=24
      TextureU -00002.000000,-00000.000000,+00000.000000
      TextureV +00000.000000,+00000.000000,-00002.000000
      Vertex   +00088.477905,-00060.325344,-00001.977417
      Vertex   +00011.552676,-00060.325344,-00001.977417
      Vertex   +00024.807499,-00060.325344,-00033.977417
      Vertex   +00088.477905,-00060.325344,-00033.977417
   End Polygon
   Begin Polygon Item=Cap Texture=wood21 Flags=1073741824 Link=2
      Origin   +00020.477909,-00062.325344,-00055.977417
      Normal   +00000.000000,+00001.000000,+00000.000000
      TextureU +00000.382683,+00000.000000,+00000.923880
      TextureV +00000.923880,+00000.000000,-00000.382683
      Vertex   +00040.323002,-00062.325344,-00029.977417
      Vertex   +00042.125736,-00062.325344,-00034.329559
      Vertex   +00035.785221,-00062.325344,-00049.636902
      Vertex   +00031.951603,-00062.325344,-00051.224854
      Vertex   +00023.150639,-00062.325344,-00029.977417
   End Polygon
   Begin Polygon Item=Wall Texture=construct1 Flags=1073741824 Link=3
      Origin   +00017.416447,-00062.325344,-00037.038879
      Normal   -00000.382683,-00000.000000,-00000.923880
      TextureU +00000.923880,+00000.000000,-00000.382683
      TextureV +00000.000000,-00001.000000,+00000.000000
      Vertex   +00020.477909,-00062.325344,-00038.306976
      Vertex   +00017.416447,-00062.325344,-00037.038879
      Vertex   +00017.416447,+00037.674656,-00037.038879
      Vertex   +00020.477909,+00037.674656,-00038.306976
   End Polygon
   Begin Polygon Item=Wall Texture=construct1 Flags=1073741824 Link=4
      Origin   +00024.807499,-00062.325344,-00033.977417
      Normal   +00000.923880,+00000.000000,+00000.382683
      TextureU -00000.382683,-00000.000000,+00000.923880
      TextureV +00000.000000,-00001.000000,+00000.000000
      Vertex   +00024.807499,-00062.325344,-00033.977417
      Vertex   +00024.807499,-00060.325344,-00033.977417
      Vertex   +00023.539371,-00060.325344,-00030.915955
      Vertex   +00023.539371,-00062.325344,-00030.915955
   End Polygon
   Begin Polygon Item=Wall Texture=construct1 Flags=1073741824 Link=5
      Origin   +00023.539371,-00062.325344,-00037.038879
      Normal   +00000.923880,+00000.000000,-00000.382683
      TextureU +00000.382683,+00000.000000,+00000.923880
      TextureV +00000.000000,-00001.000000,+00000.000000
      Vertex   +00024.807499,-00062.325344,-00033.977417
      Vertex   +00023.539371,-00062.325344,-00037.038879
      Vertex   +00023.539371,+00037.674656,-00037.038879
      Vertex   +00024.807499,+00037.674656,-00033.977417
   End Polygon
   Begin Polygon Item=Wall Texture=construct1 Flags=1073741824 Link=6
      Origin   +00016.148350,-00062.325344,-00033.977417
      Normal   -00000.923880,-00000.000000,-00000.382683
      TextureU +00000.382684,+00000.000000,-00000.923880
      TextureV +00000.000000,-00001.000000,+00000.000000
      Vertex   +00017.416447,-00062.325344,-00037.038879
      Vertex   +00016.148350,-00062.325344,-00033.977417
      Vertex   +00016.148350,+00037.674656,-00033.977417
      Vertex   +00017.416447,+00037.674656,-00037.038879
   End Polygon
   Begin Polygon Item=Wall Texture=construct1 Flags=1073741824 Link=7
      Origin   +00020.477909,-00062.325344,-00038.306976
      Normal   +00000.382684,+00000.000000,-00000.923880
      TextureU +00000.923880,+00000.000000,+00000.382683
      TextureV +00000.000000,-00001.000000,+00000.000000
      Vertex   +00023.539371,-00062.325344,-00037.038879
      Vertex   +00020.477909,-00062.325344,-00038.306976
      Vertex   +00020.477909,+00037.674656,-00038.306976
      Vertex   +00023.539371,+00037.674656,-00037.038879
   End Polygon
   Begin Polygon Item=Wall Texture=construct1 Flags=1073741824 Link=8
      Origin   +00023.539371,-00062.325344,-00030.915955
      Normal   +00000.382683,+00000.000000,+00000.923880
      TextureU -00000.923880,-00000.000000,+00000.382683
      TextureV +00000.000000,-00001.000000,+00000.000000
      Vertex   +00020.477909,-00060.325344,-00029.647858
      Vertex   +00020.477909,-00062.325344,-00029.647858
      Vertex   +00023.539371,-00062.325344,-00030.915955
      Vertex   +00023.539371,-00060.325344,-00030.915955
   End Polygon
   Begin Polygon Item=Wall Texture=construct1 Flags=1073741824 Link=9
      Origin   +00020.477909,-00062.325344,-00029.647858
      Normal   -00000.382683,-00000.000000,+00000.923880
      TextureU -00000.923880,-00000.000000,-00000.382683
      TextureV +00000.000000,-00001.000000,+00000.000000
      Vertex   +00020.477909,-00062.325344,-00029.647858
      Vertex   +00020.477909,-00060.325344,-00029.647858
      Vertex   +00017.416447,-00060.325344,-00030.915955
      Vertex   +00017.416447,-00062.325344,-00030.915955
   End Polygon
   Begin Polygon Item=Wall Texture=construct1 Flags=1073741824 Link=10
      Origin   +00017.416447,-00062.325344,-00030.915955
      Normal   -00000.923880,-00000.000000,+00000.382683
      TextureU -00000.382683,-00000.000000,-00000.923880
      TextureV +00000.000000,-00001.000000,+00000.000000
      Vertex   +00016.148350,-00060.325344,-00033.977417
      Vertex   +00016.148350,-00062.325344,-00033.977417
      Vertex   +00017.416447,-00062.325344,-00030.915955
      Vertex   +00017.416447,-00060.325344,-00030.915955
   End Polygon
   Begin Polygon Item=Wall Texture=wood21 Flags=1073741824 Link=11
      Origin   +00035.785221,-00066.325348,-00019.022217
      Normal   +00000.382683,+00000.000000,+00000.923880
      TextureU -00000.923880,-00000.000000,+00000.382683
      TextureV +00000.000000,-00001.000000,+00000.000000
      Vertex   +00035.785221,-00066.325348,-00019.022217
      Vertex   +00035.785221,-00062.325344,-00019.022217
      Vertex   +00020.477909,-00062.325344,-00012.681702
      Vertex   +00020.477909,-00066.325348,-00012.681702
   End Polygon
   Begin Polygon Item=Cap Texture=wood21 Flags=1073741824 Link=12
      Origin   +00035.785221,-00066.325348,-00049.636902
      Normal   +00000.000000,-00001.000000,+00000.000000
      TextureU -00000.923880,-00000.000000,+00000.382683
      TextureV -00000.382683,-00000.000000,-00000.923880
      Vertex   +00035.785221,-00066.325348,-00049.636902
      Vertex   +00042.125736,-00066.325348,-00034.329559
      Vertex   +00035.785221,-00066.325348,-00019.022217
      Vertex   +00020.477909,-00066.325348,-00012.681702
      Vertex   +00005.170566,-00066.325348,-00019.022217
      Vertex   -00001.169949,-00066.325348,-00034.329559
      Vertex   +00005.170566,-00066.325348,-00049.636902
      Vertex   +00020.477909,-00066.325348,-00055.977417
   End Polygon
   Begin Polygon Item=Wall Texture=wood21 Flags=1073741824 Link=13
      Origin   +00020.477909,-00066.325348,-00055.977417
      Normal   +00000.382684,+00000.000000,-00000.923880
      TextureU +00000.923880,+00000.000000,+00000.382683
      TextureV +00000.000000,-00001.000000,+00000.000000
      Vertex   +00035.785221,-00062.325344,-00049.636902
      Vertex   +00035.785221,-00066.325348,-00049.636902
      Vertex   +00020.477909,-00066.325348,-00055.977417
      Vertex   +00020.477909,-00062.325344,-00055.977417
   End Polygon
   Begin Polygon Item=Wall Texture=wood21 Flags=1073741824 Link=14
      Origin   +00042.125736,-00066.325348,-00034.329559
      Normal   +00000.923880,+00000.000000,+00000.382683
      TextureU -00000.382683,-00000.000000,+00000.923880
      TextureV +00000.000000,-00001.000000,+00000.000000
      Vertex   +00035.785221,-00062.325344,-00019.022217
      Vertex   +00035.785221,-00066.325348,-00019.022217
      Vertex   +00042.125736,-00066.325348,-00034.329559
      Vertex   +00042.125736,-00062.325344,-00034.329559
   End Polygon
   Begin Polygon Item=Wall Texture=wood21 Flags=1073741824 Link=15
      Origin   +00020.477909,-00066.325348,-00012.681702
      Normal   -00000.382683,-00000.000000,+00000.923880
      TextureU -00000.923880,-00000.000000,-00000.382683
      TextureV +00000.000000,-00001.000000,+00000.000000
      Vertex   +00020.477909,-00066.325348,-00012.681702
      Vertex   +00020.477909,-00062.325344,-00012.681702
      Vertex   +00005.170566,-00062.325344,-00019.022217
      Vertex   +00005.170566,-00066.325348,-00019.022217
   End Polygon
   Begin Polygon Item=Wall Texture=wood21 Flags=1073741824 Link=16
      Origin   +00035.785221,-00066.325348,-00049.636902
      Normal   +00000.923880,+00000.000000,-00000.382683
      TextureU +00000.382683,+00000.000000,+00000.923880
      TextureV +00000.000000,-00001.000000,+00000.000000
      Vertex   +00035.785221,-00066.325348,-00049.636902
      Vertex   +00035.785221,-00062.325344,-00049.636902
      Vertex   +00042.125736,-00062.325344,-00034.329559
      Vertex   +00042.125736,-00066.325348,-00034.329559
   End Polygon
   Begin Polygon Item=Wall Texture=wood21 Flags=1073741824 Link=17
      Origin   +00005.170566,-00066.325348,-00049.636902
      Normal   -00000.382683,-00000.000000,-00000.923880
      TextureU +00000.923880,+00000.000000,-00000.382683
      TextureV +00000.000000,-00001.000000,+00000.000000
      Vertex   +00020.477909,-00062.325344,-00055.977417
      Vertex   +00020.477909,-00066.325348,-00055.977417
      Vertex   +00005.170566,-00066.325348,-00049.636902
      Vertex   +00005.170566,-00062.325344,-00049.636902
   End Polygon
   Begin Polygon Item=Wall Texture=wood21 Flags=1073741824 Link=18
      Origin   +00005.170566,-00066.325348,-00019.022217
      Normal   -00000.923880,-00000.000000,+00000.382683
      TextureU -00000.382683,-00000.000000,-00000.923880
      TextureV +00000.000000,-00001.000000,+00000.000000
      Vertex   +00005.170566,-00066.325348,-00019.022217
      Vertex   +00005.170566,-00062.325344,-00019.022217
      Vertex   -00001.169949,-00062.325344,-00034.329559
      Vertex   -00001.169949,-00066.325348,-00034.329559
   End Polygon
   Begin Polygon Item=Wall Texture=wood21 Flags=1073741824 Link=19
      Origin   -00001.169949,-00066.325348,-00034.329559
      Normal   -00000.923880,-00000.000000,-00000.382683
      TextureU +00000.382684,+00000.000000,-00000.923880
      TextureV +00000.000000,-00001.000000,+00000.000000
      Vertex   -00001.169949,-00066.325348,-00034.329559
      Vertex   -00001.169949,-00062.325344,-00034.329559
      Vertex   +00005.170566,-00062.325344,-00049.636902
      Vertex   +00005.170566,-00066.325348,-00049.636902
   End Polygon
   Begin Polygon Item=Cap Texture=wood21 Flags=1073741824 Link=2
      Origin   +00020.477909,-00062.325344,-00055.977417
      Normal   +00000.000000,+00001.000000,+00000.000000
      TextureU +00000.382683,+00000.000000,+00000.923880
      TextureV +00000.923880,+00000.000000,-00000.382683
      Vertex   +00020.477909,-00062.325344,-00012.681702
      Vertex   +00035.785221,-00062.325344,-00019.022217
      Vertex   +00040.323002,-00062.325344,-00029.977417
      Vertex   +00021.273533,-00062.325344,-00029.977417
      Vertex   +00003.655551,-00062.325344,-00022.679810
      Vertex   +00005.170566,-00062.325344,-00019.022217
   End Polygon
   Begin Polygon Item=Cap Texture=wood21 Flags=1073741824 Link=2
      Origin   +00020.477909,-00062.325344,-00055.977417
      Normal   +00000.000000,+00001.000000,+00000.000000
      TextureU +00000.382683,+00000.000000,+00000.923880
      TextureV +00000.923880,+00000.000000,-00000.382683
      Vertex   +00023.539371,-00062.325344,-00030.915955
      Vertex   +00021.273533,-00062.325344,-00029.977417
      Vertex   +00023.150639,-00062.325344,-00029.977417
   End Polygon
   Begin Polygon Item=Cap Texture=wood21 Flags=1073741824 Link=2
      Origin   +00020.477909,-00062.325344,-00055.977417
      Normal   +00000.000000,+00001.000000,+00000.000000
      TextureU +00000.382683,+00000.000000,+00000.923880
      TextureV +00000.923880,+00000.000000,-00000.382683
      Vertex   +00003.655551,-00062.325344,-00022.679810
      Vertex   +00020.477909,-00062.325344,-00029.647858
      Vertex   +00000.345065,-00062.325344,-00037.987152
      Vertex   -00001.169949,-00062.325344,-00034.329559
   End Polygon
   Begin Polygon Item=Cap Texture=wood21 Flags=1073741824 Link=2
      Origin   +00020.477909,-00062.325344,-00055.977417
      Normal   +00000.000000,+00001.000000,+00000.000000
      TextureU +00000.382683,+00000.000000,+00000.923880
      TextureV +00000.923880,+00000.000000,-00000.382683
      Vertex   +00031.951603,-00062.325344,-00051.224854
      Vertex   +00020.477909,-00062.325344,-00055.977417
      Vertex   +00016.395237,-00062.325344,-00054.286316
      Vertex   +00024.807499,-00062.325344,-00033.977417
   End Polygon
   Begin Polygon Item=Cap Texture=wood21 Flags=1073741824 Link=2
      Origin   +00020.477909,-00062.325344,-00055.977417
      Normal   +00000.000000,+00001.000000,+00000.000000
      TextureU +00000.382683,+00000.000000,+00000.923880
      TextureV +00000.923880,+00000.000000,-00000.382683
      Vertex   +00009.004214,-00062.325344,-00051.224854
      Vertex   +00005.170566,-00062.325344,-00049.636902
      Vertex   +00000.345065,-00062.325344,-00037.987152
      Vertex   +00017.416447,-00062.325344,-00030.915955
   End Polygon
   Begin Polygon Item=Cap Texture=wood21 Flags=1073741824 Link=2
      Origin   +00020.477909,-00062.325344,-00055.977417
      Normal   +00000.000000,+00001.000000,+00000.000000
      TextureU +00000.382683,+00000.000000,+00000.923880
      TextureV +00000.923880,+00000.000000,-00000.382683
      Vertex   +00020.477909,-00062.325344,-00044.429901
      Vertex   +00016.395237,-00062.325344,-00054.286316
      Vertex   +00009.004214,-00062.325344,-00051.224854
      Vertex   +00016.148350,-00062.325344,-00033.977417
   End Polygon
   Begin Polygon Item=Cap Texture=wood21 Flags=1073741824 Link=2
      Origin   +00020.477909,-00062.325344,-00055.977417
      Normal   +00000.000000,+00001.000000,+00000.000000
      TextureU +00000.382683,+00000.000000,+00000.923880
      TextureV +00000.923880,+00000.000000,-00000.382683
      Vertex   +00022.642704,-00062.325344,-00039.203674
      Vertex   +00020.477909,-00062.325344,-00044.429901
      Vertex   +00017.416447,-00062.325344,-00037.038879
   End Polygon
   Begin Polygon Item=Cap Texture=wood21 Flags=1073741824 Link=2
      Origin   +00020.477909,-00062.325344,-00055.977417
      Normal   +00000.000000,+00001.000000,+00000.000000
      TextureU +00000.382683,+00000.000000,+00000.923880
      TextureV +00000.923880,+00000.000000,-00000.382683
      Vertex   +00023.539371,-00062.325344,-00037.038879
      Vertex   +00022.642704,-00062.325344,-00039.203674
      Vertex   +00020.477909,-00062.325344,-00038.306976
   End Polygon
   Begin Polygon Texture=mudw Flags=1073741824 Link=28
      Origin   -00039.522091,-00060.325344,-00033.977417
      Normal   +00000.000000,+00000.000000,-00001.000000
      TextureU +00002.000000,+00000.000000,+00000.000000
      TextureV +00000.000000,-00002.000000,+00000.000000
      Vertex   +00024.807499,-00060.325344,-00033.977417
      Vertex   +00024.807499,+00035.674656,-00033.977417
      Vertex   +00088.477905,+00035.674656,-00033.977417
      Vertex   +00088.477905,-00060.325344,-00033.977417
   End Polygon
   Begin Polygon Item=Wall Texture=wood21 Flags=1073741824 Link=29
      Origin   +00035.785221,+00037.674656,-00049.636902
      Normal   +00000.923880,+00000.000000,-00000.382683
      TextureU +00000.382683,+00000.000000,+00000.923880
      TextureV +00000.000000,-00001.000000,+00000.000000
      Vertex   +00035.785221,+00037.674656,-00049.636902
      Vertex   +00035.785221,+00041.674656,-00049.636902
      Vertex   +00042.125736,+00041.674656,-00034.329559
      Vertex   +00042.125736,+00037.674656,-00034.329559
   End Polygon
   Begin Polygon Item=Wall Texture=wood21 Flags=1073741824 Link=30
      Origin   +00005.170566,+00037.674656,-00019.022217
      Normal   -00000.923880,-00000.000000,+00000.382683
      TextureU -00000.382683,-00000.000000,-00000.923880
      TextureV +00000.000000,-00001.000000,+00000.000000
      Vertex   -00001.169949,+00041.674656,-00034.329559
      Vertex   -00001.169949,+00037.674656,-00034.329559
      Vertex   +00005.170566,+00037.674656,-00019.022217
      Vertex   +00005.170566,+00041.674656,-00019.022217
   End Polygon
   Begin Polygon Item=Wall Texture=wood21 Flags=1073741824 Link=31
      Origin   -00001.169949,+00037.674656,-00034.329559
      Normal   -00000.923880,-00000.000000,-00000.382683
      TextureU +00000.382684,+00000.000000,-00000.923880
      TextureV +00000.000000,-00001.000000,+00000.000000
      Vertex   -00001.169949,+00037.674656,-00034.329559
      Vertex   -00001.169949,+00041.674656,-00034.329559
      Vertex   +00005.170566,+00041.674656,-00049.636902
      Vertex   +00005.170566,+00037.674656,-00049.636902
   End Polygon
   Begin Polygon Item=Wall Texture=wood21 Flags=1073741824 Link=32
      Origin   +00005.170566,+00037.674656,-00049.636902
      Normal   -00000.382683,-00000.000000,-00000.923880
      TextureU +00000.923880,+00000.000000,-00000.382683
      TextureV +00000.000000,-00001.000000,+00000.000000
      Vertex   +00005.170566,+00037.674656,-00049.636902
      Vertex   +00005.170566,+00041.674656,-00049.636902
      Vertex   +00020.477909,+00041.674656,-00055.977417
      Vertex   +00020.477909,+00037.674656,-00055.977417
   End Polygon
   Begin Polygon Item=Wall Texture=wood21 Flags=1073741824 Link=33
      Origin   +00020.477909,+00037.674656,-00055.977417
      Normal   +00000.382684,+00000.000000,-00000.923880
      TextureU +00000.923880,+00000.000000,+00000.382683
      TextureV +00000.000000,-00001.000000,+00000.000000
      Vertex   +00020.477909,+00037.674656,-00055.977417
      Vertex   +00020.477909,+00041.674656,-00055.977417
      Vertex   +00035.785221,+00041.674656,-00049.636902
      Vertex   +00035.785221,+00037.674656,-00049.636902
   End Polygon
   Begin Polygon Item=Cap Texture=wood21 Flags=1073741824 Link=34
      Origin   +00020.477909,+00041.674656,-00055.977417
      Normal   +00000.000000,+00001.000000,+00000.000000
      TextureU +00000.382683,+00000.000000,+00000.923880
      TextureV +00000.923880,+00000.000000,-00000.382683
      Vertex   +00042.125736,+00041.674656,-00034.329559
      Vertex   +00035.785221,+00041.674656,-00049.636902
      Vertex   +00020.477909,+00041.674656,-00055.977417
      Vertex   +00005.170566,+00041.674656,-00049.636902
      Vertex   -00001.169949,+00041.674656,-00034.329559
      Vertex   +00005.170566,+00041.674656,-00019.022217
      Vertex   +00020.477909,+00041.674656,-00012.681702
      Vertex   +00035.785221,+00041.674656,-00019.022217
   End Polygon
   Begin Polygon Item=Cap Texture=wood21 Flags=1073741824 Link=35
      Origin   +00035.785221,+00037.674656,-00049.636902
      Normal   +00000.000000,-00001.000000,+00000.000000
      TextureU -00000.923880,-00000.000000,+00000.382683
      TextureV -00000.382683,-00000.000000,-00000.923880
      Vertex   +00035.785221,+00037.674656,-00049.636902
      Vertex   +00037.549259,+00037.674656,-00045.378174
      Vertex   +00010.025424,+00037.674656,-00033.977417
      Vertex   -00001.024075,+00037.674656,-00033.977417
      Vertex   -00001.169949,+00037.674656,-00034.329559
      Vertex   +00005.170566,+00037.674656,-00049.636902
      Vertex   +00020.477909,+00037.674656,-00055.977417
   End Polygon
   Begin Polygon Item=Cap Texture=wood21 Flags=1073741824 Link=35
      Origin   +00035.785221,+00037.674656,-00049.636902
      Normal   +00000.000000,-00001.000000,+00000.000000
      TextureU -00000.923880,-00000.000000,+00000.382683
      TextureV -00000.382683,-00000.000000,-00000.923880
      Vertex   +00022.642673,+00037.674656,-00039.203674
      Vertex   +00037.549259,+00037.674656,-00045.378174
      Vertex   +00042.125736,+00037.674656,-00034.329559
      Vertex   +00041.979862,+00037.674656,-00033.977417
      Vertex   +00024.807499,+00037.674656,-00033.977417
   End Polygon
   Begin Polygon Item=Wall Texture=wood21 Flags=1073741824 Link=37
      Origin   +00042.125736,+00037.674656,-00034.329559
      Normal   +00000.923880,+00000.000000,+00000.382683
      TextureU -00000.382683,-00000.000000,+00000.923880
      TextureV +00000.000000,-00001.000000,+00000.000000
      Vertex   +00042.125736,+00037.674656,-00034.329559
      Vertex   +00042.125736,+00041.674656,-00034.329559
      Vertex   +00035.785221,+00041.674656,-00019.022217
      Vertex   +00035.785221,+00037.674656,-00019.022217
   End Polygon
   Begin Polygon Item=Cap Texture=wood21 Flags=1073741824 Link=35
      Origin   +00035.785221,+00037.674656,-00049.636902
      Normal   +00000.000000,-00001.000000,+00000.000000
      TextureU -00000.923880,-00000.000000,+00000.382683
      TextureV -00000.382683,-00000.000000,-00000.923880
      Vertex   +00017.416447,+00037.674656,-00037.038879
      Vertex   +00016.148350,+00037.674656,-00033.977417
      Vertex   +00010.025424,+00037.674656,-00033.977417
   End Polygon
   Begin Polygon Item=Cap Texture=wood21 Flags=1073741824 Link=35
      Origin   +00035.785221,+00037.674656,-00049.636902
      Normal   +00000.000000,-00001.000000,+00000.000000
      TextureU -00000.923880,-00000.000000,+00000.382683
      TextureV -00000.382683,-00000.000000,-00000.923880
      Vertex   +00020.477909,+00037.674656,-00038.306976
      Vertex   +00022.642673,+00037.674656,-00039.203674
      Vertex   +00023.539371,+00037.674656,-00037.038879
   End Polygon
   Begin Polygon Texture=mudw2 Flags=1073741824 Link=40
      Origin   -00039.522091,+00035.674656,-00033.977417
      Normal   +00000.000000,+00001.000000,+00000.000000
      Pan      U=0 V=24
      TextureU +00002.000000,+00000.000000,+00000.000000
      TextureV +00000.000000,+00000.000000,-00002.000000
      Vertex   +00011.552676,+00035.674656,-00001.977417
      Vertex   +00088.477905,+00035.674656,-00001.977417
      Vertex   +00088.477905,+00035.674656,-00033.977417
      Vertex   +00024.807499,+00035.674656,-00033.977417
   End Polygon
   Begin Polygon Item=Wall Texture=construct1 Flags=1073741824 Link=8
      Origin   +00023.539371,-00062.325344,-00030.915955
      Normal   +00000.382683,+00000.000000,+00000.923880
      TextureU -00000.923880,-00000.000000,+00000.382683
      TextureV +00000.000000,-00001.000000,+00000.000000
      Vertex   +00020.477909,+00037.674656,-00029.647858
      Vertex   +00020.477909,+00035.674656,-00029.647858
      Vertex   +00023.539371,+00035.674656,-00030.915955
      Vertex   +00023.539371,+00037.674656,-00030.915955
   End Polygon
   Begin Polygon Item=Wall Texture=wood21 Flags=1073741824 Link=42
      Origin   +00035.785221,+00037.674656,-00019.022217
      Normal   +00000.382683,+00000.000000,+00000.923880
      TextureU -00000.923880,-00000.000000,+00000.382683
      TextureV +00000.000000,-00001.000000,+00000.000000
      Vertex   +00035.785221,+00037.674656,-00019.022217
      Vertex   +00035.785221,+00041.674656,-00019.022217
      Vertex   +00020.477909,+00041.674656,-00012.681702
      Vertex   +00020.477909,+00037.674656,-00012.681702
   End Polygon
   Begin Polygon Item=Wall Texture=wood21 Flags=1073741824 Link=43
      Origin   +00020.477909,+00037.674656,-00012.681702
      Normal   -00000.382683,-00000.000000,+00000.923880
      TextureU -00000.923880,-00000.000000,-00000.382683
      TextureV +00000.000000,-00001.000000,+00000.000000
      Vertex   +00020.477909,+00037.674656,-00012.681702
      Vertex   +00020.477909,+00041.674656,-00012.681702
      Vertex   +00005.170566,+00041.674656,-00019.022217
      Vertex   +00005.170566,+00037.674656,-00019.022217
   End Polygon
   Begin Polygon Item=Cap Texture=wood21 Flags=1073741824 Link=35
      Origin   +00035.785221,+00037.674656,-00049.636902
      Normal   +00000.000000,-00001.000000,+00000.000000
      TextureU -00000.923880,-00000.000000,+00000.382683
      TextureV -00000.382683,-00000.000000,-00000.923880
      Vertex   +00030.930363,+00037.674656,-00033.977417
      Vertex   +00041.979862,+00037.674656,-00033.977417
      Vertex   +00035.785221,+00037.674656,-00019.022217
      Vertex   +00020.477909,+00037.674656,-00012.681702
      Vertex   +00005.170566,+00037.674656,-00019.022217
      Vertex   +00003.655551,+00037.674656,-00022.679810
   End Polygon
   Begin Polygon Item=Cap Texture=wood21 Flags=1073741824 Link=35
      Origin   +00035.785221,+00037.674656,-00049.636902
      Normal   +00000.000000,-00001.000000,+00000.000000
      TextureU -00000.923880,-00000.000000,+00000.382683
      TextureV -00000.382683,-00000.000000,-00000.923880
      Vertex   +00010.025424,+00037.674656,-00033.977417
      Vertex   +00020.477909,+00037.674656,-00029.647858
      Vertex   +00003.655551,+00037.674656,-00022.679810
      Vertex   -00001.024075,+00037.674656,-00033.977417
   End Polygon
   Begin Polygon Item=Wall Texture=construct1 Flags=1073741824 Link=9
      Origin   +00020.477909,-00062.325344,-00029.647858
      Normal   -00000.382683,-00000.000000,+00000.923880
      TextureU -00000.923880,-00000.000000,-00000.382683
      TextureV +00000.000000,-00001.000000,+00000.000000
      Vertex   +00020.477909,+00035.674656,-00029.647858
      Vertex   +00020.477909,+00037.674656,-00029.647858
      Vertex   +00017.416447,+00037.674656,-00030.915955
      Vertex   +00017.416447,+00035.674656,-00030.915955
   End Polygon
   Begin Polygon Item=Wall Texture=construct1 Flags=1073741824 Link=10
      Origin   +00017.416447,-00062.325344,-00030.915955
      Normal   -00000.923880,-00000.000000,+00000.382683
      TextureU -00000.382683,-00000.000000,-00000.923880
      TextureV +00000.000000,-00001.000000,+00000.000000
      Vertex   +00017.416447,+00035.674656,-00030.915955
      Vertex   +00017.416447,+00037.674656,-00030.915955
      Vertex   +00016.148350,+00037.674656,-00033.977417
      Vertex   +00016.148350,+00035.674656,-00033.977417
   End Polygon
   Begin Polygon Item=Wall Texture=construct1 Flags=1073741824 Link=4
      Origin   +00024.807499,-00062.325344,-00033.977417
      Normal   +00000.923880,+00000.000000,+00000.382683
      TextureU -00000.382683,-00000.000000,+00000.923880
      TextureV +00000.000000,-00001.000000,+00000.000000
      Vertex   +00024.807499,+00035.674656,-00033.977417
      Vertex   +00024.807499,+00037.674656,-00033.977417
      Vertex   +00023.539371,+00037.674656,-00030.915955
      Vertex   +00023.539371,+00035.674656,-00030.915955
   End Polygon
   Begin Polygon Item=Cap Texture=wood21 Flags=1073741824 Link=35
      Origin   +00035.785221,+00037.674656,-00049.636902
      Normal   +00000.000000,-00001.000000,+00000.000000
      TextureU -00000.923880,-00000.000000,+00000.382683
      TextureV -00000.382683,-00000.000000,-00000.923880
      Vertex   +00017.416447,+00037.674656,-00030.915955
      Vertex   +00010.025424,+00037.674656,-00033.977417
      Vertex   +00016.148350,+00037.674656,-00033.977417
   End Polygon
   Begin Polygon Item=Cap Texture=wood21 Flags=1073741824 Link=35
      Origin   +00035.785221,+00037.674656,-00049.636902
      Normal   +00000.000000,-00001.000000,+00000.000000
      TextureU -00000.923880,-00000.000000,+00000.382683
      TextureV -00000.382683,-00000.000000,-00000.923880
      Vertex   +00024.807499,+00037.674656,-00033.977417
      Vertex   +00030.930363,+00037.674656,-00033.977417
      Vertex   +00023.539371,+00037.674656,-00030.915955
   End Polygon
   Begin Polygon Texture=mudw2 Flags=1073741824 Link=51
      Origin   -00039.522091,-00060.325344,-00033.977417
      Normal   -00001.000000,+00000.000000,+00000.000000
      Pan      U=0 V=24
      TextureU -00000.000000,+00002.000000,+00000.000000
      TextureV +00000.000000,+00000.000000,-00002.000000
      Vertex   -00039.522091,-00060.325344,-00025.977417
      Vertex   -00039.522091,-00060.325344,-00001.977417
      Vertex   -00039.522091,+00035.674656,-00001.977417
      Vertex   -00039.522091,+00035.674656,-00025.977417
   End Polygon
   Begin Polygon Texture=cf_m_wd3 Flags=1073741824 Link=52
      Origin   -00119.522095,-00016.325346,-00025.977417
      Normal   +00000.000000,+00000.000000,+00001.000000
      TextureU +00000.000000,+00001.000000,+00000.000000
      TextureV -00001.000000,+00000.000000,+00000.000000
      Vertex   -00119.522095,-00016.325346,-00025.977417
      Vertex   -00039.522091,-00016.325346,-00025.977417
      Vertex   -00039.522091,-00008.325346,-00025.977417
      Vertex   -00119.522095,-00008.325346,-00025.977417
   End Polygon
   Begin Polygon Texture=cf_m_wd3 Flags=1073741824 Link=53
      Origin   -00119.522095,-00008.325346,-00025.977417
      Normal   +00000.000000,+00001.000000,+00000.000000
      TextureU +00000.000000,+00000.000000,-00001.000000
      TextureV -00001.000000,+00000.000000,+00000.000000
      Vertex   -00119.522095,-00008.325346,-00025.977417
      Vertex   -00039.522091,-00008.325346,-00025.977417
      Vertex   -00039.522091,-00008.325346,-00033.977417
      Vertex   -00119.522095,-00008.325346,-00033.977417
   End Polygon
   Begin Polygon Texture=cf_m_wd3 Flags=1073741824 Link=54
      Origin   -00119.522095,-00016.325346,-00033.977417
      Normal   +00000.000000,-00001.000000,+00000.000000
      TextureU +00000.000000,+00000.000000,+00001.000000
      TextureV -00001.000000,+00000.000000,+00000.000000
      Vertex   -00039.522091,-00016.325346,-00025.977417
      Vertex   -00119.522095,-00016.325346,-00025.977417
      Vertex   -00119.522095,-00016.325346,-00033.977417
      Vertex   -00039.522091,-00016.325346,-00033.977417
   End Polygon
   Begin Polygon Texture=cf_m_wd3 Flags=1073741824 Link=55
      Origin   -00119.522095,-00016.325346,-00025.977417
      Normal   -00001.000000,+00000.000000,+00000.000000
      TextureU +00000.000000,+00000.000000,-00001.000000
      TextureV +00000.000000,-00001.000000,+00000.000000
      Vertex   -00119.522095,-00016.325346,-00025.977417
      Vertex   -00119.522095,-00008.325346,-00025.977417
      Vertex   -00119.522095,-00008.325346,-00033.977417
      Vertex   -00119.522095,-00016.325346,-00033.977417
   End Polygon
   Begin Polygon Texture=construct1 Flags=1073741824 Link=56
      Origin   -00039.522091,+00035.674656,-00001.977417
      Normal   +00000.000000,+00000.000000,+00001.000000
      Pan      U=308 V=68
      TextureU -00000.000000,+00002.000000,+00000.000000
      TextureV -00002.000000,-00000.000000,+00000.000000
      Vertex   +00088.477905,+00033.674656,-00001.977417
      Vertex   +00088.477905,+00035.674656,-00001.977417
      Vertex   -00037.522091,+00035.674656,-00001.977417
      Vertex   -00037.522091,+00033.674656,-00001.977417
   End Polygon
   Begin Polygon Texture=mudw2 Flags=1073741824 Link=57
      Origin   -00037.522091,-00058.325344,-00031.977417
      Normal   +00000.000000,+00000.000000,+00001.000000
      Pan      U=0 V=208
      TextureU +00000.000000,-00002.000000,+00000.000000
      TextureV -00002.000000,-00000.000000,+00000.000000
      Vertex   +00088.477905,-00058.325344,-00031.977417
      Vertex   +00088.477905,+00033.674656,-00031.977417
      Vertex   -00037.522091,+00033.674656,-00031.977417
      Vertex   -00037.522091,-00058.325344,-00031.977417
   End Polygon
   Begin Polygon Texture=mudw2 Flags=1073741824 Link=58
      Origin   -00037.522091,+00033.674656,-00031.977417
      Normal   +00000.000000,-00001.000000,+00000.000000
      Pan      U=0 V=24
      TextureU +00002.000000,+00000.000000,+00000.000000
      TextureV +00000.000000,+00000.000000,-00002.000000
      Vertex   +00088.477905,+00033.674656,-00031.977417
      Vertex   +00088.477905,+00033.674656,-00001.977417
      Vertex   -00037.522091,+00033.674656,-00001.977417
      Vertex   -00037.522091,+00033.674656,-00031.977417
   End Polygon
   Begin Polygon Texture=mudw2 Flags=1073741824 Link=59
      Origin   +00090.477905,-00058.325344,-00031.977417
      Normal   +00000.000000,+00001.000000,+00000.000000
      Pan      U=0 V=24
      TextureU -00002.000000,-00000.000000,+00000.000000
      TextureV +00000.000000,+00000.000000,-00002.000000
      Vertex   +00088.477905,-00058.325344,-00001.977417
      Vertex   +00088.477905,-00058.325344,-00031.977417
      Vertex   -00037.522091,-00058.325344,-00031.977417
      Vertex   -00037.522091,-00058.325344,-00001.977417
   End Polygon
   Begin Polygon Texture=mudw2 Flags=1073741824 Link=60
      Origin   -00037.522091,-00058.325344,-00031.977417
      Normal   +00001.000000,+00000.000000,+00000.000000
      Pan      U=0 V=24
      TextureU -00000.000000,+00002.000000,+00000.000000
      TextureV +00000.000000,+00000.000000,-00002.000000
      Vertex   -00037.522091,+00033.674656,-00001.977417
      Vertex   -00037.522091,-00058.325344,-00001.977417
      Vertex   -00037.522091,-00058.325344,-00031.977417
      Vertex   -00037.522091,+00033.674656,-00031.977417
   End Polygon
   Begin Polygon Texture=construct1 Flags=1073741824 Link=56
      Origin   -00039.522091,+00035.674656,-00001.977417
      Normal   +00000.000000,+00000.000000,+00001.000000
      Pan      U=308 V=68
      TextureU -00000.000000,+00002.000000,+00000.000000
      TextureV -00002.000000,-00000.000000,+00000.000000
      Vertex   +00088.477905,-00060.325344,-00001.977417
      Vertex   +00088.477905,-00058.325344,-00001.977417
      Vertex   -00037.522091,-00058.325344,-00001.977417
      Vertex   -00037.522091,-00060.325344,-00001.977417
   End Polygon
   Begin Polygon Texture=construct1 Flags=1073741824 Link=56
      Origin   -00039.522091,+00035.674656,-00001.977417
      Normal   +00000.000000,+00000.000000,+00001.000000
      Pan      U=308 V=68
      TextureU -00000.000000,+00002.000000,+00000.000000
      TextureV -00002.000000,-00000.000000,+00000.000000
      Vertex   -00039.522091,-00060.325344,-00001.977417
      Vertex   -00037.522091,-00060.325344,-00001.977417
      Vertex   -00037.522091,+00035.674656,-00001.977417
      Vertex   -00039.522091,+00035.674656,-00001.977417
   End Polygon
   Begin Polygon Texture=mudw2 Flags=1073741824 Link=51
      Origin   -00039.522091,-00060.325344,-00033.977417
      Normal   -00001.000000,+00000.000000,+00000.000000
      Pan      U=0 V=24
      TextureU -00000.000000,+00002.000000,+00000.000000
      TextureV +00000.000000,+00000.000000,-00002.000000
      Vertex   -00039.522091,-00008.325346,-00025.977417
      Vertex   -00039.522091,+00035.674656,-00025.977417
      Vertex   -00039.522091,+00035.674656,-00033.977417
      Vertex   -00039.522091,-00008.325346,-00033.977417
   End Polygon
   Begin Polygon Texture=mudw2 Flags=1073741824 Link=51
      Origin   -00039.522091,-00060.325344,-00033.977417
      Normal   -00001.000000,+00000.000000,+00000.000000
      Pan      U=0 V=24
      TextureU -00000.000000,+00002.000000,+00000.000000
      TextureV +00000.000000,+00000.000000,-00002.000000
      Vertex   -00039.522091,-00060.325344,-00025.977417
      Vertex   -00039.522091,-00016.325346,-00025.977417
      Vertex   -00039.522091,-00016.325346,-00033.977417
      Vertex   -00039.522091,-00060.325344,-00033.977417
   End Polygon
   Begin Polygon Texture=mudw2 Flags=1073741824 Link=40
      Origin   -00039.522091,+00035.674656,-00033.977417
      Normal   +00000.000000,+00001.000000,+00000.000000
      Pan      U=0 V=24
      TextureU +00002.000000,+00000.000000,+00000.000000
      TextureV +00000.000000,+00000.000000,-00002.000000
      Vertex   -00039.522091,+00035.674656,-00004.795044
      Vertex   -00039.522091,+00035.674656,-00001.977417
      Vertex   +00011.552676,+00035.674656,-00001.977417
      Vertex   +00023.539371,+00035.674656,-00030.915955
   End Polygon
   Begin Polygon Texture=mudw2 Flags=1073741824 Link=40
      Origin   -00039.522091,+00035.674656,-00033.977417
      Normal   +00000.000000,+00001.000000,+00000.000000
      Pan      U=0 V=24
      TextureU +00002.000000,+00000.000000,+00000.000000
      TextureV +00000.000000,+00000.000000,-00002.000000
      Vertex   -00039.522091,+00035.674656,-00004.795044
      Vertex   +00020.477909,+00035.674656,-00029.647858
      Vertex   +00010.025424,+00035.674656,-00033.977417
      Vertex   -00039.522091,+00035.674656,-00033.977417
   End Polygon
   Begin Polygon Texture=mudw2 Flags=1073741824 Link=40
      Origin   -00039.522091,+00035.674656,-00033.977417
      Normal   +00000.000000,+00001.000000,+00000.000000
      Pan      U=0 V=24
      TextureU +00002.000000,+00000.000000,+00000.000000
      TextureV +00000.000000,+00000.000000,-00002.000000
      Vertex   +00016.148350,+00035.674656,-00033.977417
      Vertex   +00010.025424,+00035.674656,-00033.977417
      Vertex   +00017.416447,+00035.674656,-00030.915955
   End Polygon
   Begin Polygon Texture=cf_m_wd3 Flags=1073741824 Link=68
      Origin   -00119.522095,-00008.325346,-00033.977417
      Normal   +00000.000000,+00000.000000,-00001.000000
      TextureU +00000.000000,-00001.000000,+00000.000000
      TextureV -00001.000000,+00000.000000,+00000.000000
      Vertex   -00119.522095,-00008.325346,-00033.977417
      Vertex   -00039.522091,-00008.325346,-00033.977417
      Vertex   -00039.522091,-00016.325346,-00033.977417
      Vertex   -00119.522095,-00016.325346,-00033.977417
   End Polygon
   Begin Polygon Texture=mudw Flags=1073741824 Link=28
      Origin   -00039.522091,-00060.325344,-00033.977417
      Normal   +00000.000000,+00000.000000,-00001.000000
      TextureU +00002.000000,+00000.000000,+00000.000000
      TextureV +00000.000000,-00002.000000,+00000.000000
      Vertex   -00039.522091,-00060.325344,-00033.977417
      Vertex   -00039.522091,+00035.674656,-00033.977417
      Vertex   +00016.148350,+00035.674656,-00033.977417
      Vertex   +00016.148350,-00060.325344,-00033.977417
   End Polygon
   Begin Polygon Texture=mudw2 Flags=1073741824 Link=1
      Origin   +00088.477905,-00060.325344,-00033.977417
      Normal   +00000.000000,-00001.000000,+00000.000000
      Pan      U=0 V=24
      TextureU -00002.000000,-00000.000000,+00000.000000
      TextureV +00000.000000,+00000.000000,-00002.000000
      Vertex   +00011.552676,-00060.325344,-00001.977417
      Vertex   -00039.522091,-00060.325344,-00001.977417
      Vertex   -00039.522091,-00060.325344,-00004.795044
      Vertex   +00023.539371,-00060.325344,-00030.915955
   End Polygon
   Begin Polygon Texture=mudw2 Flags=1073741824 Link=1
      Origin   +00088.477905,-00060.325344,-00033.977417
      Normal   +00000.000000,-00001.000000,+00000.000000
      Pan      U=0 V=24
      TextureU -00002.000000,-00000.000000,+00000.000000
      TextureV +00000.000000,+00000.000000,-00002.000000
      Vertex   +00020.477909,-00060.325344,-00029.647858
      Vertex   -00039.522091,-00060.325344,-00004.795044
      Vertex   -00039.522091,-00060.325344,-00033.977417
      Vertex   +00010.025424,-00060.325344,-00033.977417
   End Polygon
   Begin Polygon Texture=mudw2 Flags=1073741824 Link=1
      Origin   +00088.477905,-00060.325344,-00033.977417
      Normal   +00000.000000,-00001.000000,+00000.000000
      Pan      U=0 V=24
      TextureU -00002.000000,-00000.000000,+00000.000000
      TextureV +00000.000000,+00000.000000,-00002.000000
      Vertex   +00017.416447,-00060.325344,-00030.915955
      Vertex   +00010.025424,-00060.325344,-00033.977417
      Vertex   +00016.148350,-00060.325344,-00033.977417
   End Polygon
