Begin PolyList
   Begin Polygon Item=OUTSIDE Flags=-1073741824 Link=0
      Origin   -00090.000000,+00040.000000,-00064.000000
      Normal   +00000.000000,+00000.000000,-00001.000000
      TextureU +00000.000000,-00001.000000,+00000.000000
      TextureV -00001.000000,+00000.000000,+00000.000000
      Vertex   -00005.000000,-00013.000000,-00064.000000
      Vertex   -00005.000000,-00029.000000,-00064.000000
      Vertex   -00013.000000,-00029.000000,-00064.000000
      Vertex   -00013.000000,-00013.000000,-00064.000000
   End Polygon
   Begin Polygon Item=OUTSIDE Flags=-1073741824 Link=0
      Origin   -00090.000000,+00040.000000,-00064.000000
      Normal   +00000.000000,+00000.000000,-00001.000000
      TextureU +00000.000000,-00001.000000,+00000.000000
      TextureV -00001.000000,+00000.000000,+00000.000000
      Vertex   +00063.000000,-00013.000000,-00064.000000
      Vertex   +00063.000000,-00029.000000,-00064.000000
      Vertex   +00055.000000,-00029.000000,-00064.000000
      Vertex   +00055.000000,-00013.000000,-00064.000000
   End Polygon
   Begin Polygon Item=OUTSIDE Texture=pa_chteutble_a Flags=1082130464 Link=2
      Origin   -00409.000000,+01239.000000,-00012.000000
      Normal   +00000.000000,+00000.000000,+00001.000000
      TextureU +00000.000000,-00001.000000,+00000.000000
      TextureV +00001.000000,+00000.000000,+00000.000000
      Vertex   +00075.000000,-00003.000122,-00012.000000
      Vertex   -00025.000000,-00003.000122,-00012.000000
      Vertex   -00025.000000,-00039.000122,-00012.000000
      Vertex   +00075.000000,-00039.000122,-00012.000000
   End Polygon
   Begin Polygon Item=2DLoftEND Texture=pa_chteutble_a Flags=1082130464 Link=3
      Origin   +00074.200012,-00033.000000,-00432.000000
      Normal   -00000.000000,+00001.000000,+00000.000000
      TextureU -00001.000000,-00000.000000,+00000.000000
      TextureV +00000.000000,+00000.000000,-00001.000000
      Vertex   +00008.600006,-00033.000000,+00032.000000
      Vertex   +00041.399994,-00033.000000,+00032.000000
      Vertex   +00074.200012,-00033.000000,+00019.428558
      Vertex   +00057.799988,-00033.000000,-00012.000000
      Vertex   -00007.799988,-00033.000000,-00012.000000
      Vertex   -00024.199982,-00033.000000,+00019.428558
   End Polygon
   Begin Polygon Item=2DLoftEND Texture=WindOpacStrek_A Flags=1216872484 Link=4
      Origin   +00069.000122,-00031.999878,-00432.000000
      Normal   -00000.000000,+00001.000000,+00000.000000
      TextureU -00000.250000,-00000.000000,+00000.000000
      TextureV +00000.000000,+00000.000000,-00000.250000
      Vertex   +00010.333466,-00031.999878,+00028.000000
      Vertex   +00039.666809,-00031.999878,+00028.000000
      Vertex   +00069.000122,-00031.999878,+00016.571442
      Vertex   +00054.333466,-00031.999878,-00012.000000
      Vertex   -00004.333191,-00031.999878,-00012.000000
      Vertex   -00018.999878,-00031.999878,+00016.571442
   End Polygon
   Begin Polygon Item=2DLoftSIDE Texture=pa_chteutble_a Flags=1082130464 Link=5
      Origin   +01220.333740,+01238.999756,-00432.000000
      Normal   +00000.363030,-00000.000000,+00000.931777
      TextureU -00000.000000,+00001.000000,+00000.000000
      TextureV +00000.931777,+00000.000000,-00000.363030
      Vertex   +00039.666809,-00033.000000,+00028.000000
      Vertex   +00069.000122,-00033.000000,+00016.571442
      Vertex   +00069.000122,-00031.999878,+00016.571442
      Vertex   +00039.666809,-00031.999878,+00028.000000
   End Polygon
   Begin Polygon Item=2DLoftSIDE Texture=pa_chteutble_a Flags=1082130464 Link=6
      Origin   -00161.363586,+01239.000000,-00432.000000
      Normal   +00000.889632,+00000.000000,-00000.456678
      TextureU -00000.000000,+00001.000000,+00000.000000
      TextureV -00000.456678,-00000.000000,-00000.889632
      Vertex   +00069.000122,-00033.000000,+00016.571442
      Vertex   +00054.333466,-00033.000000,-00012.000000
      Vertex   +00054.333466,-00031.999878,-00012.000000
      Vertex   +00069.000122,-00031.999878,+00016.571442
   End Polygon
   Begin Polygon Item=2DLoftSIDE Texture=pa_chteutble_a Flags=1082130464 Link=7
      Origin   -01170.333130,+01239.000000,-00432.000000
      Normal   -00000.363030,+00000.000000,+00000.931777
      TextureU +00000.000000,-00001.000000,+00000.000000
      TextureV -00000.931777,-00000.000000,-00000.363030
      Vertex   -00018.999878,-00033.000000,+00016.571442
      Vertex   +00010.333466,-00033.000000,+00028.000000
      Vertex   +00010.333466,-00031.999878,+00028.000000
      Vertex   -00018.999878,-00031.999878,+00016.571442
   End Polygon
   Begin Polygon Item=2DLoftSIDE Texture=pa_chteutble_a Flags=1082130464 Link=8
      Origin   +00211.363647,+01239.000000,-00432.000000
      Normal   -00000.889632,-00000.000000,-00000.456678
      TextureU +00000.000000,-00001.000000,+00000.000000
      TextureV +00000.456678,+00000.000000,-00000.889632
      Vertex   -00004.333191,-00033.000000,-00012.000000
      Vertex   -00018.999878,-00033.000000,+00016.571442
      Vertex   -00018.999878,-00031.999878,+00016.571442
      Vertex   -00004.333191,-00031.999878,-00012.000000
   End Polygon
   Begin Polygon Item=2DLoftSIDE Texture=pa_chteutble_a Flags=1082130464 Link=9
      Origin   -00409.000000,+01239.000000,+00028.000000
      Normal   +00000.000000,+00000.000000,+00001.000000
      TextureU +00000.000000,-00001.000000,+00000.000000
      TextureV +00001.000000,+00000.000000,+00000.000000
      Vertex   +00010.333466,-00033.000000,+00028.000000
      Vertex   +00039.666809,-00033.000000,+00028.000000
      Vertex   +00039.666809,-00031.999878,+00028.000000
      Vertex   +00010.333466,-00031.999878,+00028.000000
   End Polygon
   Begin Polygon Item=2DLoftSIDE Texture=pa_chteutble_a Flags=1082130464 Link=10
      Origin   +01252.017822,+01239.000000,-00432.000000
      Normal   +00000.357889,+00000.000000,+00000.933764
      TextureU -00000.000000,+00001.000000,+00000.000000
      TextureV +00000.933764,+00000.000000,-00000.357889
      Vertex   +00041.399994,-00037.000000,+00032.000000
      Vertex   +00074.200012,-00037.000000,+00019.428558
      Vertex   +00074.200012,-00033.000000,+00019.428558
      Vertex   +00041.399994,-00033.000000,+00032.000000
   End Polygon
   Begin Polygon Item=2DLoftSIDE Texture=pa_chteutble_a Flags=1082130464 Link=11
      Origin   -00161.363586,+01239.000000,-00432.000000
      Normal   +00000.886556,+00000.000000,-00000.462621
      TextureU -00000.000000,+00001.000000,+00000.000000
      TextureV -00000.462621,-00000.000000,-00000.886556
      Vertex   +00074.200012,-00037.000000,+00019.428558
      Vertex   +00057.799988,-00037.000000,-00012.000000
      Vertex   +00057.799988,-00033.000000,-00012.000000
      Vertex   +00074.200012,-00033.000000,+00019.428558
   End Polygon
   Begin Polygon Item=2DLoftSIDE Texture=pa_chteutble_a Flags=1082130464 Link=12
      Origin   -01202.017090,+01239.000000,-00431.999725
      Normal   -00000.357889,-00000.000000,+00000.933764
      TextureU +00000.000000,-00001.000000,+00000.000000
      TextureV -00000.933764,-00000.000000,-00000.357889
      Vertex   -00024.199982,-00037.000000,+00019.428558
      Vertex   +00008.600006,-00037.000000,+00032.000000
      Vertex   +00008.600006,-00033.000000,+00032.000000
      Vertex   -00024.199982,-00033.000000,+00019.428558
   End Polygon
   Begin Polygon Item=2DLoftSIDE Texture=pa_chteutble_a Flags=1082130464 Link=13
      Origin   +00211.363647,+01239.000000,-00432.000000
      Normal   -00000.886556,-00000.000000,-00000.462621
      TextureU +00000.000000,-00001.000000,+00000.000000
      TextureV +00000.462621,+00000.000000,-00000.886556
      Vertex   -00007.799988,-00037.000000,-00012.000000
      Vertex   -00024.199982,-00037.000000,+00019.428558
      Vertex   -00024.199982,-00033.000000,+00019.428558
      Vertex   -00007.799988,-00033.000000,-00012.000000
   End Polygon
   Begin Polygon Item=2DLoftSIDE Texture=pa_chteutble_a Flags=1082130464 Link=14
      Origin   -00409.000000,+01239.000000,+00032.000061
      Normal   +00000.000000,+00000.000000,+00001.000000
      TextureU +00000.000000,-00001.000000,+00000.000000
      TextureV +00001.000000,+00000.000000,+00000.000000
      Vertex   +00008.600006,-00037.000000,+00032.000000
      Vertex   +00041.399994,-00037.000000,+00032.000000
      Vertex   +00041.399994,-00033.000000,+00032.000000
      Vertex   +00008.600006,-00033.000000,+00032.000000
   End Polygon
   Begin Polygon Item=OUTSIDE Texture=pa_chteutble_a Flags=1082130464 Link=15
      Origin   -00025.000000,-00003.000122,-00432.000000
      Normal   -00000.000000,+00001.000000,+00000.000000
      TextureU -00001.000000,-00000.000000,+00000.000000
      TextureV +00000.000000,+00000.000000,-00001.000000
      Vertex   -00025.000000,-00003.000122,-00012.000000
      Vertex   +00075.000000,-00003.000122,-00012.000000
      Vertex   +00075.000000,-00003.000122,-00016.000000
      Vertex   -00025.000000,-00003.000122,-00016.000000
   End Polygon
   Begin Polygon Item=OUTSIDE Texture=pa_chteutble_a Flags=1082130464 Link=16
      Origin   -00025.000000,-00039.000122,-00432.000000
      Normal   -00001.000000,-00000.000000,+00000.000000
      TextureU +00000.000000,-00001.000000,+00000.000000
      TextureV +00000.000000,+00000.000000,-00001.000000
      Vertex   -00025.000000,-00003.000122,-00012.000000
      Vertex   -00025.000000,-00003.000122,-00016.000000
      Vertex   -00025.000000,-00039.000122,-00016.000000
      Vertex   -00025.000000,-00039.000122,-00012.000000
   End Polygon
   Begin Polygon Item=OUTSIDE Texture=pa_chteutble_a Flags=1082130464 Link=17
      Origin   +00075.000000,-00003.000122,-00432.000000
      Normal   +00001.000000,+00000.000000,+00000.000000
      TextureU -00000.000000,+00001.000000,+00000.000000
      TextureV +00000.000000,+00000.000000,-00001.000000
      Vertex   +00075.000000,-00003.000122,-00016.000000
      Vertex   +00075.000000,-00003.000122,-00012.000000
      Vertex   +00075.000000,-00039.000122,-00012.000000
      Vertex   +00075.000000,-00039.000122,-00016.000000
   End Polygon
   Begin Polygon Item=OUTSIDE Texture=pa_woodfloor_a Flags=1082130464 Link=18
      Origin   +00063.000000,-00013.000000,-00432.000000
      Normal   +00001.000000,+00000.000000,+00000.000000
      TextureU -00000.000000,+00001.000000,+00000.000000
      TextureV +00000.000000,+00000.000000,-00001.000000
      Vertex   +00063.000000,-00013.000000,-00056.000000
      Vertex   +00063.000000,-00029.000000,-00056.000000
      Vertex   +00063.000000,-00029.000000,-00064.000000
      Vertex   +00063.000000,-00013.000000,-00064.000000
   End Polygon
   Begin Polygon Item=OUTSIDE Texture=pa_woodfloor_a Flags=1082130464 Link=19
      Origin   +00055.000000,-00029.000000,-00432.000000
      Normal   -00001.000000,-00000.000000,+00000.000000
      TextureU +00000.000000,-00001.000000,+00000.000000
      TextureV +00000.000000,+00000.000000,-00001.000000
      Vertex   +00055.000000,-00029.000000,-00056.000000
      Vertex   +00055.000000,-00013.000000,-00056.000000
      Vertex   +00055.000000,-00013.000000,-00064.000000
      Vertex   +00055.000000,-00029.000000,-00064.000000
   End Polygon
   Begin Polygon Item=OUTSIDE Texture=pa_woodfloor_a Flags=1082130464 Link=20
      Origin   -00005.000000,-00013.000000,-00432.000000
      Normal   +00001.000000,+00000.000000,+00000.000000
      TextureU -00000.000000,+00001.000000,+00000.000000
      TextureV +00000.000000,+00000.000000,-00001.000000
      Vertex   -00005.000000,-00029.000000,-00064.000000
      Vertex   -00005.000000,-00013.000000,-00064.000000
      Vertex   -00005.000000,-00013.000000,-00056.000000
      Vertex   -00005.000000,-00029.000000,-00056.000000
   End Polygon
   Begin Polygon Item=OUTSIDE Texture=pa_woodfloor_a Flags=1082130464 Link=21
      Origin   -00013.000000,-00029.000000,-00432.000000
      Normal   -00001.000000,-00000.000000,+00000.000000
      TextureU +00000.000000,-00001.000000,+00000.000000
      TextureV +00000.000000,+00000.000000,-00001.000000
      Vertex   -00013.000000,-00013.000000,-00064.000000
      Vertex   -00013.000000,-00029.000000,-00064.000000
      Vertex   -00013.000000,-00029.000000,-00056.000000
      Vertex   -00013.000000,-00013.000000,-00056.000000
   End Polygon
   Begin Polygon Item=OUTSIDE Texture=pa_woodfloor_a Flags=1082130464 Link=22
      Origin   -00005.000000,-00029.000000,-00432.000000
      Normal   +00000.000000,-00001.000000,+00000.000000
      TextureU +00001.000000,+00000.000000,+00000.000000
      TextureV +00000.000000,+00000.000000,-00001.000000
      Vertex   -00013.000000,-00029.000000,-00064.000000
      Vertex   -00005.000000,-00029.000000,-00064.000000
      Vertex   -00005.000000,-00029.000000,-00056.000000
      Vertex   -00013.000000,-00029.000000,-00056.000000
   End Polygon
   Begin Polygon Item=OUTSIDE Texture=pa_woodfloor_a Flags=1082130464 Link=23
      Origin   -00013.000000,-00013.000000,-00432.000000
      Normal   -00000.000000,+00001.000000,+00000.000000
      TextureU -00001.000000,-00000.000000,+00000.000000
      TextureV +00000.000000,+00000.000000,-00001.000000
      Vertex   -00005.000000,-00013.000000,-00064.000000
      Vertex   -00013.000000,-00013.000000,-00064.000000
      Vertex   -00013.000000,-00013.000000,-00056.000000
      Vertex   -00005.000000,-00013.000000,-00056.000000
   End Polygon
   Begin Polygon Item=OUTSIDE Texture=pa_woodfloor_a Flags=1082130464 Link=24
      Origin   +00063.000000,-00029.000000,-00432.000000
      Normal   +00000.000000,-00001.000000,+00000.000000
      TextureU +00001.000000,+00000.000000,+00000.000000
      TextureV +00000.000000,+00000.000000,-00001.000000
      Vertex   +00063.000000,-00029.000000,-00056.000000
      Vertex   +00055.000000,-00029.000000,-00056.000000
      Vertex   +00055.000000,-00029.000000,-00064.000000
      Vertex   +00063.000000,-00029.000000,-00064.000000
   End Polygon
   Begin Polygon Item=OUTSIDE Texture=pa_woodfloor_a Flags=1082130464 Link=25
      Origin   +00055.000000,-00013.000000,-00432.000000
      Normal   -00000.000000,+00001.000000,+00000.000000
      TextureU -00001.000000,-00000.000000,+00000.000000
      TextureV +00000.000000,+00000.000000,-00001.000000
      Vertex   +00055.000000,-00013.000000,-00056.000000
      Vertex   +00063.000000,-00013.000000,-00056.000000
      Vertex   +00063.000000,-00013.000000,-00064.000000
      Vertex   +00055.000000,-00013.000000,-00064.000000
   End Polygon
   Begin Polygon Item=OUTSIDE Texture=pa_chteutble_a Flags=1082130464 Link=26
      Origin   -00409.000000,+01239.000000,-00016.000000
      Normal   +00000.000000,+00000.000000,+00001.000000
      TextureU +00000.000000,-00001.000000,+00000.000000
      TextureV +00001.000000,+00000.000000,+00000.000000
      Vertex   +00073.000092,-00037.000000,-00016.000000
      Vertex   +00073.000092,-00005.000000,-00016.000000
      Vertex   -00022.999908,-00005.000000,-00016.000000
      Vertex   -00022.999908,-00037.000000,-00016.000000
   End Polygon
   Begin Polygon Item=OUTSIDE Texture=pa_chteutble_a Flags=1082130464 Link=27
      Origin   -00409.000000,+01239.000000,-00056.000000
      Normal   +00000.000000,+00000.000000,-00001.000000
      TextureU +00000.000000,-00001.000000,+00000.000000
      TextureV +00001.000000,+00000.000000,+00000.000000
      Vertex   +00065.000092,-00005.000000,-00056.000000
      Vertex   +00065.000092,-00037.000000,-00056.000000
      Vertex   -00014.999908,-00037.000000,-00056.000000
      Vertex   -00014.999908,-00005.000000,-00056.000000
   End Polygon
   Begin Polygon Item=OUTSIDE Texture=pa_chteutble_a Flags=1082130464 Link=28
      Origin   -00022.999908,-00005.000000,-00432.000000
      Normal   -00000.000000,+00001.000000,+00000.000000
      TextureU -00001.000000,-00000.000000,+00000.000000
      TextureV +00000.000000,+00000.000000,-00001.000000
      Vertex   +00073.000092,-00005.000000,-00016.000000
      Vertex   +00065.000092,-00005.000000,-00056.000000
      Vertex   -00014.999908,-00005.000000,-00056.000000
      Vertex   -00022.999908,-00005.000000,-00016.000000
   End Polygon
   Begin Polygon Item=OUTSIDE Texture=pa_chteutble_a Flags=1082130464 Link=29
      Origin   -00010.199951,+01239.000000,-00432.000244
      Normal   +00000.980581,+00000.000000,-00000.196116
      TextureU -00000.000000,+00001.000000,+00000.000000
      TextureV -00000.196116,-00000.000000,-00000.980582
      Vertex   +00065.000092,-00005.000000,-00056.000000
      Vertex   +00073.000092,-00005.000000,-00016.000000
      Vertex   +00073.000092,-00037.000000,-00016.000000
      Vertex   +00065.000092,-00037.000000,-00056.000000
   End Polygon
   Begin Polygon Item=OUTSIDE Texture=pa_chteutble_a Flags=1082130464 Link=30
      Origin   -00409.000000,+01239.000000,-00016.000000
      Normal   +00000.000000,+00000.000000,-00001.000000
      TextureU +00000.000000,-00001.000000,+00000.000000
      TextureV +00001.000000,+00000.000000,+00000.000000
      Vertex   +00075.000000,-00003.000122,-00016.000000
      Vertex   +00075.000000,-00005.000000,-00016.000000
      Vertex   -00025.000000,-00005.000000,-00016.000000
      Vertex   -00025.000000,-00003.000122,-00016.000000
   End Polygon
   Begin Polygon Item=OUTSIDE Texture=pa_chteutble_a Flags=1082130464 Link=30
      Origin   -00409.000000,+01239.000000,-00016.000000
      Normal   +00000.000000,+00000.000000,-00001.000000
      TextureU +00000.000000,-00001.000000,+00000.000000
      TextureV +00001.000000,+00000.000000,+00000.000000
      Vertex   +00073.000092,-00005.000000,-00016.000000
      Vertex   +00075.000000,-00005.000000,-00016.000000
      Vertex   +00075.000000,-00037.000122,-00016.000000
      Vertex   +00073.000092,-00037.000000,-00016.000000
   End Polygon
   Begin Polygon Item=OUTSIDE Texture=pa_chteutble_a Flags=1082130464 Link=32
      Origin   +00060.200043,+01239.000000,-00431.999695
      Normal   -00000.980581,+00000.000000,-00000.196116
      TextureU +00000.000000,-00001.000000,+00000.000000
      TextureV +00000.196116,+00000.000000,-00000.980582
      Vertex   -00014.999908,-00037.000000,-00056.000000
      Vertex   -00022.999908,-00037.000000,-00016.000000
      Vertex   -00022.999908,-00005.000000,-00016.000000
      Vertex   -00014.999908,-00005.000000,-00056.000000
   End Polygon
   Begin Polygon Item=OUTSIDE Texture=pa_chteutble_a Flags=1082130464 Link=30
      Origin   -00409.000000,+01239.000000,-00016.000000
      Normal   +00000.000000,+00000.000000,-00001.000000
      TextureU +00000.000000,-00001.000000,+00000.000000
      TextureV +00001.000000,+00000.000000,+00000.000000
      Vertex   -00022.999908,-00005.000000,-00016.000000
      Vertex   -00022.999908,-00037.000000,-00016.000000
      Vertex   -00025.000000,-00037.000122,-00016.000000
      Vertex   -00025.000000,-00005.000000,-00016.000000
   End Polygon
   Begin Polygon Item=OUTSIDE Texture=pa_chteutble_a Flags=1082130464 Link=30
      Origin   -00409.000000,+01239.000000,-00016.000000
      Normal   +00000.000000,+00000.000000,-00001.000000
      TextureU +00000.000000,-00001.000000,+00000.000000
      TextureV +00001.000000,+00000.000000,+00000.000000
      Vertex   +00075.000000,-00037.000122,-00016.000000
      Vertex   +00075.000000,-00039.000122,-00016.000000
      Vertex   -00025.000000,-00039.000122,-00016.000000
      Vertex   -00025.000000,-00037.000122,-00016.000000
   End Polygon
   Begin Polygon Item=OUTSIDE Texture=pa_chteutble_a Flags=1082130464 Link=35
      Origin   +00075.000000,-00039.000122,-00432.000000
      Normal   +00000.000000,-00001.000000,+00000.000000
      TextureU +00001.000000,+00000.000000,+00000.000000
      TextureV +00000.000000,+00000.000000,-00001.000000
      Vertex   +00075.000000,-00039.000122,-00016.000000
      Vertex   +00075.000000,-00039.000122,-00012.000000
      Vertex   -00025.000000,-00039.000122,-00012.000000
      Vertex   -00025.000000,-00039.000122,-00016.000000
   End Polygon
   Begin Polygon Item=OUTSIDE Texture=pa_chteutble_a Flags=1082130464 Link=36
      Origin   +00073.000092,-00037.000000,-00432.000000
      Normal   +00000.000000,-00001.000000,+00000.000000
      TextureU +00001.000000,+00000.000000,+00000.000000
      TextureV +00000.000000,+00000.000000,-00001.000000
      Vertex   +00065.000092,-00037.000000,-00056.000000
      Vertex   +00073.000092,-00037.000000,-00016.000000
      Vertex   -00022.999908,-00037.000000,-00016.000000
      Vertex   -00014.999908,-00037.000000,-00056.000000
   End Polygon
   Begin Polygon Item=2DLoftTOP Texture=pa_chteutble_a Flags=1082130464 Link=37
      Origin   +00041.399994,-00037.000000,-00432.000000
      Normal   +00000.000000,-00001.000000,+00000.000000
      TextureU +00001.000000,+00000.000000,+00000.000000
      TextureV +00000.000000,+00000.000000,-00001.000000
      Vertex   -00007.799988,-00037.000000,-00012.000000
      Vertex   +00057.799988,-00037.000000,-00012.000000
      Vertex   +00074.200012,-00037.000000,+00019.428558
      Vertex   +00041.399994,-00037.000000,+00032.000000
      Vertex   +00008.600006,-00037.000000,+00032.000000
      Vertex   -00024.199982,-00037.000000,+00019.428558
   End Polygon
End PolyList
