Begin PolyList
   Begin Polygon Item=OUTSIDE Flags=-1073741824 Link=0
      Origin   -00075.000000,+00075.000000,-00040.000000
      Normal   +00000.000000,+00000.000000,-00001.000000
      TextureU +00000.000000,-00001.000000,+00000.000000
      TextureV -00001.000000,+00000.000000,+00000.000000
      Vertex   +00027.144135,-00015.276794,-00040.000000
      Vertex   +00023.372940,-00022.332214,-00040.000000
      Vertex   -00033.070007,+00007.837158,-00040.000000
      Vertex   -00029.298798,+00014.892578,-00040.000000
   End Polygon
   Begin Polygon Item=OUTSIDE Flags=-1073741824 Link=0
      Origin   -00075.000000,+00075.000000,-00040.000000
      Normal   +00000.000000,+00000.000000,-00001.000000
      TextureU +00000.000000,-00001.000000,+00000.000000
      TextureV -00001.000000,+00000.000000,+00000.000000
      Vertex   -00033.070007,+00007.837158,-00040.000000
      Vertex   -00047.180725,+00015.379517,-00040.000000
      Vertex   -00024.553711,+00057.711670,-00040.000000
      Vertex   -00010.442993,+00050.169373,-00040.000000
   End Polygon
   Begin Polygon Item=OUTSIDE Flags=-1073741824 Link=0
      Origin   -00075.000000,+00075.000000,-00040.000000
      Normal   +00000.000000,+00000.000000,-00001.000000
      TextureU +00000.000000,-00001.000000,+00000.000000
      TextureV -00001.000000,+00000.000000,+00000.000000
      Vertex   +00037.483673,-00029.874573,-00040.000000
      Vertex   +00023.372940,-00022.332214,-00040.000000
      Vertex   +00045.999969,+00020.000000,-00040.000000
      Vertex   +00060.110718,+00012.457642,-00040.000000
   End Polygon
   Begin Polygon Item=OUTSIDE Texture=ClenBrwnWdflt_B Flags=1073741824 Link=3
      Origin   -00068.833771,+00008.811218,+00008.000000
      Normal   -00000.881921,+00000.471397,+00000.000000
      TextureU +00000.471397,+00000.881921,+00000.000000
      TextureV +00000.000000,+00000.000000,-00001.000000
      Vertex   -00068.833771,+00008.811218,+00008.000000
      Vertex   -00068.833771,+00008.811218,+00010.666748
      Vertex   -00038.664398,+00065.254150,+00010.666748
      Vertex   -00038.664398,+00065.254150,+00008.000000
   End Polygon
   Begin Polygon Item=OUTSIDE Texture=floor3 Flags=1073741824 Link=4
      Origin   +00215.499542,+00286.198822,-02216.000000
      Normal   -00000.464983,-00000.869922,-00000.164400
      TextureU +00001.763843,-00000.942793,+00000.000000
      TextureV +00000.154995,+00000.289975,-00001.972788
      Vertex   +00037.483688,-00029.874573,-00040.000000
      Vertex   +00040.767899,-00040.701111,+00008.000000
      Vertex   -00058.007355,+00012.095337,+00008.000000
      Vertex   -00047.180786,+00015.379517,-00040.000000
   End Polygon
   Begin Polygon Item=OUTSIDE Texture=ClenBrwnWdflt_B Flags=1073741824 Link=5
      Origin   +00618.719910,+00548.416504,+00008.000000
      Normal   +00000.000000,+00000.000000,-00001.000000
      TextureU -00000.471397,-00000.881921,+00000.000000
      TextureV -00000.881921,+00000.471397,+00000.000000
      Vertex   -00065.062653,+00015.866455,+00008.000000
      Vertex   +00047.823273,-00044.472351,+00008.000000
      Vertex   +00044.052170,-00051.527588,+00008.000000
      Vertex   -00068.833771,+00008.811218,+00008.000000
   End Polygon
   Begin Polygon Item=OUTSIDE Texture=ClenBrwnWdflt_B Flags=1073741824 Link=6
      Origin   -00068.833771,+00008.811218,+00010.666748
      Normal   -00000.000000,-00000.000000,+00001.000000
      TextureU +00000.942793,+00001.763843,+00000.000000
      TextureV -00001.763843,+00000.942793,+00000.000000
      Vertex   -00068.833771,+00008.811218,+00010.666748
      Vertex   +00044.052170,-00051.527588,+00010.666748
      Vertex   +00074.221542,+00004.915344,+00010.666748
      Vertex   -00038.664398,+00065.254150,+00010.666748
   End Polygon
   Begin Polygon Item=OUTSIDE Texture=ClenBrwnWdflt_B Flags=1073741824 Link=7
      Origin   +00044.052170,-00051.527588,+00008.000000
      Normal   -00000.471397,-00000.881921,+00000.000000
      TextureU -00000.881921,+00000.471397,+00000.000000
      TextureV +00000.000000,+00000.000000,-00001.000000
      Vertex   +00044.052170,-00051.527588,+00008.000000
      Vertex   +00044.052170,-00051.527588,+00010.666748
      Vertex   -00068.833771,+00008.811218,+00010.666748
      Vertex   -00068.833771,+00008.811218,+00008.000000
   End Polygon
   Begin Polygon Item=OUTSIDE Texture=ClenBrwnWdflt_B Flags=1073741824 Link=8
      Origin   +00074.221542,+00004.915344,+00008.000000
      Normal   +00000.881921,-00000.471397,+00000.000000
      TextureU -00000.471397,-00000.881921,+00000.000000
      TextureV +00000.000000,+00000.000000,-00001.000000
      Vertex   +00044.052170,-00051.527588,+00010.666748
      Vertex   +00044.052170,-00051.527588,+00008.000000
      Vertex   +00074.221542,+00004.915344,+00008.000000
      Vertex   +00074.221542,+00004.915344,+00010.666748
   End Polygon
   Begin Polygon Item=OUTSIDE Texture=floor3 Flags=1073741824 Link=9
      Origin   -00031.609131,+00061.482910,-02216.000000
      Normal   +00000.471397,+00000.881921,+00000.000000
      TextureU -00001.763843,+00000.942793,+00000.000000
      TextureV +00000.000000,+00000.000000,-00002.000000
      Vertex   +00045.999985,+00020.000000,-00040.000244
      Vertex   +00045.999985,+00020.000000,+00008.000000
      Vertex   +00067.166107,+00008.686462,+00008.000000
      Vertex   +00060.110733,+00012.457642,-00040.000000
   End Polygon
   Begin Polygon Item=OUTSIDE Texture=ClenBrwnWdflt_B Flags=1073741824 Link=5
      Origin   +00618.719910,+00548.416504,+00008.000000
      Normal   +00000.000000,+00000.000000,-00001.000000
      TextureU -00000.471397,-00000.881921,+00000.000000
      TextureV -00000.881921,+00000.471397,+00000.000000
      Vertex   +00040.767899,-00040.701111,+00008.000000
      Vertex   +00067.166107,+00008.686462,+00008.000000
      Vertex   +00074.221542,+00004.915344,+00008.000000
      Vertex   +00047.823273,-00044.472351,+00008.000000
   End Polygon
   Begin Polygon Item=OUTSIDE Texture=floor3 Flags=1073741824 Link=11
      Origin   +00045.999985,+00020.000000,-00040.000244
      Normal   -00000.881921,+00000.471397,+00000.000000
      TextureU +00000.000000,+00000.000000,+00002.000000
      TextureV -00000.942793,-00001.763843,+00000.000000
      Vertex   +00027.144135,-00015.276794,-00040.000244
      Vertex   +00027.144135,-00015.276794,+00008.000000
      Vertex   +00045.999985,+00020.000000,+00008.000000
      Vertex   +00045.999985,+00020.000000,-00040.000244
   End Polygon
   Begin Polygon Item=OUTSIDE Texture=floor3 Flags=1073741824 Link=12
      Origin   -00029.298828,+00014.892578,-00040.000244
      Normal   +00000.881921,-00000.471397,+00000.000000
      TextureU +00000.000000,+00000.000000,+00002.000000
      TextureV +00000.942793,+00001.763843,+00000.000000
      Vertex   -00010.442963,+00050.169373,-00040.000244
      Vertex   -00010.442963,+00050.169373,+00008.000000
      Vertex   -00029.298828,+00014.892578,+00008.000000
      Vertex   -00029.298828,+00014.892578,-00040.000244
   End Polygon
   Begin Polygon Item=OUTSIDE Texture=floor3 Flags=1073741824 Link=13
      Origin   +00027.144135,-00015.276794,-00040.000244
      Normal   +00000.471397,+00000.881921,+00000.000000
      TextureU +00000.000000,+00000.000000,+00002.000000
      TextureV -00001.763843,+00000.942793,+00000.000000
      Vertex   -00029.298828,+00014.892578,-00040.000244
      Vertex   -00029.298828,+00014.892578,+00008.000000
      Vertex   +00027.144135,-00015.276794,+00008.000000
      Vertex   +00027.144135,-00015.276794,-00040.000244
   End Polygon
   Begin Polygon Item=OUTSIDE Texture=floor3 Flags=1073741824 Link=14
      Origin   +00268.893616,-00162.636902,-02216.000000
      Normal   -00000.869922,+00000.464983,-00000.164400
      TextureU -00000.942793,-00001.763843,+00000.000000
      TextureV +00000.289976,-00000.154995,-00001.972787
      Vertex   -00047.180786,+00015.379517,-00040.000000
      Vertex   -00058.007355,+00012.095337,+00008.000000
      Vertex   -00031.609131,+00061.482910,+00008.000000
      Vertex   -00024.553741,+00057.711731,-00040.000000
   End Polygon
   Begin Polygon Item=OUTSIDE Texture=floor3 Flags=1073741824 Link=15
      Origin   -00259.734070,+00183.418335,-02216.000000
      Normal   +00000.869922,-00000.464983,-00000.164400
      TextureU +00000.942793,+00001.763843,+00000.000000
      TextureV -00000.289975,+00000.154995,-00001.972788
      Vertex   +00060.110733,+00012.457642,-00040.000000
      Vertex   +00067.166107,+00008.686462,+00008.000000
      Vertex   +00040.767899,-00040.701111,+00008.000000
      Vertex   +00037.483688,-00029.874573,-00040.000000
   End Polygon
   Begin Polygon Item=OUTSIDE Texture=ClenBrwnWdflt_B Flags=1073741824 Link=5
      Origin   +00618.719910,+00548.416504,+00008.000000
      Normal   +00000.000000,+00000.000000,-00001.000000
      TextureU -00000.471397,-00000.881921,+00000.000000
      TextureV -00000.881921,+00000.471397,+00000.000000
      Vertex   -00058.007355,+00012.095337,+00008.000000
      Vertex   -00065.062653,+00015.866455,+00008.000000
      Vertex   -00038.664398,+00065.254150,+00008.000000
      Vertex   -00031.609131,+00061.482910,+00008.000000
   End Polygon
   Begin Polygon Item=OUTSIDE Texture=DamgGreyWood01 Flags=1073741824 Link=17
      Origin   +00238.000061,+00788.000000,+00008.000000
      Normal   +00000.000000,+00000.000000,-00001.000000
      TextureU +00002.000000,+00000.000000,-00000.000000
      TextureV +00000.000000,+00002.000000,-00000.000000
      Vertex   -00010.442963,+00050.169373,+00008.000000
      Vertex   +00045.999985,+00020.000000,+00008.000000
      Vertex   +00027.144135,-00015.276794,+00008.000000
      Vertex   -00029.298828,+00014.892578,+00008.000000
   End Polygon
   Begin Polygon Item=OUTSIDE Texture=floor3 Flags=1073741824 Link=9
      Origin   -00031.609131,+00061.482910,-02216.000000
      Normal   +00000.471397,+00000.881921,+00000.000000
      TextureU -00001.763843,+00000.942793,+00000.000000
      TextureV +00000.000000,+00000.000000,-00002.000000
      Vertex   -00010.442963,+00050.169373,-00040.000244
      Vertex   -00024.553741,+00057.711731,-00040.000000
      Vertex   -00031.609131,+00061.482910,+00008.000000
      Vertex   -00010.442963,+00050.169373,+00008.000000
   End Polygon
   Begin Polygon Item=OUTSIDE Texture=ClenBrwnWdflt_B Flags=1073741824 Link=19
      Origin   -00038.664398,+00065.254150,+00008.000000
      Normal   +00000.471397,+00000.881921,+00000.000000
      TextureU +00000.881921,-00000.471397,+00000.000000
      TextureV +00000.000000,+00000.000000,-00001.000000
      Vertex   -00038.664398,+00065.254150,+00008.000000
      Vertex   -00038.664398,+00065.254150,+00010.666748
      Vertex   +00074.221542,+00004.915344,+00010.666748
      Vertex   +00074.221542,+00004.915344,+00008.000000
   End Polygon
End PolyList
