Begin PolyList
   Begin Polygon Flags=-1073741824 Link=0
      Origin   -00064.000000,+00063.999996,+00064.000008
      Normal   -00000.000000,-00000.000000,+00001.000000
      TextureU +00001.000000,+00000.000000,-00000.000000
      TextureV +00000.000000,+00001.000000,-00000.000000
      Vertex   +00013.600135,-00017.498838,+00064.000000
      Vertex   +00013.600135,-00012.900084,+00064.000000
      Vertex   -00015.199899,-00012.900086,+00064.000000
      Vertex   -00015.199899,-00017.498842,+00064.000000
   End Polygon
   Begin Polygon Flags=-1073741824 Link=0
      Origin   -00064.000000,+00063.999996,+00064.000008
      Normal   -00000.000000,-00000.000000,+00001.000000
      TextureU +00001.000000,+00000.000000,-00000.000000
      TextureV +00000.000000,+00001.000000,-00000.000000
      Vertex   +00013.600132,+00016.099977,+00064.000000
      Vertex   +00013.600132,+00020.701052,+00064.000000
      Vertex   -00015.199902,+00020.701109,+00064.000000
      Vertex   -00015.199902,+00016.099974,+00064.000000
   End Polygon
   Begin Polygon Flags=-1073741824 Link=0
      Origin   -00064.000000,+00063.999996,+00064.000008
      Normal   -00000.000000,-00000.000000,+00001.000000
      TextureU +00001.000000,+00000.000000,-00000.000000
      TextureV +00000.000000,+00001.000000,-00000.000000
      Vertex   -00015.199899,-00017.600039,+00064.000000
      Vertex   -00015.199899,-00012.800050,+00064.000000
      Vertex   -00019.999954,-00012.800051,+00064.000000
      Vertex   -00019.999954,-00017.600039,+00064.000000
   End Polygon
   Begin Polygon Flags=-1073741824 Link=0
      Origin   -00064.000000,+00063.999996,+00064.000008
      Normal   -00000.000000,-00000.000000,+00001.000000
      TextureU +00001.000000,+00000.000000,-00000.000000
      TextureV +00000.000000,+00001.000000,-00000.000000
      Vertex   -00015.199902,+00016.099058,+00064.000000
      Vertex   -00015.199902,+00020.799925,+00064.000000
      Vertex   -00019.999958,+00020.799925,+00064.000000
      Vertex   -00019.999958,+00016.099058,+00064.000000
   End Polygon
   Begin Polygon Item=Wall Texture=ofdesk1 Flags=1082654720 Link=4
      Origin   -00315.000000,-00801.200073,+00059.402065
      Normal   +00000.000000,+00000.000000,+00001.000000
      TextureU -00000.000000,+00001.000000,+00000.000000
      TextureV +00001.000000,+00000.000000,-00000.000000
      Vertex   +00005.988284,+00025.599915,+00059.400032
      Vertex   +00002.011722,+00025.599915,+00059.400024
      Vertex   +00002.011726,-00022.400085,+00059.400146
      Vertex   +00005.988288,-00022.400085,+00059.400146
   End Polygon
   Begin Polygon Texture=burlwo1 Flags=1082654720 Link=5
      Origin   -00015.199926,+00203.200073,-00031.999998
      Normal   +00001.000000,+00000.000000,-00000.000000
      TextureU +00000.000000,-00001.000000,-00000.000000
      TextureV +00000.000000,+00000.000000,+00001.000000
      Vertex   -00015.199947,+00018.399961,+00059.400024
      Vertex   -00015.199947,+00020.799925,+00059.400024
      Vertex   -00015.199917,+00020.701048,+00063.999985
   End Polygon
   Begin Polygon Texture=dincab4 Flags=1082654720 Link=6
      Origin   +00013.600124,+00016.000063,-00032.000000
      Normal   +00001.000000,+00000.000000,-00000.000000
      Pan      U=0 V=4
      TextureU +00000.000000,-00001.000000,-00000.000000
      TextureV +00000.000000,+00000.000000,+00001.000000
      Vertex   +00013.600132,+00016.099977,+00063.999985
      Vertex   +00013.600101,+00018.399965,+00059.400032
      Vertex   +00013.600132,+00020.701052,+00063.999985
   End Polygon
   Begin Polygon Texture=dincab4 Flags=1082654720 Link=7
      Origin   -00315.000092,+00064.098846,-00031.998928
      Normal   -00000.000000,-00000.894429,-00000.447209
      Pan      U=0 V=4
      TextureU -00001.000000,-00000.000000,+00000.000000
      TextureV +00000.000000,-00000.447214,+00000.894427
      Vertex   -00015.199917,+00016.099974,+00063.999985
      Vertex   -00015.199947,+00018.399961,+00059.400024
      Vertex   +00013.600101,+00018.399965,+00059.400032
      Vertex   +00013.600132,+00016.099977,+00063.999985
   End Polygon
   Begin Polygon Texture=dincab4 Flags=1082654720 Link=8
      Origin   -00315.000153,-00060.901211,-00032.001057
      Normal   -00000.000000,+00000.894425,-00000.447218
      Pan      U=0 V=4
      TextureU +00001.000000,+00000.000000,-00000.000000
      TextureV -00000.000000,+00000.447214,+00000.894427
      Vertex   -00015.199944,-00015.200074,+00059.400146
      Vertex   -00015.199914,-00012.900086,+00063.999985
      Vertex   +00013.600131,-00012.900084,+00063.999985
      Vertex   +00013.600101,-00015.200072,+00059.400146
   End Polygon
   Begin Polygon Texture=dincab4 Flags=1082654720 Link=9
      Origin   -00315.000092,+00030.501011,-00032.000935
      Normal   -00000.000000,-00000.894429,-00000.447209
      Pan      U=0 V=4
      TextureU -00001.000000,-00000.000000,+00000.000000
      TextureV +00000.000000,-00000.447214,+00000.894427
      Vertex   -00015.199914,-00017.498842,+00063.999985
      Vertex   -00015.199944,-00015.200074,+00059.400146
      Vertex   +00013.600101,-00015.200072,+00059.400146
      Vertex   +00013.600131,-00017.498838,+00063.999985
   End Polygon
   Begin Polygon Texture=dincab4 Flags=1082654720 Link=10
      Origin   -00315.000153,-00027.298977,-00031.998928
      Normal   -00000.000000,+00000.894425,-00000.447218
      Pan      U=0 V=4
      TextureU +00001.000000,+00000.000000,-00000.000000
      TextureV -00000.000000,+00000.447214,+00000.894427
      Vertex   -00015.199947,+00018.399961,+00059.400024
      Vertex   -00015.199917,+00020.701048,+00063.999985
      Vertex   +00013.600132,+00020.701052,+00063.999985
      Vertex   +00013.600101,+00018.399965,+00059.400032
   End Polygon
   Begin Polygon Texture=dincab4 Flags=1082654720 Link=6
      Origin   +00013.600124,+00016.000063,-00032.000000
      Normal   +00001.000000,+00000.000000,-00000.000000
      Pan      U=0 V=4
      TextureU +00000.000000,-00001.000000,-00000.000000
      TextureV +00000.000000,+00000.000000,+00001.000000
      Vertex   +00013.600131,-00017.498838,+00063.999985
      Vertex   +00013.600101,-00015.200072,+00059.400146
      Vertex   +00013.600131,-00012.900084,+00063.999985
   End Polygon
   Begin Polygon Texture=burlwo1 Flags=1082654720 Link=12
      Origin   -00019.999968,+00035.200073,-00031.999998
      Normal   -00001.000000,-00000.000000,+00000.000000
      TextureU -00000.000000,+00001.000000,+00000.000000
      TextureV +00000.000000,+00000.000000,+00001.000000
      Vertex   -00019.999996,+00015.999937,+00059.400024
      Vertex   -00019.999966,+00015.999937,+00063.999985
      Vertex   -00019.999966,+00020.799925,+00063.999985
      Vertex   -00019.999996,+00020.799925,+00059.400024
   End Polygon
   Begin Polygon Texture=burlwo1 Flags=1082654720 Link=13
      Origin   -00019.999943,+00016.099058,-00031.998938
      Normal   +00000.000000,-00001.000000,-00000.000000
      TextureU -00001.000000,-00000.000000,+00000.000000
      TextureV +00000.000000,+00000.000000,+00001.000000
      Vertex   -00015.199947,+00015.999938,+00059.400024
      Vertex   -00015.199917,+00016.099974,+00063.999985
      Vertex   -00019.999966,+00015.999937,+00063.999985
      Vertex   -00019.999996,+00015.999937,+00059.400024
   End Polygon
   Begin Polygon Texture=burlwo1 Flags=1082654720 Link=14
      Origin   +00282.399902,-00012.800024,-00032.000023
      Normal   -00000.000000,+00001.000000,+00000.000000
      TextureU +00001.000000,+00000.000000,-00000.000000
      TextureV +00000.000000,+00000.000000,+00001.000000
      Vertex   -00015.199914,-00012.900086,+00063.999985
      Vertex   -00015.199944,-00012.800050,+00059.400146
      Vertex   -00019.999994,-00012.800051,+00059.400146
      Vertex   -00019.999962,-00012.800051,+00063.999985
   End Polygon
   Begin Polygon Texture=burlwo1 Flags=1082654720 Link=15
      Origin   -00020.000216,-00017.600039,-00031.999998
      Normal   +00000.000000,-00001.000000,-00000.000000
      TextureU -00001.000000,-00000.000000,+00000.000000
      TextureV +00000.000000,+00000.000000,+00001.000000
      Vertex   -00015.199944,-00017.600039,+00059.400146
      Vertex   -00015.199914,-00017.498842,+00063.999985
      Vertex   -00019.999962,-00017.600039,+00063.999985
      Vertex   -00019.999992,-00017.600039,+00059.400146
   End Polygon
   Begin Polygon Texture=burlwo1 Flags=1082654720 Link=16
      Origin   +00282.399902,+00020.799952,-00032.000023
      Normal   -00000.000000,+00001.000000,+00000.000000
      TextureU +00001.000000,+00000.000000,-00000.000000
      TextureV +00000.000000,+00000.000000,+00001.000000
      Vertex   -00015.199917,+00020.701048,+00063.999985
      Vertex   -00015.199947,+00020.799925,+00059.400024
      Vertex   -00019.999996,+00020.799925,+00059.400024
      Vertex   -00019.999966,+00020.799925,+00063.999985
   End Polygon
   Begin Polygon Texture=burlwo1 Flags=1082654720 Link=12
      Origin   -00019.999968,+00035.200073,-00031.999998
      Normal   -00001.000000,-00000.000000,+00000.000000
      TextureU -00000.000000,+00001.000000,+00000.000000
      TextureV +00000.000000,+00000.000000,+00001.000000
      Vertex   -00019.999962,-00017.600039,+00063.999985
      Vertex   -00019.999962,-00012.800051,+00063.999985
      Vertex   -00019.999994,-00012.800051,+00059.400146
      Vertex   -00019.999992,-00017.600039,+00059.400146
   End Polygon
   Begin Polygon Texture=burlwo1 Flags=1082654720 Link=5
      Origin   -00015.199926,+00203.200073,-00031.999998
      Normal   +00001.000000,+00000.000000,-00000.000000
      TextureU +00000.000000,-00001.000000,-00000.000000
      TextureV +00000.000000,+00000.000000,+00001.000000
      Vertex   -00015.199947,+00018.399961,+00059.400024
      Vertex   -00015.199917,+00016.099974,+00063.999985
      Vertex   -00015.199947,+00015.999938,+00059.400024
   End Polygon
   Begin Polygon Texture=burlwo1 Flags=1082654720 Link=5
      Origin   -00015.199926,+00203.200073,-00031.999998
      Normal   +00001.000000,+00000.000000,-00000.000000
      TextureU +00000.000000,-00001.000000,-00000.000000
      TextureV +00000.000000,+00000.000000,+00001.000000
      Vertex   -00015.199944,-00015.200074,+00059.400146
      Vertex   -00015.199944,-00012.800050,+00059.400146
      Vertex   -00015.199914,-00012.900086,+00063.999985
   End Polygon
   Begin Polygon Texture=burlwo1 Flags=1082654720 Link=5
      Origin   -00015.199926,+00203.200073,-00031.999998
      Normal   +00001.000000,+00000.000000,-00000.000000
      TextureU +00000.000000,-00001.000000,-00000.000000
      TextureV +00000.000000,+00000.000000,+00001.000000
      Vertex   -00015.199944,-00015.200074,+00059.400146
      Vertex   -00015.199914,-00017.498842,+00063.999985
      Vertex   -00015.199944,-00017.600039,+00059.400146
   End Polygon
   Begin Polygon Item=Top Texture=burlwo1 Flags=1082654720 Link=21
      Origin   -00019.999943,+00016.099058,-00031.998938
      Normal   -00000.000000,-00000.894429,-00000.447209
      TextureU -00001.000000,-00000.000000,+00000.000000
      TextureV +00000.000000,-00000.447214,+00000.894427
      Vertex   -00017.600094,-00015.200075,+00030.600100
      Vertex   -00015.199946,-00017.600039,+00035.400146
      Vertex   -00019.999996,-00017.600039,+00035.400146
   End Polygon
   Begin Polygon Item=Wall Texture=ofdesk1 Flags=1082654720 Link=22
      Origin   -00010.399877,+00025.600037,-00032.000000
      Normal   -00001.000000,-00000.000000,+00000.000000
      Pan      U=64 V=32
      TextureU +00000.000000,-00001.000000,-00000.000000
      TextureV -00000.000000,+00000.000000,-00001.000000
      Vertex   -00010.399899,+00025.599915,+00056.588257
      Vertex   -00010.399900,+00025.599915,+00052.611816
      Vertex   -00010.399896,-00022.400085,+00052.611816
      Vertex   -00010.399896,-00022.400085,+00056.588379
   End Polygon
   Begin Polygon Item=Top Texture=burlwo1 Flags=1082654720 Link=23
      Origin   -00019.999939,+00049.700867,-00032.001022
      Normal   -00000.000000,-00000.894429,-00000.447209
      TextureU -00001.000000,-00000.000000,+00000.000000
      TextureV +00000.000000,-00000.447214,+00000.894427
      Vertex   -00019.999998,+00015.999937,+00035.400024
      Vertex   -00017.599852,+00018.399961,+00030.600100
      Vertex   -00015.199949,+00015.999938,+00035.400024
   End Polygon
   Begin Polygon Item=Top Texture=burlwo1 Flags=1082654720 Link=24
      Origin   +00013.696277,+00020.800051,-00031.995836
      Normal   -00000.894436,+00000.000000,-00000.447195
      TextureU -00000.000000,+00001.000000,+00000.000000
      TextureV -00000.447213,+00000.000000,+00000.894427
      Vertex   -00019.999996,-00012.800051,+00035.400146
      Vertex   -00017.600094,-00015.200075,+00030.600100
      Vertex   -00019.999996,-00017.600039,+00035.400146
   End Polygon
   Begin Polygon Item=Top Texture=burlwo1 Flags=1082654720 Link=25
      Origin   -00048.903805,+00015.999996,-00032.004131
      Normal   +00000.894418,+00000.000000,-00000.447232
      TextureU +00000.000000,-00001.000000,-00000.000000
      TextureV +00000.447214,-00000.000000,+00000.894427
      Vertex   -00017.600094,-00015.200075,+00030.600100
      Vertex   -00015.199947,-00012.800050,+00035.400146
      Vertex   -00015.199946,-00017.600039,+00035.400146
   End Polygon
   Begin Polygon Item=Top Texture=burlwo1 Flags=1082654720 Link=26
      Origin   -00015.199950,-00046.499023,-00031.998823
      Normal   -00000.000000,+00000.894425,-00000.447218
      TextureU +00001.000000,+00000.000000,-00000.000000
      TextureV -00000.000000,+00000.447214,+00000.894427
      Vertex   -00015.199947,-00012.800050,+00035.400146
      Vertex   -00017.600094,-00015.200075,+00030.600100
      Vertex   -00019.999996,-00012.800051,+00035.400146
   End Polygon
   Begin Polygon Item=Top Texture=burlwo1 Flags=1082654720 Link=27
      Origin   -00015.199922,-00021.812563,-00032.000015
      Normal   +00000.000000,-00000.998053,+00000.062379
      TextureU -00001.000000,-00000.000000,+00000.000000
      TextureV +00000.000000,+00000.062378,+00000.998053
      Vertex   -00016.399897,-00016.400026,+00054.600098
      Vertex   -00018.800043,-00016.400026,+00054.600098
      Vertex   -00019.999996,-00017.600039,+00035.400146
      Vertex   -00015.199946,-00017.600039,+00035.400146
   End Polygon
   Begin Polygon Item=Top Texture=burlwo1 Flags=1082654720 Link=28
      Origin   -00020.000217,+00005.249571,-00031.998388
      Normal   -00000.000000,-00000.970142,-00000.242536
      TextureU -00001.000000,-00000.000000,+00000.000000
      TextureV +00000.000000,-00000.242551,+00000.970139
      Vertex   -00015.199944,-00017.600039,+00059.400146
      Vertex   -00019.999992,-00017.600039,+00059.400146
      Vertex   -00018.800043,-00016.400026,+00054.600098
      Vertex   -00016.399897,-00016.400026,+00054.600098
   End Polygon
   Begin Polygon Item=Top Texture=burlwo1 Flags=1082654720 Link=29
      Origin   -00038.048557,+00015.999997,-00031.998981
      Normal   +00000.970145,+00000.000000,-00000.242524
      TextureU +00000.000000,-00001.000000,-00000.000000
      TextureV +00000.242534,+00000.000000,+00000.970143
      Vertex   -00015.199944,-00017.600039,+00059.400146
      Vertex   -00016.399897,-00016.400026,+00054.600098
      Vertex   -00016.399897,-00014.000063,+00054.600098
      Vertex   -00015.199944,-00012.800050,+00059.400146
   End Polygon
   Begin Polygon Item=Top Texture=burlwo1 Flags=1082654720 Link=30
      Origin   +00002.848628,+00020.800049,-00031.999008
      Normal   -00000.970145,-00000.000000,-00000.242524
      TextureU -00000.000000,+00001.000000,+00000.000000
      TextureV -00000.242533,-00000.000000,+00000.970143
      Vertex   -00018.800043,-00016.400026,+00054.600098
      Vertex   -00019.999992,-00017.600039,+00059.400146
      Vertex   -00019.999994,-00012.800051,+00059.400146
      Vertex   -00018.800043,-00014.000063,+00054.600098
   End Polygon
   Begin Polygon Item=Top Texture=burlwo1 Flags=1082654720 Link=31
      Origin   -00024.212345,+00016.000059,-00032.000027
      Normal   -00000.998053,-00000.000000,+00000.062376
      TextureU -00000.000000,+00001.000000,+00000.000000
      TextureV +00000.062375,+00000.000000,+00000.998053
      Vertex   -00019.999996,-00012.800051,+00035.400146
      Vertex   -00019.999996,-00017.600039,+00035.400146
      Vertex   -00018.800043,-00016.400026,+00054.600098
      Vertex   -00018.800043,-00014.000063,+00054.600098
   End Polygon
   Begin Polygon Item=Top Texture=burlwo1 Flags=1082654720 Link=32
      Origin   -00015.200165,-00035.649475,-00031.999998
      Normal   -00000.000000,+00000.970144,-00000.242530
      TextureU +00001.000000,+00000.000000,-00000.000000
      TextureV +00000.000000,+00000.242530,+00000.970144
      Vertex   -00018.800043,-00014.000063,+00054.600098
      Vertex   -00019.999994,-00012.800051,+00059.400146
      Vertex   -00015.199944,-00012.800050,+00059.400146
      Vertex   -00016.399897,-00014.000063,+00054.600098
   End Polygon
   Begin Polygon Item=Top Texture=burlwo1 Flags=1082654720 Link=33
      Origin   -00019.999971,-00008.587587,-00031.999983
      Normal   -00000.000001,+00000.998053,+00000.062378
      TextureU +00001.000000,+00000.000000,-00000.000000
      TextureV +00000.000000,-00000.062378,+00000.998053
      Vertex   -00016.399897,-00014.000063,+00054.600098
      Vertex   -00015.199947,-00012.800050,+00035.400146
      Vertex   -00019.999996,-00012.800051,+00035.400146
      Vertex   -00018.800043,-00014.000063,+00054.600098
   End Polygon
   Begin Polygon Item=Top Texture=burlwo1 Flags=1082654720 Link=34
      Origin   -00010.987599,+00020.800047,-00031.999937
      Normal   +00000.998053,-00000.000000,+00000.062376
      TextureU +00000.000000,-00001.000000,-00000.000000
      TextureV -00000.062378,+00000.000000,+00000.998053
      Vertex   -00016.399897,-00014.000063,+00054.600098
      Vertex   -00016.399897,-00016.400026,+00054.600098
      Vertex   -00015.199946,-00017.600039,+00035.400146
      Vertex   -00015.199947,-00012.800050,+00035.400146
   End Polygon
   Begin Polygon Item=Top Texture=burlwo1 Flags=1082654720 Link=24
      Origin   +00013.696277,+00020.800051,-00031.995836
      Normal   -00000.894436,+00000.000000,-00000.447195
      TextureU -00000.000000,+00001.000000,+00000.000000
      TextureV -00000.447213,+00000.000000,+00000.894427
      Vertex   -00019.999998,+00020.799925,+00035.400024
      Vertex   -00017.599852,+00018.399961,+00030.600100
      Vertex   -00019.999998,+00015.999937,+00035.400024
   End Polygon
   Begin Polygon Item=Top Texture=burlwo1 Flags=1082654720 Link=25
      Origin   -00048.903805,+00015.999996,-00032.004131
      Normal   +00000.894418,+00000.000000,-00000.447232
      TextureU +00000.000000,-00001.000000,-00000.000000
      TextureV +00000.447214,-00000.000000,+00000.894427
      Vertex   -00015.199949,+00015.999938,+00035.400024
      Vertex   -00017.599852,+00018.399961,+00030.600100
      Vertex   -00015.199950,+00020.799925,+00035.400024
   End Polygon
   Begin Polygon Item=Top Texture=burlwo1 Flags=1082654720 Link=37
      Origin   -00015.199953,-00012.901063,-00032.001076
      Normal   -00000.000000,+00000.894425,-00000.447218
      TextureU +00001.000000,+00000.000000,-00000.000000
      TextureV -00000.000000,+00000.447214,+00000.894427
      Vertex   -00015.199950,+00020.799925,+00035.400024
      Vertex   -00017.599852,+00018.399961,+00030.600100
      Vertex   -00019.999998,+00020.799925,+00035.400024
   End Polygon
   Begin Polygon Item=Top Texture=burlwo1 Flags=1082654720 Link=34
      Origin   -00010.987599,+00020.800047,-00031.999937
      Normal   +00000.998053,-00000.000000,+00000.062376
      TextureU +00000.000000,-00001.000000,-00000.000000
      TextureV -00000.062378,+00000.000000,+00000.998053
      Vertex   -00016.399899,+00019.599974,+00054.600098
      Vertex   -00016.399899,+00017.199949,+00054.600098
      Vertex   -00015.199949,+00015.999938,+00035.400024
      Vertex   -00015.199950,+00020.799925,+00035.400024
   End Polygon
   Begin Polygon Item=Top Texture=burlwo1 Flags=1082654720 Link=39
      Origin   -00020.000212,+00038.849548,-00031.998388
      Normal   -00000.000000,-00000.970142,-00000.242536
      TextureU -00001.000000,-00000.000000,+00000.000000
      TextureV +00000.000000,-00000.242551,+00000.970139
      Vertex   -00016.399899,+00017.199949,+00054.600098
      Vertex   -00015.199947,+00015.999938,+00059.400024
      Vertex   -00019.999996,+00015.999937,+00059.400024
      Vertex   -00018.800045,+00017.199949,+00054.600098
   End Polygon
   Begin Polygon Item=Top Texture=burlwo1 Flags=1082654720 Link=29
      Origin   -00038.048557,+00015.999997,-00031.998981
      Normal   +00000.970145,+00000.000000,-00000.242524
      TextureU +00000.000000,-00001.000000,-00000.000000
      TextureV +00000.242534,+00000.000000,+00000.970143
      Vertex   -00016.399899,+00017.199949,+00054.600098
      Vertex   -00016.399899,+00019.599974,+00054.600098
      Vertex   -00015.199947,+00020.799925,+00059.400024
      Vertex   -00015.199947,+00015.999938,+00059.400024
   End Polygon
   Begin Polygon Item=Top Texture=burlwo1 Flags=1082654720 Link=41
      Origin   -00015.199924,-00002.050233,-00032.000626
      Normal   -00000.000000,+00000.970144,-00000.242530
      TextureU +00001.000000,+00000.000000,-00000.000000
      TextureV +00000.000000,+00000.242530,+00000.970144
      Vertex   -00015.199947,+00020.799925,+00059.400024
      Vertex   -00016.399899,+00019.599974,+00054.600098
      Vertex   -00018.800045,+00019.599974,+00054.600098
      Vertex   -00019.999996,+00020.799925,+00059.400024
   End Polygon
   Begin Polygon Item=Top Texture=burlwo1 Flags=1082654720 Link=42
      Origin   -00015.199924,+00011.787536,-00031.999968
      Normal   +00000.000000,-00000.998053,+00000.062379
      TextureU -00001.000000,-00000.000000,+00000.000000
      TextureV +00000.000000,+00000.062378,+00000.998053
      Vertex   -00016.399899,+00017.199949,+00054.600098
      Vertex   -00018.800045,+00017.199949,+00054.600098
      Vertex   -00019.999998,+00015.999937,+00035.400024
      Vertex   -00015.199949,+00015.999938,+00035.400024
   End Polygon
   Begin Polygon Item=Top Texture=burlwo1 Flags=1082654720 Link=30
      Origin   +00002.848628,+00020.800049,-00031.999008
      Normal   -00000.970145,-00000.000000,-00000.242524
      TextureU -00000.000000,+00001.000000,+00000.000000
      TextureV -00000.242533,-00000.000000,+00000.970143
      Vertex   -00018.800045,+00017.199949,+00054.600098
      Vertex   -00019.999996,+00015.999937,+00059.400024
      Vertex   -00019.999996,+00020.799925,+00059.400024
      Vertex   -00018.800045,+00019.599974,+00054.600098
   End Polygon
   Begin Polygon Item=Top Texture=burlwo1 Flags=1082654720 Link=31
      Origin   -00024.212345,+00016.000059,-00032.000027
      Normal   -00000.998053,-00000.000000,+00000.062376
      TextureU -00000.000000,+00001.000000,+00000.000000
      TextureV +00000.062375,+00000.000000,+00000.998053
      Vertex   -00018.800045,+00019.599974,+00054.600098
      Vertex   -00019.999998,+00020.799925,+00035.400024
      Vertex   -00019.999998,+00015.999937,+00035.400024
      Vertex   -00018.800045,+00017.199949,+00054.600098
   End Polygon
   Begin Polygon Item=Top Texture=burlwo1 Flags=1082654720 Link=45
      Origin   -00019.999975,+00025.012327,-00031.999968
      Normal   -00000.000001,+00000.998053,+00000.062378
      TextureU +00001.000000,+00000.000000,-00000.000000
      TextureV +00000.000000,-00000.062378,+00000.998053
      Vertex   -00015.199950,+00020.799925,+00035.400024
      Vertex   -00019.999998,+00020.799925,+00035.400024
      Vertex   -00018.800045,+00019.599974,+00054.600098
      Vertex   -00016.399899,+00019.599974,+00054.600098
   End Polygon
   Begin Polygon Item=Wall Texture=ofdesk1 Flags=1082654720 Link=46
      Origin   -00315.002380,-00801.200073,-00271.190704
      Normal   +00000.707107,+00000.000000,-00000.707107
      TextureU -00000.000000,+00001.000000,+00000.000000
      TextureV +00000.499990,-00000.000000,+00000.500000
      Vertex   +00005.988287,-00022.400085,+00049.800049
      Vertex   +00005.988283,+00025.599915,+00049.800049
      Vertex   +00008.800051,+00025.599915,+00052.611824
      Vertex   +00008.800056,-00022.400085,+00052.611816
   End Polygon
   Begin Polygon Item=Cap Texture=ofdesk1 Flags=1082654720 Link=47
      Origin   +00005.988062,+00025.599915,-00032.000000
      Normal   -00000.000000,+00001.000000,+00000.000000
      TextureU +00001.000000,+00000.000000,-00000.000000
      TextureV +00000.000000,+00000.000000,+00001.000000
      Vertex   +00005.988283,+00025.599915,+00049.800049
      Vertex   +00002.011721,+00025.599915,+00049.800049
      Vertex   -00000.800046,+00025.599915,+00052.611816
      Vertex   -00000.800046,+00025.599915,+00056.588257
      Vertex   +00002.011722,+00025.599915,+00059.400024
      Vertex   +00005.988284,+00025.599915,+00059.400032
      Vertex   +00008.800052,+00025.599915,+00056.588264
      Vertex   +00008.800051,+00025.599915,+00052.611824
   End Polygon
   Begin Polygon Item=Wall Texture=ofdesk1 Flags=1082654720 Link=48
      Origin   -00315.000061,-00801.200073,+00366.811737
      Normal   -00000.707107,+00000.000000,-00000.707107
      TextureU -00000.000000,+00001.000000,+00000.000000
      TextureV +00000.499990,-00000.000000,-00000.500000
      Vertex   -00000.800046,+00025.599915,+00052.611816
      Vertex   +00002.011721,+00025.599915,+00049.800049
      Vertex   +00002.011725,-00022.400085,+00049.800049
      Vertex   -00000.800042,-00022.400085,+00052.611816
   End Polygon
   Begin Polygon Item=Wall Texture=ofdesk1 Flags=1082654720 Link=49
      Origin   -00315.002319,-00801.200073,-00261.590607
      Normal   +00000.707107,+00000.000000,-00000.707107
      TextureU -00000.000000,+00001.000000,+00000.000000
      TextureV +00000.499990,-00000.000000,+00000.500000
      Vertex   -00003.611814,+00025.599915,+00049.800049
      Vertex   -00000.800046,+00025.599915,+00052.611816
      Vertex   -00000.800042,-00022.400085,+00052.611816
      Vertex   -00003.611810,-00022.400085,+00049.800049
   End Polygon
   Begin Polygon Item=Wall Texture=ofdesk1 Flags=1082654720 Link=50
      Origin   -00315.000000,-00801.200073,+00049.800076
      Normal   -00000.000000,+00000.000000,-00001.000000
      TextureU -00000.000000,+00001.000000,+00000.000000
      TextureV +00001.000000,+00000.000000,-00000.000000
      Vertex   -00007.588133,+00025.599915,+00049.800049
      Vertex   -00003.611814,+00025.599915,+00049.800049
      Vertex   -00003.611810,-00022.400085,+00049.800049
      Vertex   -00007.588129,-00022.400085,+00049.800049
   End Polygon
   Begin Polygon Item=Wall Texture=ofdesk1 Flags=1082654720 Link=51
      Origin   -00314.999969,-00801.200073,+00357.211884
      Normal   -00000.707107,+00000.000000,-00000.707107
      TextureU -00000.000000,+00001.000000,+00000.000000
      TextureV +00000.499990,-00000.000000,-00000.500000
      Vertex   -00010.399900,+00025.599915,+00052.611816
      Vertex   -00007.588133,+00025.599915,+00049.800049
      Vertex   -00007.588129,-00022.400085,+00049.800049
      Vertex   -00010.399896,-00022.400085,+00052.611816
   End Polygon
   Begin Polygon Item=Wall Texture=ofdesk1 Flags=1082654720 Link=52
      Origin   -00315.001038,-00801.200073,-00248.010956
      Normal   -00000.707107,+00000.000002,+00000.707107
      TextureU -00000.000000,+00001.000000,+00000.000000
      TextureV +00000.499990,-00000.000000,+00000.500000
      Vertex   -00007.588132,+00025.599915,+00059.400024
      Vertex   -00010.399899,+00025.599915,+00056.588257
      Vertex   -00010.399896,-00022.400085,+00056.588379
      Vertex   -00007.588128,-00022.400085,+00059.400146
   End Polygon
   Begin Polygon Item=Cap Texture=burlwo1 Flags=1082654720 Link=53
      Origin   +00002.011748,-00022.400024,-00032.000000
      Normal   +00000.000000,-00001.000000,-00000.000000
      TextureU -00001.000000,-00000.000000,+00000.000000
      TextureV +00000.000000,+00000.000000,+00001.000000
      Vertex   -00007.588128,-00022.400085,+00059.400146
      Vertex   -00010.399896,-00022.400085,+00056.588379
      Vertex   -00010.399896,-00022.400085,+00052.611816
      Vertex   -00007.588129,-00022.400085,+00049.800049
      Vertex   -00003.611810,-00022.400085,+00049.800049
      Vertex   -00000.800042,-00022.400085,+00052.611816
      Vertex   -00000.800042,-00022.400085,+00056.588379
      Vertex   -00003.611809,-00022.400085,+00059.400146
   End Polygon
   Begin Polygon Item=Wall Texture=ofdesk1 Flags=1082654720 Link=54
      Origin   -00314.999023,-00801.200073,+00370.789337
      Normal   +00000.707107,+00000.000002,+00000.707107
      TextureU -00000.000000,+00001.000000,+00000.000000
      TextureV +00000.499990,-00000.000000,-00000.500000
      Vertex   -00000.800046,+00025.599915,+00056.588257
      Vertex   -00003.611814,+00025.599915,+00059.400024
      Vertex   -00003.611809,-00022.400085,+00059.400146
      Vertex   -00000.800042,-00022.400085,+00056.588379
   End Polygon
   Begin Polygon Item=Wall Texture=ofdesk1 Flags=1082654720 Link=55
      Origin   -00314.999084,-00801.200073,+00380.389435
      Normal   +00000.707107,+00000.000002,+00000.707107
      TextureU -00000.000000,+00001.000000,+00000.000000
      TextureV +00000.499990,-00000.000000,-00000.500000
      Vertex   +00005.988284,+00025.599915,+00059.400032
      Vertex   +00005.988288,-00022.400085,+00059.400146
      Vertex   +00008.800056,-00022.400085,+00056.588379
      Vertex   +00008.800052,+00025.599915,+00056.588264
   End Polygon
   Begin Polygon Item=Wall Texture=ofdesk1 Flags=1082654720 Link=56
      Origin   -00315.001007,-00801.200073,-00257.610687
      Normal   -00000.707107,+00000.000002,+00000.707107
      TextureU -00000.000000,+00001.000000,+00000.000000
      TextureV +00000.499990,-00000.000000,+00000.500000
      Vertex   +00002.011722,+00025.599915,+00059.400024
      Vertex   -00000.800046,+00025.599915,+00056.588257
      Vertex   -00000.800042,-00022.400085,+00056.588379
      Vertex   +00002.011726,-00022.400085,+00059.400146
   End Polygon
   Begin Polygon Item=Wall Texture=ofdesk1 Flags=1082654720 Link=57
      Origin   +00008.800078,+00025.600037,-00032.000000
      Normal   +00001.000000,+00000.000000,-00000.000000
      Pan      U=64 V=12
      TextureU -00000.000000,+00001.000000,+00000.000000
      TextureV -00000.000000,+00000.000000,-00001.000000
      Vertex   +00008.800051,+00025.599915,+00052.611824
      Vertex   +00008.800052,+00025.599915,+00056.588264
      Vertex   +00008.800056,-00022.400085,+00056.588379
      Vertex   +00008.800056,-00022.400085,+00052.611816
   End Polygon
   Begin Polygon Item=Wall Texture=ofdesk1 Flags=1082654720 Link=50
      Origin   -00315.000000,-00801.200073,+00049.800076
      Normal   -00000.000000,+00000.000000,-00001.000000
      TextureU -00000.000000,+00001.000000,+00000.000000
      TextureV +00001.000000,+00000.000000,-00000.000000
      Vertex   +00002.011721,+00025.599915,+00049.800049
      Vertex   +00005.988283,+00025.599915,+00049.800049
      Vertex   +00005.988287,-00022.400085,+00049.800049
      Vertex   +00002.011725,-00022.400085,+00049.800049
   End Polygon
   Begin Polygon Item=Cap Texture=burlwo1 Flags=1082654720 Link=53
      Origin   +00002.011748,-00022.400024,-00032.000000
      Normal   +00000.000000,-00001.000000,-00000.000000
      TextureU -00001.000000,-00000.000000,+00000.000000
      TextureV +00000.000000,+00000.000000,+00001.000000
      Vertex   +00005.988288,-00022.400085,+00059.400146
      Vertex   +00002.011726,-00022.400085,+00059.400146
      Vertex   -00000.800042,-00022.400085,+00056.588379
      Vertex   -00000.800042,-00022.400085,+00052.611816
      Vertex   +00002.011725,-00022.400085,+00049.800049
      Vertex   +00005.988287,-00022.400085,+00049.800049
      Vertex   +00008.800056,-00022.400085,+00052.611816
      Vertex   +00008.800056,-00022.400085,+00056.588379
   End Polygon
   Begin Polygon Item=Cap Texture=ofdesk1 Flags=1082654720 Link=47
      Origin   +00005.988062,+00025.599915,-00032.000000
      Normal   -00000.000000,+00001.000000,+00000.000000
      TextureU +00001.000000,+00000.000000,-00000.000000
      TextureV +00000.000000,+00000.000000,+00001.000000
      Vertex   -00000.800046,+00025.599915,+00052.611816
      Vertex   -00003.611814,+00025.599915,+00049.800049
      Vertex   -00007.588133,+00025.599915,+00049.800049
      Vertex   -00010.399900,+00025.599915,+00052.611816
      Vertex   -00010.399899,+00025.599915,+00056.588257
      Vertex   -00007.588132,+00025.599915,+00059.400024
      Vertex   -00003.611814,+00025.599915,+00059.400024
      Vertex   -00000.800046,+00025.599915,+00056.588257
   End Polygon
   Begin Polygon Item=Wall Texture=ofdesk1 Flags=1082654720 Link=4
      Origin   -00315.000000,-00801.200073,+00059.402065
      Normal   +00000.000000,+00000.000000,+00001.000000
      TextureU -00000.000000,+00001.000000,+00000.000000
      TextureV +00001.000000,+00000.000000,-00000.000000
      Vertex   -00003.611814,+00025.599915,+00059.400024
      Vertex   -00007.588132,+00025.599915,+00059.400024
      Vertex   -00007.588128,-00022.400085,+00059.400146
      Vertex   -00003.611809,-00022.400085,+00059.400146
   End Polygon
End PolyList
