Begin PolyList
   Begin Polygon Item=OUTSIDE Flags=-1073741824 Link=0
      Origin   -00008.000000,-00032.000000,+00400.000000
      Normal   +00000.000000,+00000.000000,+00001.000000
      TextureU +00000.000000,+00001.000000,+00000.000000
      TextureV -00001.000000,+00000.000000,+00000.000000
      Vertex   +00006.646423,-00023.415283,+00400.000000
      Vertex   +00003.131775,-00019.900635,+00400.000000
      Vertex   -00001.838867,-00019.900635,+00400.000000
      Vertex   -00005.353577,-00023.415283,+00400.000000
      Vertex   -00005.353577,-00028.385742,+00400.000000
      Vertex   -00001.739319,-00032.000000,+00400.000000
      Vertex   +00003.032227,-00032.000000,+00400.000000
      Vertex   +00006.646423,-00028.385742,+00400.000000
   End Polygon
   Begin Polygon Item=Outer Texture=BoatHouseWood_A Flags=1073774624 Link=1
      Origin   +00003.131592,-00019.900635,+00400.000000
      Normal   +00000.000000,+00001.000000,+00000.000000
      Pan      U=-7 V=0
      TextureU -00001.000000,+00000.000000,-00000.000000
      TextureV -00000.000000,+00000.000000,+00001.000000
      Vertex   +00003.131592,-00019.900635,+00080.000000
      Vertex   -00001.838867,-00019.900635,+00080.000000
      Vertex   -00001.838867,-00019.900635,+00400.000000
      Vertex   +00003.131592,-00019.900635,+00400.000000
   End Polygon
   Begin Polygon Item=OUTSIDE Texture=NYC_GalvMetl_A Flags=1073774624 Link=2
      Origin   +00001.645874,-00003.414063,+00087.000000
      Normal   +00000.000000,+00000.000000,-00001.000000
      TextureU -00001.000000,+00000.000000,-00000.000000
      TextureV +00000.000000,+00001.000000,+00000.000000
      Vertex   +00001.645874,-00019.414063,+00087.000000
      Vertex   -00000.354126,-00019.414063,+00087.000000
      Vertex   -00000.354126,-00003.414063,+00087.000000
      Vertex   +00001.645874,-00003.414063,+00087.000000
   End Polygon
   Begin Polygon Item=OUTSIDE Texture=NYC_GalvMetl_A Flags=1073774624 Link=3
      Origin   -00000.354126,-00003.414063,+00089.000000
      Normal   -00000.000000,+00000.000000,+00001.000000
      TextureU +00001.000000,+00000.000000,+00000.000000
      TextureV +00000.000000,+00001.000000,+00000.000000
      Vertex   -00000.354126,-00019.414063,+00089.000000
      Vertex   +00001.645874,-00019.414063,+00089.000000
      Vertex   +00001.645874,-00003.414063,+00089.000000
      Vertex   -00000.354126,-00003.414063,+00089.000000
   End Polygon
   Begin Polygon Item=OUTSIDE Texture=NYC_GalvMetl_A Flags=1073774624 Link=4
      Origin   -00000.354126,-00003.414063,+00089.000000
      Normal   -00001.000000,+00000.000000,-00000.000000
      TextureU +00000.000000,-00001.000000,+00000.000000
      TextureV -00000.000000,+00000.000000,+00001.000000
      Vertex   -00000.354126,-00019.414063,+00087.000000
      Vertex   -00000.354126,-00019.414063,+00089.000000
      Vertex   -00000.354126,-00003.414063,+00089.000000
      Vertex   -00000.354126,-00003.414063,+00087.000000
   End Polygon
   Begin Polygon Item=OUTSIDE Texture=NYC_GalvMetl_A Flags=1073774624 Link=5
      Origin   +00001.645874,-00019.414063,+00089.000000
      Normal   +00001.000000,+00000.000000,+00000.000000
      TextureU +00000.000000,+00001.000000,+00000.000000
      TextureV -00000.000000,+00000.000000,+00001.000000
      Vertex   +00001.645874,-00019.414063,+00089.000000
      Vertex   +00001.645874,-00019.414063,+00087.000000
      Vertex   +00001.645874,-00003.414063,+00087.000000
      Vertex   +00001.645874,-00003.414063,+00089.000000
   End Polygon
   Begin Polygon Item=OUTSIDE Texture=NYC_GalvMetl_A Flags=1073774624 Link=6
      Origin   -00000.354126,-00019.414063,+00089.000000
      Normal   +00000.000000,-00001.000000,+00000.000000
      TextureU +00001.000000,+00000.000000,+00000.000000
      TextureV -00000.000000,+00000.000000,+00001.000000
      Vertex   -00000.354126,-00019.414063,+00089.000000
      Vertex   -00000.354126,-00019.414063,+00087.000000
      Vertex   +00001.645874,-00019.414063,+00087.000000
      Vertex   +00001.645874,-00019.414063,+00089.000000
   End Polygon
   Begin Polygon Item=Outer Texture=BoatHouseWood_A Flags=1073774624 Link=7
      Origin   +00003.131592,-00031.900635,+00400.000000
      Normal   +00000.707107,-00000.707107,-00000.000000
      Pan      U=-16 V=0
      TextureU +00000.707107,+00000.707107,+00000.000000
      TextureV -00000.000000,+00000.000000,+00001.000000
      Vertex   +00003.131592,-00031.900635,+00080.000000
      Vertex   +00006.646423,-00028.385742,+00080.000000
      Vertex   +00006.646423,-00028.385742,+00400.000000
      Vertex   +00003.131592,-00031.900635,+00400.000000
   End Polygon
   Begin Polygon Item=Outer Texture=BoatHouseWood_A Flags=1073774624 Link=8
      Origin   -00001.838867,-00031.900635,+00400.000000
      Normal   +00000.000000,-00001.000000,+00000.000000
      Pan      U=35 V=0
      TextureU +00001.000000,+00000.000000,+00000.000000
      TextureV -00000.000000,+00000.000000,+00001.000000
      Vertex   -00001.838867,-00031.900635,+00080.000000
      Vertex   +00003.131592,-00031.900635,+00080.000000
      Vertex   +00003.131592,-00031.900635,+00400.000000
      Vertex   -00001.838867,-00031.900635,+00400.000000
   End Polygon
   Begin Polygon Item=Outer Texture=BoatHouseWood_A Flags=1073774624 Link=9
      Origin   -00005.353577,-00028.385742,+00400.000000
      Normal   -00000.707107,-00000.707107,-00000.000000
      Pan      U=-26 V=0
      TextureU +00000.707107,-00000.707107,-00000.000000
      TextureV -00000.000000,+00000.000000,+00001.000000
      Vertex   -00005.353577,-00028.385742,+00080.000000
      Vertex   -00001.838867,-00031.900635,+00080.000000
      Vertex   -00001.838867,-00031.900635,+00400.000000
      Vertex   -00005.353577,-00028.385742,+00400.000000
   End Polygon
   Begin Polygon Item=Outer Texture=BoatHouseWood_A Flags=1073774624 Link=10
      Origin   -00005.353577,-00023.415283,+00400.000000
      Normal   -00001.000000,+00000.000000,-00000.000000
      Pan      U=12 V=0
      TextureU +00000.000000,-00001.000000,+00000.000000
      TextureV -00000.000000,+00000.000000,+00001.000000
      Vertex   -00005.353577,-00023.415283,+00080.000000
      Vertex   -00005.353577,-00028.385742,+00080.000000
      Vertex   -00005.353577,-00028.385742,+00400.000000
      Vertex   -00005.353577,-00023.415283,+00400.000000
   End Polygon
   Begin Polygon Item=Outer Texture=BoatHouseWood_A Flags=1073774624 Link=11
      Origin   -00001.838867,-00019.900635,+00400.000000
      Normal   -00000.707107,+00000.707107,-00000.000000
      Pan      U=16 V=0
      TextureU -00000.707107,-00000.707107,-00000.000000
      TextureV -00000.000000,+00000.000000,+00001.000000
      Vertex   -00001.838867,-00019.900635,+00080.000000
      Vertex   -00005.353577,-00023.415283,+00080.000000
      Vertex   -00005.353577,-00023.415283,+00400.000000
      Vertex   -00001.838867,-00019.900635,+00400.000000
   End Polygon
   Begin Polygon Item=Outer Texture=BoatHouseWood_A Flags=1073774624 Link=12
      Origin   +00006.646423,-00023.415283,+00400.000000
      Normal   +00000.707107,+00000.707107,+00000.000000
      Pan      U=-20 V=0
      TextureU -00000.707107,+00000.707107,-00000.000000
      TextureV -00000.000000,+00000.000000,+00001.000000
      Vertex   +00006.646423,-00023.415283,+00080.000000
      Vertex   +00003.131592,-00019.900635,+00080.000000
      Vertex   +00003.131592,-00019.900635,+00400.000000
      Vertex   +00006.646423,-00023.415283,+00400.000000
   End Polygon
   Begin Polygon Item=Outer Texture=BoatHouseWood_A Flags=1073774624 Link=13
      Origin   +00006.646423,-00028.385742,+00400.000000
      Normal   +00001.000000,+00000.000000,+00000.000000
      Pan      U=6 V=0
      TextureU +00000.000000,+00001.000000,+00000.000000
      TextureV -00000.000000,+00000.000000,+00001.000000
      Vertex   +00006.646423,-00028.385742,+00080.000000
      Vertex   +00006.646423,-00023.415283,+00080.000000
      Vertex   +00006.646423,-00023.415283,+00400.000000
      Vertex   +00006.646423,-00028.385742,+00400.000000
   End Polygon
   Begin Polygon Item=Top Texture=BoatHouseWood_A Flags=1073774624 Link=14
      Origin   +00006.646423,-00028.385742,+00080.000000
      Normal   +00000.000000,+00000.000000,-00001.000000
      TextureU -00000.707107,+00000.707107,-00000.000000
      TextureV +00000.707107,+00000.707107,+00000.000000
      Vertex   +00006.646423,-00028.385742,+00080.000000
      Vertex   +00003.131592,-00031.900635,+00080.000000
      Vertex   -00001.838867,-00031.900635,+00080.000000
      Vertex   -00005.353577,-00028.385742,+00080.000000
      Vertex   -00005.353577,-00023.415283,+00080.000000
      Vertex   -00001.838867,-00019.900635,+00080.000000
      Vertex   +00003.131592,-00019.900635,+00080.000000
      Vertex   +00006.646423,-00023.415283,+00080.000000
   End Polygon
   Begin Polygon Item=Base Texture=NYC_GalvMetl_A Flags=1073774624 Link=15
      Origin   -00008.000000,+00013.000000,+00092.000000
      Normal   -00000.000000,+00000.000000,+00001.000000
      TextureU +00001.000000,+00000.000000,+00000.000000
      TextureV +00000.000000,+00001.000000,+00000.000000
      Vertex   -00008.000000,+00013.000000,+00092.000000
      Vertex   -00008.000000,-00003.000000,+00092.000000
      Vertex   +00008.000000,-00003.000000,+00092.000000
      Vertex   +00008.000000,+00013.000000,+00092.000000
   End Polygon
   Begin Polygon Item=Outer Texture=FiniWhitDrywa_A Flags=1077968928 Link=16
      Origin   +00006.680481,+00004.207520,+00100.000000
      Normal   +00000.866026,+00000.500000,+00000.000000
      TextureU -00000.500000,+00000.866026,-00000.000000
      TextureV -00000.000000,+00000.000000,+00001.000000
      Vertex   +00006.680481,+00004.207520,+00100.000000
      Vertex   +00006.680481,+00004.207520,+00092.000000
      Vertex   +00004.371094,+00008.207520,+00092.000000
      Vertex   +00004.371094,+00008.207520,+00100.000000
   End Polygon
   Begin Polygon Item=Outer Texture=FiniWhitDrywa_A Flags=1077968928 Link=17
      Origin   +00004.371094,+00000.207520,+00100.000000
      Normal   +00000.866026,-00000.500000,+00000.000000
      TextureU +00000.500000,+00000.866026,+00000.000000
      TextureV -00000.000000,+00000.000000,+00001.000000
      Vertex   +00004.371094,+00000.207520,+00100.000000
      Vertex   +00004.371094,+00000.207520,+00092.000000
      Vertex   +00006.680481,+00004.207520,+00092.000000
      Vertex   +00006.680481,+00004.207520,+00100.000000
   End Polygon
   Begin Polygon Item=Outer Texture=FiniWhitDrywa_A Flags=1077968928 Link=18
      Origin   -00000.247803,+00000.207520,+00100.000000
      Normal   +00000.000000,-00001.000000,+00000.000000
      TextureU +00001.000000,+00000.000000,+00000.000000
      TextureV -00000.000000,+00000.000000,+00001.000000
      Vertex   -00000.247803,+00000.207520,+00100.000000
      Vertex   -00000.247803,+00000.207520,+00092.000000
      Vertex   +00004.371094,+00000.207520,+00092.000000
      Vertex   +00004.371094,+00000.207520,+00100.000000
   End Polygon
   Begin Polygon Item=Outer Texture=FiniWhitDrywa_A Flags=1077968928 Link=19
      Origin   -00002.557190,+00004.207520,+00100.000000
      Normal   -00000.866020,-00000.500009,+00000.000000
      TextureU +00000.500009,-00000.866020,+00000.000000
      TextureV -00000.000000,+00000.000000,+00001.000000
      Vertex   -00002.557190,+00004.207520,+00100.000000
      Vertex   -00002.557190,+00004.207520,+00092.000000
      Vertex   -00000.247803,+00000.207520,+00092.000000
      Vertex   -00000.247803,+00000.207520,+00100.000000
   End Polygon
   Begin Polygon Item=Outer Texture=FiniWhitDrywa_A Flags=1077968928 Link=20
      Origin   -00000.247803,+00008.207520,+00100.000000
      Normal   -00000.866031,+00000.499990,-00000.000000
      TextureU -00000.499990,-00000.866031,-00000.000000
      TextureV -00000.000000,+00000.000000,+00001.000000
      Vertex   -00000.247803,+00008.207520,+00100.000000
      Vertex   -00000.247803,+00008.207520,+00092.000000
      Vertex   -00002.557190,+00004.207520,+00092.000000
      Vertex   -00002.557190,+00004.207520,+00100.000000
   End Polygon
   Begin Polygon Item=Outer Texture=FiniWhitDrywa_A Flags=1077968928 Link=21
      Origin   +00004.371094,+00008.207520,+00100.000000
      Normal   +00000.000000,+00001.000000,+00000.000000
      TextureU -00001.000000,+00000.000000,-00000.000000
      TextureV -00000.000000,+00000.000000,+00001.000000
      Vertex   +00004.371094,+00008.207520,+00100.000000
      Vertex   +00004.371094,+00008.207520,+00092.000000
      Vertex   -00000.247803,+00008.207520,+00092.000000
      Vertex   -00000.247803,+00008.207520,+00100.000000
   End Polygon
   Begin Polygon Item=Base Texture=FiniWhitDrywa_A Flags=1077968928 Link=22
      Origin   -00000.247803,+00008.207520,+00100.000000
      Normal   -00000.000000,+00000.000000,+00001.000000
      TextureU +00000.866026,-00000.500000,+00000.000000
      TextureV +00000.500000,+00000.866026,+00000.000000
      Vertex   -00000.247803,+00008.207520,+00100.000000
      Vertex   -00002.557190,+00004.207520,+00100.000000
      Vertex   -00000.247803,+00000.207520,+00100.000000
      Vertex   +00004.371094,+00000.207520,+00100.000000
      Vertex   +00006.680481,+00004.207520,+00100.000000
      Vertex   +00004.371094,+00008.207520,+00100.000000
   End Polygon
   Begin Polygon Item=Outer Texture=NYC_GalvMetl_A Flags=1073774624 Link=23
      Origin   -00008.000000,-00003.000000,+00092.000000
      Normal   +00000.000000,-00000.447214,-00000.894427
      TextureU +00000.745356,-00000.596285,+00000.298142
      TextureV -00000.666667,-00000.666667,+00000.333333
      Vertex   +00001.645874,+00003.354004,+00088.822937
      Vertex   +00008.000000,-00003.000000,+00092.000000
      Vertex   -00008.000000,-00003.000000,+00092.000000
      Vertex   -00000.000000,+00005.000000,+00088.000000
   End Polygon
   Begin Polygon Item=OUTSIDE Texture=NYC_GalvMetl_A Flags=1073774624 Link=24
      Origin   +00001.645874,-00003.414063,+00089.000000
      Normal   +00000.000000,+00001.000000,+00000.000000
      TextureU -00001.000000,+00000.000000,-00000.000000
      TextureV -00000.000000,+00000.000000,+00001.000000
      Vertex   +00001.645874,-00003.414063,+00089.000000
      Vertex   +00001.645874,-00003.414063,+00087.000000
      Vertex   -00000.354126,-00003.414063,+00087.000000
      Vertex   -00000.354126,-00003.414063,+00089.000000
   End Polygon
   Begin Polygon Item=Outer Texture=NYC_GalvMetl_A Flags=1073774624 Link=25
      Origin   +00008.000000,-00003.000000,+00092.000000
      Normal   +00000.447214,-00000.000000,-00000.894427
      TextureU +00000.596285,+00000.745356,+00000.298142
      TextureV +00000.666667,-00000.666667,+00000.333333
      Vertex   +00008.000000,-00003.000000,+00092.000000
      Vertex   +00002.000000,+00003.000000,+00089.000000
      Vertex   +00002.000000,+00007.000000,+00089.000000
      Vertex   +00008.000000,+00013.000000,+00092.000000
   End Polygon
   Begin Polygon Item=Outer Texture=NYC_GalvMetl_A Flags=1073774624 Link=26
      Origin   -00008.000000,+00013.000000,+00092.000000
      Normal   -00000.447214,+00000.000000,-00000.894427
      TextureU -00000.596285,-00000.745356,+00000.298142
      TextureV -00000.666667,+00000.666667,+00000.333333
      Vertex   -00000.354126,+00004.645996,+00088.177063
      Vertex   -00008.000000,-00003.000000,+00092.000000
      Vertex   -00008.000000,+00013.000000,+00092.000000
      Vertex   -00000.354126,+00005.354004,+00088.177063
      Vertex   -00000.000000,+00005.000000,+00088.000000
   End Polygon
   Begin Polygon Item=Outer Texture=NYC_GalvMetl_A Flags=1073774624 Link=27
      Origin   +00008.000000,+00013.000000,+00092.000000
      Normal   +00000.000000,+00000.447214,-00000.894427
      TextureU -00000.745356,+00000.596285,+00000.298142
      TextureV +00000.666667,+00000.666667,+00000.333333
      Vertex   -00008.000000,+00013.000000,+00092.000000
      Vertex   +00008.000000,+00013.000000,+00092.000000
      Vertex   +00001.645874,+00006.645996,+00088.822937
      Vertex   -00000.000000,+00005.000000,+00088.000000
   End Polygon
   Begin Polygon Item=Outer Texture=NYC_GalvMetl_A Flags=1073774624 Link=25
      Origin   +00008.000000,-00003.000000,+00092.000000
      Normal   +00000.447214,-00000.000000,-00000.894427
      TextureU +00000.596285,+00000.745356,+00000.298142
      TextureV +00000.666667,-00000.666667,+00000.333333
      Vertex   +00002.000000,+00003.000000,+00089.000000
      Vertex   +00001.645874,+00003.000000,+00089.000000
      Vertex   +00001.645874,+00003.354004,+00088.822937
      Vertex   +00001.645874,+00006.645996,+00088.822937
      Vertex   +00001.645874,+00007.000000,+00089.000000
      Vertex   +00002.000000,+00007.000000,+00089.000000
   End Polygon
   Begin Polygon Item=Outer Texture=NYC_GalvMetl_A Flags=1073774624 Link=25
      Origin   +00008.000000,-00003.000000,+00092.000000
      Normal   +00000.447214,-00000.000000,-00000.894427
      TextureU +00000.596285,+00000.745356,+00000.298142
      TextureV +00000.666667,-00000.666667,+00000.333333
      Vertex   +00001.645874,+00003.354004,+00088.822937
      Vertex   -00000.000000,+00005.000000,+00088.000000
      Vertex   +00001.645874,+00006.645996,+00088.822937
   End Polygon
End PolyList
