Begin PolyList
   Begin Polygon Item=OUTSIDE Flags=-1073741824 Link=0
      Origin   -00032.000000,-00064.000000,+00095.000000
      Normal   +00000.000000,+00000.000000,+00001.000000
      TextureU +00000.000000,+00001.000000,+00000.000000
      TextureV -00001.000000,+00000.000000,+00000.000000
      Vertex   +00008.000000,-00045.000000,+00095.000000
      Vertex   +00008.000000,+00051.000000,+00095.000000
      Vertex   -00032.000000,+00051.000000,+00095.000000
      Vertex   -00032.000000,-00045.000000,+00095.000000
   End Polygon
   Begin Polygon Item=OUTSIDE Flags=-1073741824 Link=1
      Origin   -00032.000000,-00064.000000,-00095.000000
      Normal   -00001.000000,+00000.000000,+00000.000000
      TextureU +00000.000000,+00001.000000,+00000.000000
      TextureV +00000.000000,+00000.000000,-00001.000000
      Vertex   -00032.000000,-00029.000000,+00043.000000
      Vertex   -00032.000000,+00043.000000,+00043.000000
      Vertex   -00032.000000,+00043.000000,-00017.000000
      Vertex   -00032.000000,-00029.000000,-00017.000000
   End Polygon
   Begin Polygon Item=OUTSIDE Flags=-1073741824 Link=1
      Origin   -00032.000000,-00064.000000,-00095.000000
      Normal   -00001.000000,+00000.000000,+00000.000000
      TextureU +00000.000000,+00001.000000,+00000.000000
      TextureV +00000.000000,+00000.000000,-00001.000000
      Vertex   -00032.000000,+00051.000000,+00051.000000
      Vertex   -00032.000000,-00045.000000,+00051.000000
      Vertex   -00032.000000,-00045.000000,+00095.000000
      Vertex   -00032.000000,+00051.000000,+00095.000000
   End Polygon
   Begin Polygon Item=OUTSIDE Flags=-1073741824 Link=1
      Origin   -00032.000000,-00064.000000,-00095.000000
      Normal   -00001.000000,+00000.000000,+00000.000000
      TextureU +00000.000000,+00001.000000,+00000.000000
      TextureV +00000.000000,+00000.000000,-00001.000000
      Vertex   -00032.000000,+00059.000000,+00047.000000
      Vertex   -00032.000000,+00059.000000,+00043.000000
      Vertex   -00032.000000,-00053.000000,+00043.000000
      Vertex   -00032.000000,-00053.000000,+00047.000000
   End Polygon
   Begin Polygon Item=OUTSIDE Texture=ShipGrayMetal_A Flags=1073741824 Link=4
      Origin   +00016.000000,+00059.000000,+00043.000000
      Normal   +00000.000000,-00000.000000,-00001.000000
      TextureU -00001.000000,+00000.000000,-00000.000000
      TextureV +00000.000000,+00001.000000,+00000.000000
      Vertex   -00016.000000,+00059.000000,+00043.000000
      Vertex   -00016.000000,-00053.000000,+00043.000000
      Vertex   -00032.000000,-00053.000000,+00043.000000
      Vertex   -00032.000000,+00059.000000,+00043.000000
   End Polygon
   Begin Polygon Item=OUTSIDE Texture=DrtySilvMetal_A Flags=1073741824 Link=5
      Origin   +00008.000000,+00043.000000,-00001.000000
      Normal   -00000.000000,+00000.000000,+00001.000000
      TextureU +00000.000000,-00004.000000,-00000.000000
      TextureV +00004.000000,-00000.000000,+00000.000000
      Vertex   +00008.000000,+00043.000000,-00001.000000
      Vertex   +00006.000000,+00043.000000,-00001.000000
      Vertex   +00006.000000,-00029.000000,-00001.000000
      Vertex   +00008.000000,-00029.000000,-00001.000000
   End Polygon
   Begin Polygon Item=Outer Texture=Galvanzd Flags=1073741856 Link=6
      Origin   -00020.000488,+00025.000000,+00043.000000
      Normal   -00000.000000,-00001.000000,-00000.000000
      TextureU +00001.000000,-00000.000000,+00000.000000
      TextureV -00000.000000,+00000.000000,+00001.000000
      Vertex   -00020.000488,+00025.000000,+00031.000000
      Vertex   -00018.000488,+00025.000000,+00031.000000
      Vertex   -00018.000488,+00025.000000,+00043.000000
      Vertex   -00020.000488,+00025.000000,+00043.000000
   End Polygon
   Begin Polygon Item=OUTSIDE Texture=DrtySilvMetal_A Flags=1073741856 Link=7
      Origin   +00008.000000,-00027.000000,+00046.999512
      Normal   +00000.000000,+00001.000000,+00000.000000
      TextureU -00004.000000,+00000.000000,-00000.000000
      TextureV -00000.000000,+00000.000000,+00004.000000
      Vertex   +00008.000000,-00027.000000,+00043.000000
      Vertex   +00008.000000,-00027.000000,-00001.000488
      Vertex   +00006.000000,-00027.000000,-00001.000000
      Vertex   -00030.000000,-00027.000000,-00001.000000
      Vertex   -00032.000000,-00027.000000,-00001.000488
      Vertex   -00032.000000,-00027.000000,+00043.000000
   End Polygon
   Begin Polygon Item=OUTSIDE Texture=ShipWhitMetal_A Flags=1073741856 Link=8
      Origin   -00019.347534,+00023.682617,+00042.800110
      Normal   -00000.956940,-00000.290285,-00000.000000
      TextureU +00000.290285,-00000.956940,+00000.000000
      TextureV -00000.000000,+00000.000000,+00001.000000
      Vertex   -00019.347534,+00023.682617,+00042.800110
      Vertex   -00019.347534,+00023.682617,+00041.200012
      Vertex   -00018.186401,+00019.854980,+00041.200012
      Vertex   -00018.186401,+00019.854980,+00042.800110
   End Polygon
   Begin Polygon Item=OUTSIDE Texture=DrtySilvMetal_A Flags=1073741856 Link=9
      Origin   -00030.000000,-00027.000000,+00047.000000
      Normal   +00001.000000,-00000.000000,+00000.000000
      TextureU +00000.000000,+00004.000000,+00000.000000
      TextureV -00000.000000,+00000.000000,+00004.000000
      Vertex   -00030.000000,-00027.000000,+00043.000000
      Vertex   -00030.000000,-00027.000000,-00001.000000
      Vertex   -00030.000000,+00041.000000,-00001.000000
      Vertex   -00030.000000,+00041.000000,+00043.000000
   End Polygon
   Begin Polygon Item=OUTSIDE Texture=ShipWhitMetal_A Flags=1073741856 Link=10
      Origin   -00016.655273,+00020.319336,+00042.800110
      Normal   +00000.956940,+00000.290285,+00000.000000
      TextureU -00000.290285,+00000.956940,-00000.000000
      TextureV -00000.000000,+00000.000000,+00001.000000
      Vertex   -00016.655273,+00020.319336,+00042.800110
      Vertex   -00016.655273,+00020.319336,+00041.200012
      Vertex   -00017.816406,+00024.147217,+00041.200012
      Vertex   -00017.816406,+00024.147217,+00042.800110
   End Polygon
   Begin Polygon Item=OUTSIDE Texture=ShipWhitMetal_A Flags=1073741856 Link=11
      Origin   -00018.186401,+00019.854980,+00042.800110
      Normal   +00000.290285,-00000.956940,+00000.000000
      TextureU +00000.956940,+00000.290285,+00000.000000
      TextureV -00000.000000,+00000.000000,+00001.000000
      Vertex   -00018.186401,+00019.854980,+00042.800110
      Vertex   -00018.186401,+00019.854980,+00041.200012
      Vertex   -00016.655273,+00020.319336,+00041.200012
      Vertex   -00016.655273,+00020.319336,+00042.800110
   End Polygon
   Begin Polygon Item=OUTSIDE Texture=ShipWhitMetal_A Flags=1073741856 Link=12
      Origin   -00017.816406,+00024.147217,+00042.800110
      Normal   -00000.290285,+00000.956940,-00000.000000
      TextureU -00000.956940,-00000.290285,-00000.000000
      TextureV -00000.000000,+00000.000000,+00001.000000
      Vertex   -00017.816406,+00024.147217,+00042.800110
      Vertex   -00017.816406,+00024.147217,+00041.200012
      Vertex   -00019.347534,+00023.682617,+00041.200012
      Vertex   -00019.347534,+00023.682617,+00042.800110
   End Polygon
   Begin Polygon Item=OUTSIDE Texture=ShipWhitMetal_A Flags=1073741856 Link=13
      Origin   -00017.816406,+00024.147217,+00041.200012
      Normal   +00000.000000,-00000.000000,-00001.000000
      TextureU -00000.956940,-00000.290285,-00000.000000
      TextureV -00000.290285,+00000.956940,-00000.000000
      Vertex   -00017.816406,+00024.147217,+00041.200012
      Vertex   -00016.655273,+00020.319336,+00041.200012
      Vertex   -00018.186401,+00019.854980,+00041.200012
      Vertex   -00019.347534,+00023.682617,+00041.200012
   End Polygon
   Begin Polygon Item=OUTSIDE Texture=DrtySilvMetal_A Flags=1073741856 Link=14
      Origin   -00032.000000,-00029.000000,+00046.999512
      Normal   -00000.000000,-00001.000000,-00000.000000
      TextureU +00004.000000,-00000.000000,+00000.000000
      TextureV -00000.000000,+00000.000000,+00004.000000
      Vertex   -00032.000000,-00029.000000,+00043.000000
      Vertex   -00032.000000,-00029.000000,-00001.000000
      Vertex   +00008.000000,-00029.000000,-00001.000000
      Vertex   +00008.000000,-00029.000000,+00043.000000
   End Polygon
   Begin Polygon Item=OUTSIDE Texture=DrtySilvMetal_A Flags=1073741856 Link=15
      Origin   +00008.000000,-00029.000000,+00046.999512
      Normal   +00001.000000,-00000.000000,+00000.000000
      TextureU +00000.000000,+00004.000000,+00000.000000
      TextureV -00000.000000,+00000.000000,+00004.000000
      Vertex   +00008.000000,-00029.000000,+00043.000000
      Vertex   +00008.000000,-00029.000000,-00001.000000
      Vertex   +00008.000000,-00027.000000,-00001.000488
      Vertex   +00008.000000,-00027.000000,+00043.000000
   End Polygon
   Begin Polygon Item=Outer Texture=Galvanzd Flags=1073741856 Link=16
      Origin   -00018.000488,+00027.000000,+00043.000000
      Normal   +00000.000000,+00001.000000,+00000.000000
      TextureU -00001.000000,+00000.000000,-00000.000000
      TextureV -00000.000000,+00000.000000,+00001.000000
      Vertex   -00018.000488,+00027.000000,+00031.000000
      Vertex   -00020.000488,+00027.000000,+00031.000000
      Vertex   -00020.000488,+00027.000000,+00043.000000
      Vertex   -00018.000488,+00027.000000,+00043.000000
   End Polygon
   Begin Polygon Item=OUTSIDE Texture=DrtySilvMetal_A Flags=1073741856 Link=17
      Origin   -00032.000000,+00041.000000,+00046.999512
      Normal   -00000.000000,-00001.000000,-00000.000000
      TextureU +00004.000000,-00000.000000,+00000.000000
      TextureV -00000.000000,+00000.000000,+00004.000000
      Vertex   -00032.000000,+00041.000000,+00043.000000
      Vertex   -00032.000000,+00041.000000,-00001.000488
      Vertex   -00030.000000,+00041.000000,-00001.000000
      Vertex   +00006.000000,+00041.000000,-00001.000000
      Vertex   +00008.000000,+00041.000000,-00001.000488
      Vertex   +00008.000000,+00041.000000,+00043.000000
   End Polygon
   Begin Polygon Item=OUTSIDE Texture=ShipWhitMetal_A Flags=1073741856 Link=18
      Origin   -00017.763672,+00032.143311,+00042.800110
      Normal   -00000.881921,+00000.471397,-00000.000000
      TextureU -00000.471397,-00000.881921,-00000.000000
      TextureV -00000.000000,+00000.000000,+00001.000000
      Vertex   -00017.763672,+00032.143311,+00042.800110
      Vertex   -00017.763672,+00032.143311,+00041.200012
      Vertex   -00019.649292,+00028.615723,+00041.200012
      Vertex   -00019.649292,+00028.615723,+00042.800110
   End Polygon
   Begin Polygon Item=OUTSIDE Texture=ShipWhitMetal_A Flags=1073741856 Link=19
      Origin   -00016.352539,+00031.389160,+00041.200012
      Normal   +00000.000000,-00000.000000,-00001.000000
      TextureU -00000.881921,+00000.471397,-00000.000000
      TextureV +00000.471397,+00000.881921,+00000.000000
      Vertex   -00016.352539,+00031.389160,+00041.200012
      Vertex   -00018.238159,+00027.861328,+00041.200012
      Vertex   -00019.649292,+00028.615723,+00041.200012
      Vertex   -00017.763672,+00032.143311,+00041.200012
   End Polygon
   Begin Polygon Item=OUTSIDE Texture=ShipWhitMetal_A Flags=1073741856 Link=20
      Origin   -00018.238159,+00027.861328,+00042.800110
      Normal   +00000.881921,-00000.471397,+00000.000000
      TextureU +00000.471397,+00000.881921,+00000.000000
      TextureV -00000.000000,+00000.000000,+00001.000000
      Vertex   -00018.238159,+00027.861328,+00042.800110
      Vertex   -00018.238159,+00027.861328,+00041.200012
      Vertex   -00016.352539,+00031.389160,+00041.200012
      Vertex   -00016.352539,+00031.389160,+00042.800110
   End Polygon
   Begin Polygon Item=OUTSIDE Texture=ShipWhitMetal_A Flags=1073741856 Link=21
      Origin   -00019.649292,+00028.615723,+00042.800110
      Normal   -00000.471397,-00000.881921,-00000.000000
      TextureU +00000.881921,-00000.471397,+00000.000000
      TextureV -00000.000000,+00000.000000,+00001.000000
      Vertex   -00019.649292,+00028.615723,+00042.800110
      Vertex   -00019.649292,+00028.615723,+00041.200012
      Vertex   -00018.238159,+00027.861328,+00041.200012
      Vertex   -00018.238159,+00027.861328,+00042.800110
   End Polygon
   Begin Polygon Item=OUTSIDE Texture=ShipWhitMetal_A Flags=1073741856 Link=22
      Origin   -00016.352539,+00031.389160,+00042.800110
      Normal   +00000.471397,+00000.881921,+00000.000000
      TextureU -00000.881921,+00000.471397,-00000.000000
      TextureV -00000.000000,+00000.000000,+00001.000000
      Vertex   -00016.352539,+00031.389160,+00042.800110
      Vertex   -00016.352539,+00031.389160,+00041.200012
      Vertex   -00017.763672,+00032.143311,+00041.200012
      Vertex   -00017.763672,+00032.143311,+00042.800110
   End Polygon
   Begin Polygon Item=OUTSIDE Texture=DrtySilvMetal_A Flags=1073741856 Link=23
      Origin   +00008.000000,+00043.000000,+00046.999512
      Normal   +00000.000000,+00001.000000,+00000.000000
      TextureU -00004.000000,+00000.000000,-00000.000000
      TextureV -00000.000000,+00000.000000,+00004.000000
      Vertex   +00008.000000,+00043.000000,+00043.000000
      Vertex   +00008.000000,+00043.000000,-00001.000000
      Vertex   -00032.000000,+00043.000000,-00001.000000
      Vertex   -00032.000000,+00043.000000,+00043.000000
   End Polygon
   Begin Polygon Item=OUTSIDE Texture=DrtySilvMetal_A Flags=1073741856 Link=24
      Origin   +00008.000000,+00041.000000,+00046.999512
      Normal   +00001.000000,-00000.000000,+00000.000000
      TextureU +00000.000000,+00004.000000,+00000.000000
      TextureV -00000.000000,+00000.000000,+00004.000000
      Vertex   +00008.000000,+00041.000000,+00043.000000
      Vertex   +00008.000000,+00041.000000,-00001.000488
      Vertex   +00008.000000,+00043.000000,-00001.000000
      Vertex   +00008.000000,+00043.000000,+00043.000000
   End Polygon
   Begin Polygon Item=Outer Texture=Galvanzd Flags=1073741856 Link=25
      Origin   -00018.000488,+00025.000000,+00043.000000
      Normal   +00001.000000,-00000.000000,+00000.000000
      TextureU +00000.000000,+00001.000000,+00000.000000
      TextureV -00000.000000,+00000.000000,+00001.000000
      Vertex   -00018.000488,+00025.000000,+00031.000000
      Vertex   -00018.000488,+00027.000000,+00031.000000
      Vertex   -00018.000488,+00027.000000,+00043.000000
      Vertex   -00018.000488,+00025.000000,+00043.000000
   End Polygon
   Begin Polygon Item=2DLoftSIDE Texture=Galvanzd Flags=1073741856 Link=26
      Origin   -00016.000610,+00027.000977,+00029.000000
      Normal   -00000.258751,-00000.000000,+00000.965944
      TextureU +00000.965938,+00000.000000,+00000.258775
      TextureV +00000.000000,+00001.000000,+00000.000000
      Vertex   -00016.000610,+00027.000977,+00029.000000
      Vertex   -00016.000610,+00025.000977,+00029.000000
      Vertex   -00015.000488,+00025.000977,+00029.267883
      Vertex   -00015.000488,+00027.000977,+00029.267883
   End Polygon
   Begin Polygon Item=2DLoftSIDE Texture=Galvanzd Flags=1073741856 Link=27
      Origin   -00015.000488,+00027.000977,+00029.267883
      Normal   -00000.707155,-00000.000000,+00000.707058
      TextureU +00000.707107,-00000.000000,+00000.707107
      TextureV +00000.000000,+00001.000000,+00000.000000
      Vertex   -00015.000488,+00027.000977,+00029.267883
      Vertex   -00015.000488,+00025.000977,+00029.267883
      Vertex   -00014.268433,+00025.000977,+00030.000000
      Vertex   -00014.268433,+00027.000977,+00030.000000
   End Polygon
   Begin Polygon Item=2DLoftSIDE Texture=Galvanzd Flags=1073741856 Link=28
      Origin   -00018.000488,+00027.000000,+00031.000000
      Normal   +00000.965938,+00000.000000,+00000.258775
      TextureU +00000.258775,+00000.000000,-00000.965938
      TextureV +00000.000000,+00001.000000,+00000.000000
      Vertex   -00018.000488,+00027.000000,+00031.000000
      Vertex   -00018.000488,+00025.000000,+00031.000000
      Vertex   -00017.732544,+00025.000977,+00030.000000
      Vertex   -00017.732544,+00027.000977,+00030.000000
   End Polygon
   Begin Polygon Item=2DLoftSIDE Texture=Galvanzd Flags=1073741856 Link=29
      Origin   -00017.732544,+00027.000977,+00030.000000
      Normal   +00000.707107,-00000.000000,+00000.707107
      TextureU +00000.707107,-00000.000000,-00000.707107
      TextureV +00000.000000,+00001.000000,+00000.000000
      Vertex   -00017.732544,+00027.000977,+00030.000000
      Vertex   -00017.732544,+00025.000977,+00030.000000
      Vertex   -00017.000488,+00025.000977,+00029.267883
      Vertex   -00017.000488,+00027.000977,+00029.267883
   End Polygon
   Begin Polygon Item=2DLoftSIDE Texture=Galvanzd Flags=1073741856 Link=30
      Origin   -00017.000488,+00027.000977,+00029.267883
      Normal   +00000.258799,+00000.000000,+00000.965931
      TextureU +00000.965931,+00000.000000,-00000.258799
      TextureV +00000.000000,+00001.000000,+00000.000000
      Vertex   -00017.000488,+00027.000977,+00029.267883
      Vertex   -00017.000488,+00025.000977,+00029.267883
      Vertex   -00016.000610,+00025.000977,+00029.000000
      Vertex   -00016.000610,+00027.000977,+00029.000000
   End Polygon
   Begin Polygon Item=2DLoftSIDE Texture=Galvanzd Flags=1073741856 Link=31
      Origin   -00014.268433,+00027.000977,+00030.000000
      Normal   -00000.965907,-00000.000000,+00000.258889
      TextureU +00000.258799,+00000.000000,+00000.965931
      TextureV +00000.000000,+00001.000000,+00000.000000
      Vertex   -00014.268433,+00027.000977,+00030.000000
      Vertex   -00014.268433,+00025.000977,+00030.000000
      Vertex   -00014.000488,+00025.000977,+00030.999878
      Vertex   -00014.000488,+00027.000977,+00030.999878
   End Polygon
   Begin Polygon Item=2DLoftSIDE Texture=Galvanzd Flags=1073741856 Link=32
      Origin   -00012.536377,+00025.000977,+00029.000000
      Normal   +00000.965922,-00000.000000,-00000.258832
      TextureU +00000.258799,+00000.000000,+00000.965931
      TextureV -00000.000000,-00001.000000,-00000.000000
      Vertex   -00012.000488,+00027.000977,+00030.999878
      Vertex   -00012.000488,+00025.000977,+00030.999878
      Vertex   -00012.536377,+00025.000977,+00029.000000
      Vertex   -00012.536377,+00027.000977,+00029.000000
   End Polygon
   Begin Polygon Item=2DLoftSIDE Texture=Galvanzd Flags=1073741856 Link=33
      Origin   -00014.000488,+00025.000977,+00027.535828
      Normal   +00000.707131,+00000.000000,-00000.707083
      TextureU +00000.707107,-00000.000000,+00000.707107
      TextureV -00000.000000,-00001.000000,-00000.000000
      Vertex   -00012.536377,+00027.000977,+00029.000000
      Vertex   -00012.536377,+00025.000977,+00029.000000
      Vertex   -00014.000488,+00025.000977,+00027.535828
      Vertex   -00014.000488,+00027.000977,+00027.535828
   End Polygon
   Begin Polygon Item=2DLoftSIDE Texture=Galvanzd Flags=1073741856 Link=34
      Origin   -00016.000610,+00025.000977,+00027.000000
      Normal   +00000.258775,+00000.000000,-00000.965938
      TextureU +00000.965938,+00000.000000,+00000.258775
      TextureV -00000.000000,-00001.000000,-00000.000000
      Vertex   -00014.000488,+00027.000977,+00027.535828
      Vertex   -00014.000488,+00025.000977,+00027.535828
      Vertex   -00016.000610,+00025.000977,+00027.000000
      Vertex   -00016.000610,+00027.000977,+00027.000000
   End Polygon
   Begin Polygon Item=2DLoftSIDE Texture=Galvanzd Flags=1073741856 Link=35
      Origin   -00018.000488,+00025.000977,+00027.535828
      Normal   -00000.258787,-00000.000000,-00000.965934
      TextureU +00000.965931,+00000.000000,-00000.258799
      TextureV -00000.000000,-00001.000000,-00000.000000
      Vertex   -00016.000610,+00027.000977,+00027.000000
      Vertex   -00016.000610,+00025.000977,+00027.000000
      Vertex   -00018.000488,+00025.000977,+00027.535828
      Vertex   -00018.000488,+00027.000977,+00027.535828
   End Polygon
   Begin Polygon Item=Outer Texture=Galvanzd Flags=1073741856 Link=36
      Origin   -00020.000488,+00027.000000,+00043.000000
      Normal   -00001.000000,+00000.000000,-00000.000000
      TextureU -00000.000000,-00001.000000,-00000.000000
      TextureV -00000.000000,+00000.000000,+00001.000000
      Vertex   -00020.000488,+00027.000000,+00031.000000
      Vertex   -00020.000488,+00025.000000,+00031.000000
      Vertex   -00020.000488,+00025.000000,+00043.000000
      Vertex   -00020.000488,+00027.000000,+00043.000000
   End Polygon
   Begin Polygon Item=Top Texture=Galvanzd Flags=1073741856 Link=37
      Origin   -00018.000488,+00025.000000,+00031.000000
      Normal   +00000.000000,-00000.000000,-00001.000000
      TextureU +00000.000000,+00001.000000,+00000.000000
      TextureV +00001.000000,-00000.000000,+00000.000000
      Vertex   -00018.000488,+00025.000000,+00031.000000
      Vertex   -00020.000488,+00025.000000,+00031.000000
      Vertex   -00020.000488,+00027.000000,+00031.000000
      Vertex   -00018.000488,+00027.000000,+00031.000000
   End Polygon
   Begin Polygon Item=2DLoftSIDE Texture=Galvanzd Flags=1073741856 Link=38
      Origin   -00020.000488,+00025.000000,+00031.000000
      Normal   -00000.965938,-00000.000000,-00000.258775
      TextureU +00000.258775,+00000.000000,-00000.965938
      TextureV -00000.000000,-00001.000000,-00000.000000
      Vertex   -00020.000488,+00025.000000,+00031.000000
      Vertex   -00020.000488,+00027.000000,+00031.000000
      Vertex   -00019.464722,+00027.000977,+00029.000000
      Vertex   -00019.464722,+00025.000977,+00029.000000
   End Polygon
   Begin Polygon Item=2DLoftSIDE Texture=Galvanzd Flags=1073741856 Link=39
      Origin   -00019.464722,+00025.000977,+00029.000000
      Normal   -00000.707107,+00000.000000,-00000.707107
      TextureU +00000.707107,-00000.000000,-00000.707107
      TextureV -00000.000000,-00001.000000,-00000.000000
      Vertex   -00019.464722,+00025.000977,+00029.000000
      Vertex   -00019.464722,+00027.000977,+00029.000000
      Vertex   -00018.000488,+00027.000977,+00027.535828
      Vertex   -00018.000488,+00025.000977,+00027.535828
   End Polygon
   Begin Polygon Item=2DLoftSIDE Texture=Galvanzd Flags=1073741856 Link=40
      Origin   -00020.000488,+00027.000000,+00031.000000
      Normal   +00000.000000,+00001.000000,+00000.000000
      TextureU +00000.000000,-00000.000000,-00001.000000
      TextureV -00001.000000,+00000.000000,-00000.000000
      Vertex   -00018.000488,+00027.000000,+00031.000000
      Vertex   -00017.732544,+00027.000977,+00030.000000
      Vertex   -00019.464722,+00027.000977,+00029.000000
      Vertex   -00020.000488,+00027.000000,+00031.000000
   End Polygon
   Begin Polygon Item=2DLoftSIDE Texture=Galvanzd Flags=1073741856 Link=40
      Origin   -00020.000488,+00027.000000,+00031.000000
      Normal   +00000.000000,+00001.000000,+00000.000000
      TextureU +00000.000000,-00000.000000,-00001.000000
      TextureV -00001.000000,+00000.000000,-00000.000000
      Vertex   -00017.732544,+00027.000977,+00030.000000
      Vertex   -00017.000488,+00027.000977,+00029.267883
      Vertex   -00018.000488,+00027.000977,+00027.535828
      Vertex   -00019.464722,+00027.000977,+00029.000000
   End Polygon
   Begin Polygon Item=2DLoftSIDE Texture=Galvanzd Flags=1073741856 Link=40
      Origin   -00020.000488,+00027.000000,+00031.000000
      Normal   +00000.000000,+00001.000000,+00000.000000
      TextureU +00000.000000,-00000.000000,-00001.000000
      TextureV -00001.000000,+00000.000000,-00000.000000
      Vertex   -00017.000488,+00027.000977,+00029.267883
      Vertex   -00016.000610,+00027.000977,+00029.000000
      Vertex   -00016.000610,+00027.000977,+00027.000000
      Vertex   -00018.000488,+00027.000977,+00027.535828
   End Polygon
   Begin Polygon Item=2DLoftSIDE Texture=Galvanzd Flags=1073741856 Link=40
      Origin   -00020.000488,+00027.000000,+00031.000000
      Normal   +00000.000000,+00001.000000,+00000.000000
      TextureU +00000.000000,-00000.000000,-00001.000000
      TextureV -00001.000000,+00000.000000,-00000.000000
      Vertex   -00016.000610,+00027.000977,+00029.000000
      Vertex   -00015.000488,+00027.000977,+00029.267883
      Vertex   -00014.000488,+00027.000977,+00027.535828
      Vertex   -00016.000610,+00027.000977,+00027.000000
   End Polygon
   Begin Polygon Item=2DLoftSIDE Texture=Galvanzd Flags=1073741856 Link=40
      Origin   -00020.000488,+00027.000000,+00031.000000
      Normal   +00000.000000,+00001.000000,+00000.000000
      TextureU +00000.000000,-00000.000000,-00001.000000
      TextureV -00001.000000,+00000.000000,-00000.000000
      Vertex   -00015.000488,+00027.000977,+00029.267883
      Vertex   -00014.268433,+00027.000977,+00030.000000
      Vertex   -00012.536377,+00027.000977,+00029.000000
      Vertex   -00014.000488,+00027.000977,+00027.535828
   End Polygon
   Begin Polygon Item=2DLoftSIDE Texture=Galvanzd Flags=1073741856 Link=40
      Origin   -00020.000488,+00027.000000,+00031.000000
      Normal   +00000.000000,+00001.000000,+00000.000000
      TextureU +00000.000000,-00000.000000,-00001.000000
      TextureV -00001.000000,+00000.000000,-00000.000000
      Vertex   -00014.268433,+00027.000977,+00030.000000
      Vertex   -00014.000488,+00027.000977,+00030.999878
      Vertex   -00012.000488,+00027.000977,+00030.999878
      Vertex   -00012.536377,+00027.000977,+00029.000000
   End Polygon
   Begin Polygon Item=2DLoftSIDE Texture=Galvanzd Flags=1073741856 Link=46
      Origin   -00018.000488,+00025.000000,+00031.000000
      Normal   -00000.000000,-00001.000000,-00000.000000
      TextureU +00000.000000,-00000.000000,-00001.000000
      TextureV +00001.000000,-00000.000000,+00000.000000
      Vertex   -00017.732544,+00025.000977,+00030.000000
      Vertex   -00018.000488,+00025.000000,+00031.000000
      Vertex   -00020.000488,+00025.000000,+00031.000000
      Vertex   -00019.464722,+00025.000977,+00029.000000
   End Polygon
   Begin Polygon Item=2DLoftSIDE Texture=Galvanzd Flags=1073741856 Link=46
      Origin   -00018.000488,+00025.000000,+00031.000000
      Normal   -00000.000000,-00001.000000,-00000.000000
      TextureU +00000.000000,-00000.000000,-00001.000000
      TextureV +00001.000000,-00000.000000,+00000.000000
      Vertex   -00018.000488,+00025.000977,+00027.535828
      Vertex   -00017.000488,+00025.000977,+00029.267883
      Vertex   -00017.732544,+00025.000977,+00030.000000
      Vertex   -00019.464722,+00025.000977,+00029.000000
   End Polygon
   Begin Polygon Item=2DLoftSIDE Texture=Galvanzd Flags=1073741856 Link=46
      Origin   -00018.000488,+00025.000000,+00031.000000
      Normal   -00000.000000,-00001.000000,-00000.000000
      TextureU +00000.000000,-00000.000000,-00001.000000
      TextureV +00001.000000,-00000.000000,+00000.000000
      Vertex   -00017.000488,+00025.000977,+00029.267883
      Vertex   -00018.000488,+00025.000977,+00027.535828
      Vertex   -00016.000610,+00025.000977,+00027.000000
      Vertex   -00016.000610,+00025.000977,+00029.000000
   End Polygon
   Begin Polygon Item=2DLoftSIDE Texture=Galvanzd Flags=1073741856 Link=46
      Origin   -00018.000488,+00025.000000,+00031.000000
      Normal   -00000.000000,-00001.000000,-00000.000000
      TextureU +00000.000000,-00000.000000,-00001.000000
      TextureV +00001.000000,-00000.000000,+00000.000000
      Vertex   -00016.000610,+00025.000977,+00029.000000
      Vertex   -00016.000610,+00025.000977,+00027.000000
      Vertex   -00014.000488,+00025.000977,+00027.535828
      Vertex   -00015.000488,+00025.000977,+00029.267883
   End Polygon
   Begin Polygon Item=2DLoftSIDE Texture=Galvanzd Flags=1073741856 Link=46
      Origin   -00018.000488,+00025.000000,+00031.000000
      Normal   -00000.000000,-00001.000000,-00000.000000
      TextureU +00000.000000,-00000.000000,-00001.000000
      TextureV +00001.000000,-00000.000000,+00000.000000
      Vertex   -00015.000488,+00025.000977,+00029.267883
      Vertex   -00014.000488,+00025.000977,+00027.535828
      Vertex   -00012.536377,+00025.000977,+00029.000000
      Vertex   -00014.268433,+00025.000977,+00030.000000
   End Polygon
   Begin Polygon Item=2DLoftSIDE Texture=Galvanzd Flags=1073741856 Link=46
      Origin   -00018.000488,+00025.000000,+00031.000000
      Normal   -00000.000000,-00001.000000,-00000.000000
      TextureU +00000.000000,-00000.000000,-00001.000000
      TextureV +00001.000000,-00000.000000,+00000.000000
      Vertex   -00014.268433,+00025.000977,+00030.000000
      Vertex   -00012.536377,+00025.000977,+00029.000000
      Vertex   -00012.000488,+00025.000977,+00030.999878
      Vertex   -00014.000488,+00025.000977,+00030.999878
   End Polygon
   Begin Polygon Item=OUTSIDE Texture=DrtySilvMetal_A Flags=1073741824 Link=52
      Origin   +00008.000000,-00029.000000,-00017.000000
      Normal   +00000.000000,-00000.000000,-00001.000000
      TextureU +00000.000000,+00004.000000,+00000.000000
      TextureV +00004.000000,-00000.000000,+00000.000000
      Vertex   -00008.000000,-00029.000000,-00017.000000
      Vertex   -00032.000000,-00029.000000,-00017.000000
      Vertex   -00032.000000,+00043.000000,-00017.000000
      Vertex   -00008.000000,+00043.000000,-00017.000000
   End Polygon
   Begin Polygon Item=Outer Texture=Galvanzd Flags=1073741856 Link=53
      Origin   -00007.999878,+00004.657227,-00017.000000
      Normal   +00000.707107,+00000.707107,+00000.000000
      TextureU -00002.828427,+00002.828427,-00000.000000
      TextureV -00000.000000,+00000.000000,+00004.000000
      Vertex   -00007.999878,+00004.657227,-00017.000000
      Vertex   -00007.999878,+00004.657227,-00065.000000
      Vertex   -00010.343018,+00007.000488,-00065.000000
      Vertex   -00010.343018,+00007.000488,-00017.000000
   End Polygon
   Begin Polygon Item=Outer Texture=Galvanzd Flags=1073741856 Link=54
      Origin   -00007.999878,+00001.343506,-00017.000000
      Normal   +00001.000000,-00000.000000,+00000.000000
      TextureU +00000.000000,+00004.000000,+00000.000000
      TextureV -00000.000000,+00000.000000,+00004.000000
      Vertex   -00007.999878,+00001.343506,-00017.000000
      Vertex   -00007.999878,+00001.343506,-00065.000000
      Vertex   -00007.999878,+00004.657227,-00065.000000
      Vertex   -00007.999878,+00004.657227,-00017.000000
   End Polygon
   Begin Polygon Item=Outer Texture=Galvanzd Flags=1073741856 Link=55
      Origin   -00010.343018,-00000.999512,-00017.000000
      Normal   +00000.707107,-00000.707107,+00000.000000
      TextureU +00002.828427,+00002.828427,-00000.000000
      TextureV -00000.000000,+00000.000000,+00004.000000
      Vertex   -00010.343018,-00000.999512,-00017.000000
      Vertex   -00010.343018,-00000.999512,-00065.000000
      Vertex   -00007.999878,+00001.343506,-00065.000000
      Vertex   -00007.999878,+00001.343506,-00017.000000
   End Polygon
   Begin Polygon Item=Outer Texture=Galvanzd Flags=1073741856 Link=56
      Origin   -00013.656738,-00000.999512,-00017.000000
      Normal   -00000.000000,-00001.000000,-00000.000000
      TextureU +00004.000000,-00000.000000,+00000.000000
      TextureV -00000.000000,+00000.000000,+00004.000000
      Vertex   -00013.656738,-00000.999512,-00017.000000
      Vertex   -00013.656738,-00000.999512,-00065.000000
      Vertex   -00010.343018,-00000.999512,-00065.000000
      Vertex   -00010.343018,-00000.999512,-00017.000000
   End Polygon
   Begin Polygon Item=Outer Texture=Galvanzd Flags=1073741856 Link=57
      Origin   -00015.999878,+00001.343506,-00017.000000
      Normal   -00000.707107,-00000.707107,-00000.000000
      TextureU +00000.707107,-00000.707107,+00000.000000
      TextureV -00000.000000,+00000.000000,+00001.000000
      Vertex   -00015.999878,+00001.343506,-00017.000000
      Vertex   -00015.999878,+00001.343506,-00065.000000
      Vertex   -00013.656738,-00000.999512,-00065.000000
      Vertex   -00013.656738,-00000.999512,-00017.000000
   End Polygon
   Begin Polygon Item=Outer Texture=Galvanzd Flags=1073741856 Link=58
      Origin   -00015.999878,+00004.657227,-00017.000000
      Normal   -00001.000000,+00000.000000,-00000.000000
      TextureU +00000.000000,-00004.000000,-00000.000000
      TextureV -00000.000000,+00000.000000,+00004.000000
      Vertex   -00015.999878,+00004.657227,-00017.000000
      Vertex   -00015.999878,+00004.657227,-00065.000000
      Vertex   -00015.999878,+00001.343506,-00065.000000
      Vertex   -00015.999878,+00001.343506,-00017.000000
   End Polygon
   Begin Polygon Item=Outer Texture=Galvanzd Flags=1073741856 Link=59
      Origin   -00013.656738,+00007.000488,-00017.000000
      Normal   -00000.707107,+00000.707107,-00000.000000
      TextureU -00002.828427,-00002.828427,+00000.000000
      TextureV -00000.000000,+00000.000000,+00004.000000
      Vertex   -00013.656738,+00007.000488,-00017.000000
      Vertex   -00013.656738,+00007.000488,-00065.000000
      Vertex   -00015.999878,+00004.657227,-00065.000000
      Vertex   -00015.999878,+00004.657227,-00017.000000
   End Polygon
   Begin Polygon Item=Outer Texture=Galvanzd Flags=1073741856 Link=60
      Origin   -00010.343018,+00007.000488,-00017.000000
      Normal   +00000.000000,+00001.000000,+00000.000000
      TextureU -00004.000000,+00000.000000,-00000.000000
      TextureV -00000.000000,+00000.000000,+00004.000000
      Vertex   -00010.343018,+00007.000488,-00017.000000
      Vertex   -00010.343018,+00007.000488,-00065.000000
      Vertex   -00013.656738,+00007.000488,-00065.000000
      Vertex   -00013.656738,+00007.000488,-00017.000000
   End Polygon
   Begin Polygon Item=Top Texture=Galvanzd Flags=1073741856 Link=61
      Origin   -00010.343018,+00007.000488,-00065.000000
      Normal   +00000.000000,-00000.000000,-00001.000000
      TextureU -00000.707107,-00000.707107,-00000.000000
      TextureV -00000.707107,+00000.707107,-00000.000000
      Vertex   -00010.343018,+00007.000488,-00065.000000
      Vertex   -00007.999878,+00004.657227,-00065.000000
      Vertex   -00007.999878,+00001.343506,-00065.000000
      Vertex   -00010.343018,-00000.999512,-00065.000000
      Vertex   -00013.656738,-00000.999512,-00065.000000
      Vertex   -00015.999878,+00001.343506,-00065.000000
      Vertex   -00015.999878,+00004.657227,-00065.000000
      Vertex   -00013.656738,+00007.000488,-00065.000000
   End Polygon
   Begin Polygon Item=OUTSIDE Texture=DrtySilvMetal_A Flags=1073741824 Link=62
      Origin   -00032.000000,-00029.000000,-00001.000000
      Normal   -00000.000000,-00001.000000,-00000.000000
      TextureU +00004.000000,-00000.000000,+00000.000000
      TextureV -00000.000000,+00000.000000,+00004.000000
      Vertex   -00032.000000,-00029.000000,-00001.000000
      Vertex   -00032.000000,-00029.000000,-00017.000000
      Vertex   -00008.000000,-00029.000000,-00017.000000
      Vertex   +00008.000000,-00029.000000,-00009.000000
      Vertex   +00008.000000,-00029.000000,-00001.000000
   End Polygon
   Begin Polygon Item=OUTSIDE Texture=DrtySilvMetal_A Flags=1073741824 Link=63
      Origin   +00008.000000,+00043.000000,-00001.000000
      Normal   +00000.000000,+00001.000000,+00000.000000
      TextureU -00004.000000,+00000.000000,-00000.000000
      TextureV -00000.000000,+00000.000000,+00004.000000
      Vertex   +00008.000000,+00043.000000,-00001.000000
      Vertex   +00008.000000,+00043.000000,-00009.000000
      Vertex   -00008.000000,+00043.000000,-00017.000000
      Vertex   -00032.000000,+00043.000000,-00017.000000
      Vertex   -00032.000000,+00043.000000,-00001.000000
   End Polygon
   Begin Polygon Item=OUTSIDE Texture=DrtySilvMetal_A Flags=1073741824 Link=64
      Origin   +00008.000000,-00029.000000,-00001.000000
      Normal   +00001.000000,-00000.000000,+00000.000000
      TextureU +00000.000000,+00004.000000,+00000.000000
      TextureV -00000.000000,+00000.000000,+00004.000000
      Vertex   +00008.000000,+00041.000000,-00001.000488
      Vertex   +00008.000000,-00027.000000,-00001.000488
      Vertex   +00008.000000,-00029.000000,-00001.000000
      Vertex   +00008.000000,-00029.000000,-00009.000000
      Vertex   +00008.000000,+00043.000000,-00009.000000
      Vertex   +00008.000000,+00043.000000,-00001.000000
   End Polygon
   Begin Polygon Item=OUTSIDE Texture=Galvanzd Flags=1073741824 Link=65
      Origin   -00030.000000,-00027.000000,-00005.000000
      Normal   -00000.000000,+00000.000000,+00001.000000
      TextureU +00004.000000,-00000.000000,+00000.000000
      TextureV +00000.000000,-00004.000000,-00000.000000
      Vertex   +00006.000000,-00027.000000,-00005.000000
      Vertex   +00006.000000,+00041.000000,-00005.000000
      Vertex   -00030.000000,+00041.000000,-00005.000000
      Vertex   -00030.000000,-00027.000000,-00005.000000
   End Polygon
   Begin Polygon Item=OUTSIDE Texture=Galvanzd Flags=1073741824 Link=66
      Origin   +00006.000000,-00027.000000,-00001.000000
      Normal   -00001.000000,+00000.000000,-00000.000000
      TextureU +00000.000000,+00004.000000,+00000.000000
      TextureV -00000.000000,+00000.000000,+00004.000000
      Vertex   +00006.000000,+00041.000000,-00001.000000
      Vertex   +00006.000000,+00041.000000,-00005.000000
      Vertex   +00006.000000,-00027.000000,-00005.000000
      Vertex   +00006.000000,-00027.000000,-00001.000000
   End Polygon
   Begin Polygon Item=OUTSIDE Texture=Galvanzd Flags=1073741824 Link=67
      Origin   -00030.000000,+00041.000000,-00001.000000
      Normal   +00001.000000,-00000.000000,+00000.000000
      TextureU +00000.000000,-00004.000000,-00000.000000
      TextureV -00000.000000,+00000.000000,+00004.000000
      Vertex   -00030.000000,-00027.000000,-00001.000000
      Vertex   -00030.000000,-00027.000000,-00005.000000
      Vertex   -00030.000000,+00041.000000,-00005.000000
      Vertex   -00030.000000,+00041.000000,-00001.000000
   End Polygon
   Begin Polygon Item=OUTSIDE Texture=Galvanzd Flags=1073741824 Link=68
      Origin   +00006.000000,+00041.000000,-00001.000000
      Normal   -00000.000000,-00001.000000,-00000.000000
      TextureU -00004.000000,+00000.000000,-00000.000000
      TextureV -00000.000000,+00000.000000,+00004.000000
      Vertex   -00030.000000,+00041.000000,-00001.000000
      Vertex   -00030.000000,+00041.000000,-00005.000000
      Vertex   +00006.000000,+00041.000000,-00005.000000
      Vertex   +00006.000000,+00041.000000,-00001.000000
   End Polygon
   Begin Polygon Item=OUTSIDE Texture=Galvanzd Flags=1073741824 Link=69
      Origin   -00030.000000,-00027.000000,-00001.000000
      Normal   +00000.000000,+00001.000000,+00000.000000
      TextureU +00004.000000,-00000.000000,+00000.000000
      TextureV -00000.000000,+00000.000000,+00004.000000
      Vertex   +00006.000000,-00027.000000,-00001.000000
      Vertex   +00006.000000,-00027.000000,-00005.000000
      Vertex   -00030.000000,-00027.000000,-00005.000000
      Vertex   -00030.000000,-00027.000000,-00001.000000
   End Polygon
   Begin Polygon Item=2DLoftSIDE Texture=Galvanzd Flags=1073741824 Link=70
      Origin   +00008.000000,+00043.000000,-00009.000000
      Normal   +00000.447214,-00000.000000,-00000.894427
      TextureU +00000.000000,-00004.000000,-00000.000000
      TextureV +00003.577709,-00000.000000,+00001.788854
      Vertex   +00008.000000,-00029.000000,-00009.000000
      Vertex   -00008.000000,-00029.000000,-00017.000000
      Vertex   -00008.000000,+00043.000000,-00017.000000
      Vertex   +00008.000000,+00043.000000,-00009.000000
   End Polygon
   Begin Polygon Item=OUTSIDE Texture=DrtySilvMetal_A Flags=1073741824 Link=5
      Origin   +00008.000000,+00043.000000,-00001.000000
      Normal   -00000.000000,+00000.000000,+00001.000000
      TextureU +00000.000000,-00004.000000,-00000.000000
      TextureV +00004.000000,-00000.000000,+00000.000000
      Vertex   -00030.000000,+00043.000000,-00001.000000
      Vertex   -00032.000000,+00043.000000,-00001.000000
      Vertex   -00032.000000,-00029.000000,-00001.000000
      Vertex   -00030.000000,-00029.000000,-00001.000000
   End Polygon
