Begin PolyList
   Begin Polygon Item=OUTSIDE Flags=-1073741824 Link=0
      Origin   -00050.000000,+00050.000000,-00090.000000
      Normal   +00000.000000,+00000.000000,-00001.000000
      TextureU +00000.000000,-00001.000000,+00000.000000
      TextureV -00001.000000,+00000.000000,+00000.000000
      Vertex   +00005.000122,+00049.000000,-00090.000000
      Vertex   +00005.000122,+00045.000000,-00090.000000
      Vertex   +00000.999939,+00045.000000,-00090.000000
      Vertex   +00000.999939,+00049.000000,-00090.000000
   End Polygon
   Begin Polygon Item=OUTSIDE Flags=-1073741824 Link=0
      Origin   -00050.000000,+00050.000000,-00090.000000
      Normal   +00000.000000,+00000.000000,-00001.000000
      TextureU +00000.000000,-00001.000000,+00000.000000
      TextureV -00001.000000,+00000.000000,+00000.000000
      Vertex   +00005.000122,-00047.000000,-00090.000000
      Vertex   +00000.999939,-00047.000000,-00090.000000
      Vertex   +00000.999939,-00043.000000,-00090.000000
      Vertex   +00005.000122,-00043.000000,-00090.000000
   End Polygon
   Begin Polygon Item=OUTSIDE Flags=-1073741824 Link=0
      Origin   -00050.000000,+00050.000000,-00090.000000
      Normal   +00000.000000,+00000.000000,-00001.000000
      TextureU +00000.000000,-00001.000000,+00000.000000
      TextureV -00001.000000,+00000.000000,+00000.000000
      Vertex   -00038.999939,+00045.000000,-00090.000000
      Vertex   -00038.999939,+00049.000000,-00090.000000
      Vertex   -00035.000061,+00049.000000,-00090.000000
      Vertex   -00035.000061,+00045.000000,-00090.000000
   End Polygon
   Begin Polygon Item=OUTSIDE Flags=-1073741824 Link=0
      Origin   -00050.000000,+00050.000000,-00090.000000
      Normal   +00000.000000,+00000.000000,-00001.000000
      TextureU +00000.000000,-00001.000000,+00000.000000
      TextureV -00001.000000,+00000.000000,+00000.000000
      Vertex   -00038.999939,-00047.000000,-00090.000000
      Vertex   -00038.999939,-00043.000000,-00090.000000
      Vertex   -00035.000061,-00043.000000,-00090.000000
      Vertex   -00035.000061,-00047.000000,-00090.000000
   End Polygon
   Begin Polygon Item=OUTSIDE Texture=un_woodfloor_b Flags=1082130464 Link=4
      Origin   +00569.000000,+01089.000000,-00046.000000
      Normal   +00000.000000,+00000.000000,+00001.000000
      TextureU +00001.000000,+00000.000000,+00000.000000
      TextureV +00000.000000,+00001.000000,+00000.000000
      Vertex   +00005.000000,-00047.000000,-00046.000000
      Vertex   +00005.000000,+00049.000000,-00046.000000
      Vertex   -00039.000000,+00049.000000,-00046.000000
      Vertex   -00039.000000,-00047.000000,-00046.000000
   End Polygon
   Begin Polygon Item=OUTSIDE Texture=un_woodfloor_b Flags=1082130464 Link=5
      Origin   -00039.000000,-00047.000000,-00026.000000
      Normal   -00001.000000,+00000.000000,+00000.000000
      TextureU +00000.000000,-00001.000000,+00000.000000
      TextureV +00000.000000,+00000.000000,-00001.000000
      Vertex   -00039.000000,-00047.000000,-00046.000000
      Vertex   -00039.000000,+00049.000000,-00046.000000
      Vertex   -00039.000000,+00049.000000,-00050.000000
      Vertex   -00039.000000,-00047.000000,-00050.000000
   End Polygon
   Begin Polygon Item=OUTSIDE Texture=un_woodfloor_b Flags=1082130464 Link=6
      Origin   +00005.000000,+00049.000000,-00026.000000
      Normal   +00001.000000,+00000.000000,+00000.000000
      TextureU +00000.000000,+00001.000000,+00000.000000
      TextureV +00000.000000,+00000.000000,-00001.000000
      Vertex   +00005.000000,+00049.000000,-00046.000000
      Vertex   +00005.000000,-00047.000000,-00046.000000
      Vertex   +00005.000000,-00047.000000,-00050.000000
      Vertex   +00005.000000,+00049.000000,-00050.000000
   End Polygon
   Begin Polygon Item=OUTSIDE Texture=un_woodfloor_b Flags=1082130464 Link=7
      Origin   -00059.000000,+00049.000000,-00026.000000
      Normal   +00000.000000,+00001.000000,+00000.000000
      TextureU -00001.000000,+00000.000000,+00000.000000
      TextureV +00000.000000,+00000.000000,-00001.000000
      Vertex   -00039.000000,+00049.000000,-00046.000000
      Vertex   +00005.000000,+00049.000000,-00046.000000
      Vertex   +00005.000000,+00049.000000,-00050.000000
      Vertex   -00039.000000,+00049.000000,-00050.000000
   End Polygon
   Begin Polygon Item=OUTSIDE Texture=un_woodfloor_b Flags=1082130464 Link=8
      Origin   +00005.000000,-00047.000000,-00026.000000
      Normal   +00000.000000,-00001.000000,+00000.000000
      TextureU +00001.000000,+00000.000000,+00000.000000
      TextureV +00000.000000,+00000.000000,-00001.000000
      Vertex   +00005.000000,-00047.000000,-00046.000000
      Vertex   -00039.000000,-00047.000000,-00046.000000
      Vertex   -00039.000000,-00047.000000,-00050.000000
      Vertex   +00005.000000,-00047.000000,-00050.000000
   End Polygon
   Begin Polygon Item=OUTSIDE Texture=un_woodfloor_b Flags=1082130464 Link=9
      Origin   -00028.333252,+01089.000000,-00026.000000
      Normal   -00000.986394,+00000.000000,+00000.164399
      TextureU +00000.000000,-00001.000000,+00000.000000
      TextureV -00000.164399,+00000.000000,-00000.986394
      Vertex   -00039.000000,-00043.000000,-00090.000000
      Vertex   -00039.000000,-00047.000000,-00090.000000
      Vertex   -00035.000000,-00043.000000,-00066.000000
      Vertex   -00035.000000,-00039.000000,-00066.000000
   End Polygon
   Begin Polygon Item=OUTSIDE Texture=un_woodfloor_b Flags=1082130464 Link=10
      Origin   -00024.333374,+01089.000000,-00026.000000
      Normal   +00000.986394,+00000.000000,-00000.164399
      TextureU +00000.000000,+00001.000000,+00000.000000
      TextureV -00000.164399,+00000.000000,-00000.986394
      Vertex   -00035.000000,-00047.000000,-00090.000000
      Vertex   -00035.000000,-00043.000000,-00090.000000
      Vertex   -00031.000000,-00039.000000,-00066.000000
      Vertex   -00031.000000,-00043.000000,-00066.000000
   End Polygon
   Begin Polygon Item=OUTSIDE Texture=un_woodfloor_b Flags=1082130464 Link=11
      Origin   +00569.000000,-00036.333374,-00026.000000
      Normal   +00000.000000,-00000.986394,+00000.164399
      TextureU +00001.000000,+00000.000000,+00000.000000
      TextureV +00000.000000,-00000.164399,-00000.986394
      Vertex   +00001.000000,-00047.000000,-00090.000000
      Vertex   +00005.000000,-00047.000000,-00090.000000
      Vertex   +00001.000000,-00043.000000,-00066.000000
      Vertex   -00003.000000,-00043.000000,-00066.000000
   End Polygon
   Begin Polygon Item=OUTSIDE Texture=un_woodfloor_b Flags=1082130464 Link=12
      Origin   +00569.000000,-00032.333374,-00026.000000
      Normal   +00000.000000,+00000.986394,-00000.164399
      TextureU -00001.000000,+00000.000000,+00000.000000
      TextureV +00000.000000,-00000.164399,-00000.986394
      Vertex   +00005.000000,-00043.000000,-00090.000000
      Vertex   +00001.000000,-00043.000000,-00090.000000
      Vertex   -00003.000000,-00039.000000,-00066.000000
      Vertex   +00001.000000,-00039.000000,-00066.000000
   End Polygon
   Begin Polygon Item=OUTSIDE Texture=un_woodfloor_b Flags=1082130464 Link=13
      Origin   -00005.666504,+01089.000000,-00026.001095
      Normal   +00000.986394,-00000.000000,+00000.164401
      TextureU +00000.000000,+00001.000000,+00000.000000
      TextureV +00000.164399,+00000.000000,-00000.986394
      Vertex   +00004.999939,+00045.000000,-00090.000000
      Vertex   +00004.999939,+00049.000000,-00090.000000
      Vertex   +00000.999939,+00045.000000,-00066.000000
      Vertex   +00000.999939,+00041.000000,-00066.000000
   End Polygon
   Begin Polygon Item=OUTSIDE Texture=un_woodfloor_b Flags=1082130464 Link=14
      Origin   -00009.666748,+01089.000000,-00026.000000
      Normal   -00000.986394,+00000.000000,-00000.164399
      TextureU +00000.000000,-00001.000000,+00000.000000
      TextureV +00000.164399,+00000.000000,-00000.986394
      Vertex   +00000.999939,+00049.000000,-00090.000000
      Vertex   +00000.999939,+00045.000000,-00090.000000
      Vertex   -00003.000061,+00041.000000,-00066.000000
      Vertex   -00003.000061,+00045.000000,-00066.000000
   End Polygon
   Begin Polygon Item=OUTSIDE Texture=un_woodfloor_b Flags=1082130464 Link=15
      Origin   +00569.000000,+00034.333374,-00026.000000
      Normal   +00000.000000,-00000.986394,-00000.164399
      TextureU +00001.000000,+00000.000000,+00000.000000
      TextureV +00000.000000,+00000.164399,-00000.986394
      Vertex   +00000.999939,+00045.000000,-00090.000000
      Vertex   +00004.999939,+00045.000000,-00090.000000
      Vertex   +00000.999939,+00041.000000,-00066.000000
      Vertex   -00003.000061,+00041.000000,-00066.000000
   End Polygon
   Begin Polygon Item=OUTSIDE Texture=un_woodfloor_b Flags=1082130464 Link=16
      Origin   +00569.000000,+00038.333374,-00026.000000
      Normal   +00000.000000,+00000.986394,+00000.164399
      TextureU -00001.000000,+00000.000000,+00000.000000
      TextureV +00000.000000,+00000.164399,-00000.986394
      Vertex   +00004.999939,+00049.000000,-00090.000000
      Vertex   +00000.999939,+00049.000000,-00090.000000
      Vertex   -00003.000061,+00045.000000,-00066.000000
      Vertex   +00000.999939,+00045.000000,-00066.000000
   End Polygon
   Begin Polygon Item=OUTSIDE Texture=un_woodfloor_b Flags=1082130464 Link=17
      Origin   -00009.666748,+01089.000000,-00026.000000
      Normal   -00000.986394,+00000.000000,-00000.164399
      TextureU +00000.000000,-00001.000000,+00000.000000
      TextureV +00000.164399,+00000.000000,-00000.986394
      Vertex   +00001.000000,-00043.000000,-00090.000000
      Vertex   +00001.000000,-00047.000000,-00090.000000
      Vertex   -00003.000000,-00043.000000,-00066.000000
      Vertex   -00003.000000,-00039.000000,-00066.000000
   End Polygon
   Begin Polygon Item=OUTSIDE Texture=un_woodfloor_b Flags=1082130464 Link=18
      Origin   -00005.666504,+01089.000000,-00026.001095
      Normal   +00000.986394,-00000.000000,+00000.164401
      TextureU +00000.000000,+00001.000000,+00000.000000
      TextureV +00000.164399,+00000.000000,-00000.986394
      Vertex   +00005.000000,-00047.000000,-00090.000000
      Vertex   +00005.000000,-00043.000000,-00090.000000
      Vertex   +00001.000000,-00039.000000,-00066.000000
      Vertex   +00001.000000,-00043.000000,-00066.000000
   End Polygon
   Begin Polygon Item=OUTSIDE Texture=un_woodfloor_b Flags=1082130464 Link=19
      Origin   +00569.000000,-00032.333374,-00026.000000
      Normal   +00000.000000,+00000.986394,-00000.164399
      TextureU -00001.000000,+00000.000000,+00000.000000
      TextureV +00000.000000,-00000.164399,-00000.986394
      Vertex   -00035.000000,-00043.000000,-00090.000000
      Vertex   -00039.000000,-00043.000000,-00090.000000
      Vertex   -00035.000000,-00039.000000,-00066.000000
      Vertex   -00031.000000,-00039.000000,-00066.000000
   End Polygon
   Begin Polygon Item=OUTSIDE Texture=un_woodfloor_b Flags=1082130464 Link=20
      Origin   +00569.000000,+00038.333374,-00026.000000
      Normal   +00000.000000,+00000.986394,+00000.164399
      TextureU -00001.000000,+00000.000000,+00000.000000
      TextureV +00000.000000,+00000.164399,-00000.986394
      Vertex   -00035.000000,+00049.000000,-00090.000000
      Vertex   -00039.000000,+00049.000000,-00090.000000
      Vertex   -00035.000000,+00045.000000,-00066.000000
      Vertex   -00031.000000,+00045.000000,-00066.000000
   End Polygon
   Begin Polygon Item=OUTSIDE Texture=un_woodfloor_b Flags=1082130464 Link=21
      Origin   +00569.000000,+00034.333374,-00026.000000
      Normal   +00000.000000,-00000.986394,-00000.164399
      TextureU +00001.000000,+00000.000000,+00000.000000
      TextureV +00000.000000,+00000.164399,-00000.986394
      Vertex   -00039.000000,+00045.000000,-00090.000000
      Vertex   -00035.000000,+00045.000000,-00090.000000
      Vertex   -00031.000000,+00041.000000,-00066.000000
      Vertex   -00035.000000,+00041.000000,-00066.000000
   End Polygon
   Begin Polygon Item=OUTSIDE Texture=un_woodfloor_b Flags=1082130464 Link=22
      Origin   +00569.000000,-00036.333374,-00026.000000
      Normal   +00000.000000,-00000.986394,+00000.164399
      TextureU +00001.000000,+00000.000000,+00000.000000
      TextureV +00000.000000,-00000.164399,-00000.986394
      Vertex   -00039.000000,-00047.000000,-00090.000000
      Vertex   -00035.000000,-00047.000000,-00090.000000
      Vertex   -00031.000000,-00043.000000,-00066.000000
      Vertex   -00035.000000,-00043.000000,-00066.000000
   End Polygon
   Begin Polygon Item=OUTSIDE Texture=un_woodfloor_b Flags=1082130464 Link=23
      Origin   -00024.333374,+01089.000000,-00026.000000
      Normal   +00000.986394,+00000.000000,-00000.164399
      TextureU +00000.000000,+00001.000000,+00000.000000
      TextureV -00000.164399,+00000.000000,-00000.986394
      Vertex   -00035.000000,+00045.000000,-00090.000000
      Vertex   -00035.000000,+00049.000000,-00090.000000
      Vertex   -00031.000000,+00045.000000,-00066.000000
      Vertex   -00031.000000,+00041.000000,-00066.000000
   End Polygon
   Begin Polygon Item=OUTSIDE Texture=un_woodfloor_b Flags=1082130464 Link=24
      Origin   -00028.333252,+01089.000000,-00026.000000
      Normal   -00000.986394,+00000.000000,+00000.164399
      TextureU +00000.000000,-00001.000000,+00000.000000
      TextureV -00000.164399,+00000.000000,-00000.986394
      Vertex   -00039.000000,+00049.000000,-00090.000000
      Vertex   -00039.000000,+00045.000000,-00090.000000
      Vertex   -00035.000000,+00041.000000,-00066.000000
      Vertex   -00035.000000,+00045.000000,-00066.000000
   End Polygon
   Begin Polygon Item=OUTSIDE Texture=un_woodfloor_b Flags=1082130464 Link=25
      Origin   +00569.000000,+01089.000000,-00050.000000
      Normal   +00000.000000,+00000.000000,-00001.000000
      TextureU +00001.000000,+00000.000000,+00000.000000
      TextureV +00000.000000,+00001.000000,+00000.000000
      Vertex   -00039.000000,-00047.000000,-00050.000000
      Vertex   -00039.000000,+00049.000000,-00050.000000
      Vertex   +00005.000000,+00049.000000,-00050.000000
      Vertex   +00005.000000,-00047.000000,-00050.000000
   End Polygon
   Begin Polygon Item=OUTSIDE Texture=un_woodfloor_b Flags=1082130464 Link=26
      Origin   +00569.000000,+01089.000000,-00066.000000
      Normal   +00000.000000,+00000.000000,+00001.000000
      TextureU +00001.000000,+00000.000000,+00000.000000
      TextureV +00000.000000,+00001.000000,+00000.000000
      Vertex   -00031.000000,-00043.000000,-00066.000000
      Vertex   -00031.000000,-00039.000000,-00066.000000
      Vertex   -00035.000000,-00039.000000,-00066.000000
      Vertex   -00035.000000,-00043.000000,-00066.000000
   End Polygon
   Begin Polygon Item=OUTSIDE Texture=un_woodfloor_b Flags=1082130464 Link=27
      Origin   -00035.000000,-00043.000000,-00026.000000
      Normal   -00001.000000,+00000.000000,+00000.000000
      TextureU +00000.000000,-00001.000000,+00000.000000
      TextureV +00000.000000,+00000.000000,-00001.000000
      Vertex   -00035.000000,-00043.000000,-00066.000000
      Vertex   -00034.999939,-00043.000000,-00049.999996
      Vertex   -00034.999939,-00039.000000,-00049.999996
      Vertex   -00035.000000,-00039.000000,-00066.000000
   End Polygon
   Begin Polygon Item=OUTSIDE Texture=un_woodfloor_b Flags=1082130464 Link=28
      Origin   -00031.000000,-00039.000000,-00026.000000
      Normal   +00001.000000,+00000.000000,+00000.000000
      TextureU +00000.000000,+00001.000000,+00000.000000
      TextureV +00000.000000,+00000.000000,-00001.000000
      Vertex   -00031.000000,-00039.000000,-00066.000000
      Vertex   -00031.000000,-00039.000000,-00049.999996
      Vertex   -00031.000000,-00043.000000,-00049.999996
      Vertex   -00031.000000,-00043.000000,-00066.000000
   End Polygon
   Begin Polygon Item=OUTSIDE Texture=un_woodfloor_b Flags=1082130464 Link=29
      Origin   -00003.000000,-00043.000000,-00026.000000
      Normal   -00001.000000,+00000.000000,+00000.000000
      TextureU +00000.000000,-00001.000000,+00000.000000
      TextureV +00000.000000,+00000.000000,-00001.000000
      Vertex   -00003.000000,-00043.000000,-00066.000000
      Vertex   -00002.999939,-00043.000000,-00049.999996
      Vertex   -00002.999939,-00039.000000,-00049.999996
      Vertex   -00003.000000,-00039.000000,-00066.000000
   End Polygon
   Begin Polygon Item=OUTSIDE Texture=un_woodfloor_b Flags=1082130464 Link=30
      Origin   +00001.000000,-00039.000000,-00026.000000
      Normal   +00001.000000,+00000.000000,+00000.000000
      TextureU +00000.000000,+00001.000000,+00000.000000
      TextureV +00000.000000,+00000.000000,-00001.000000
      Vertex   +00001.000000,-00039.000000,-00066.000000
      Vertex   +00001.000000,-00039.000000,-00049.999996
      Vertex   +00001.000000,-00043.000000,-00049.999996
      Vertex   +00001.000000,-00043.000000,-00066.000000
   End Polygon
   Begin Polygon Item=OUTSIDE Texture=un_woodfloor_b Flags=1082130464 Link=31
      Origin   -00003.000000,-00039.000000,-00026.000000
      Normal   +00000.000000,+00001.000000,+00000.000000
      TextureU -00001.000000,+00000.000000,+00000.000000
      TextureV +00000.000000,+00000.000000,-00001.000000
      Vertex   -00003.000000,-00039.000000,-00066.000000
      Vertex   -00002.999939,-00039.000000,-00049.999996
      Vertex   +00001.000000,-00039.000000,-00049.999996
      Vertex   +00001.000000,-00039.000000,-00066.000000
   End Polygon
   Begin Polygon Item=OUTSIDE Texture=un_woodfloor_b Flags=1082130464 Link=32
      Origin   -00003.000061,+00045.000000,-00026.000000
      Normal   +00000.000000,+00001.000000,+00000.000000
      TextureU -00001.000000,+00000.000000,+00000.000000
      TextureV +00000.000000,+00000.000000,-00001.000000
      Vertex   -00003.000061,+00045.000000,-00066.000000
      Vertex   -00003.000000,+00045.000000,-00049.999996
      Vertex   +00000.999939,+00045.000000,-00049.999996
      Vertex   +00000.999939,+00045.000000,-00066.000000
   End Polygon
   Begin Polygon Item=OUTSIDE Texture=un_woodfloor_b Flags=1082130464 Link=33
      Origin   +00000.999939,+00041.000000,-00026.000000
      Normal   +00000.000000,-00001.000000,+00000.000000
      TextureU +00001.000000,+00000.000000,+00000.000000
      TextureV +00000.000000,+00000.000000,-00001.000000
      Vertex   +00000.999939,+00041.000000,-00066.000000
      Vertex   +00000.999939,+00041.000000,-00049.999996
      Vertex   -00003.000000,+00041.000000,-00049.999996
      Vertex   -00003.000061,+00041.000000,-00066.000000
   End Polygon
   Begin Polygon Item=OUTSIDE Texture=un_woodfloor_b Flags=1082130464 Link=34
      Origin   +00001.000000,-00043.000000,-00026.000000
      Normal   +00000.000000,-00001.000000,+00000.000000
      TextureU +00001.000000,+00000.000000,+00000.000000
      TextureV +00000.000000,+00000.000000,-00001.000000
      Vertex   +00001.000000,-00043.000000,-00066.000000
      Vertex   +00001.000000,-00043.000000,-00049.999996
      Vertex   -00002.999939,-00043.000000,-00049.999996
      Vertex   -00003.000000,-00043.000000,-00066.000000
   End Polygon
   Begin Polygon Item=OUTSIDE Texture=un_woodfloor_b Flags=1082130464 Link=35
      Origin   +00000.999939,+00045.000000,-00026.000000
      Normal   +00001.000000,+00000.000000,+00000.000000
      TextureU +00000.000000,+00001.000000,+00000.000000
      TextureV +00000.000000,+00000.000000,-00001.000000
      Vertex   +00000.999939,+00045.000000,-00066.000000
      Vertex   +00000.999939,+00045.000000,-00049.999996
      Vertex   +00000.999939,+00041.000000,-00049.999996
      Vertex   +00000.999939,+00041.000000,-00066.000000
   End Polygon
   Begin Polygon Item=OUTSIDE Texture=un_woodfloor_b Flags=1082130464 Link=36
      Origin   -00003.000061,+00041.000000,-00026.000000
      Normal   -00001.000000,+00000.000000,+00000.000000
      TextureU +00000.000000,-00001.000000,+00000.000000
      TextureV +00000.000000,+00000.000000,-00001.000000
      Vertex   -00003.000061,+00041.000000,-00066.000000
      Vertex   -00003.000000,+00041.000000,-00049.999996
      Vertex   -00003.000000,+00045.000000,-00049.999996
      Vertex   -00003.000061,+00045.000000,-00066.000000
   End Polygon
   Begin Polygon Item=OUTSIDE Texture=un_woodfloor_b Flags=1082130464 Link=37
      Origin   -00035.000000,-00039.000000,-00026.000000
      Normal   +00000.000000,+00001.000000,+00000.000000
      TextureU -00001.000000,+00000.000000,+00000.000000
      TextureV +00000.000000,+00000.000000,-00001.000000
      Vertex   -00035.000000,-00039.000000,-00066.000000
      Vertex   -00034.999939,-00039.000000,-00049.999996
      Vertex   -00031.000000,-00039.000000,-00049.999996
      Vertex   -00031.000000,-00039.000000,-00066.000000
   End Polygon
   Begin Polygon Item=OUTSIDE Texture=un_woodfloor_b Flags=1082130464 Link=38
      Origin   -00035.000061,+00045.000000,-00026.000000
      Normal   +00000.000000,+00001.000000,+00000.000000
      TextureU -00001.000000,+00000.000000,+00000.000000
      TextureV +00000.000000,+00000.000000,-00001.000000
      Vertex   -00035.000000,+00045.000000,-00066.000000
      Vertex   -00035.000000,+00045.000000,-00049.999996
      Vertex   -00031.000061,+00045.000000,-00049.999996
      Vertex   -00031.000000,+00045.000000,-00066.000000
   End Polygon
   Begin Polygon Item=OUTSIDE Texture=un_woodfloor_b Flags=1082130464 Link=39
      Origin   -00031.000061,+00041.000000,-00026.000000
      Normal   +00000.000000,-00001.000000,+00000.000000
      TextureU +00001.000000,+00000.000000,+00000.000000
      TextureV +00000.000000,+00000.000000,-00001.000000
      Vertex   -00031.000000,+00041.000000,-00066.000000
      Vertex   -00031.000061,+00041.000000,-00049.999996
      Vertex   -00035.000000,+00041.000000,-00049.999996
      Vertex   -00035.000000,+00041.000000,-00066.000000
   End Polygon
   Begin Polygon Item=OUTSIDE Texture=un_woodfloor_b Flags=1082130464 Link=40
      Origin   -00031.000000,-00043.000000,-00026.000000
      Normal   +00000.000000,-00001.000000,+00000.000000
      TextureU +00001.000000,+00000.000000,+00000.000000
      TextureV +00000.000000,+00000.000000,-00001.000000
      Vertex   -00031.000000,-00043.000000,-00066.000000
      Vertex   -00031.000000,-00043.000000,-00049.999996
      Vertex   -00034.999939,-00043.000000,-00049.999996
      Vertex   -00035.000000,-00043.000000,-00066.000000
   End Polygon
   Begin Polygon Item=OUTSIDE Texture=un_woodfloor_b Flags=1082130464 Link=41
      Origin   -00031.000061,+00045.000000,-00026.000000
      Normal   +00001.000000,+00000.000000,+00000.000000
      TextureU +00000.000000,+00001.000000,+00000.000000
      TextureV +00000.000000,+00000.000000,-00001.000000
      Vertex   -00031.000000,+00045.000000,-00066.000000
      Vertex   -00031.000061,+00045.000000,-00049.999996
      Vertex   -00031.000061,+00041.000000,-00049.999996
      Vertex   -00031.000000,+00041.000000,-00066.000000
   End Polygon
   Begin Polygon Item=OUTSIDE Texture=un_woodfloor_b Flags=1082130464 Link=42
      Origin   -00035.000061,+00041.000000,-00026.000000
      Normal   -00001.000000,+00000.000000,+00000.000000
      TextureU +00000.000000,-00001.000000,+00000.000000
      TextureV +00000.000000,+00000.000000,-00001.000000
      Vertex   -00035.000000,+00041.000000,-00066.000000
      Vertex   -00035.000000,+00041.000000,-00049.999996
      Vertex   -00035.000000,+00045.000000,-00049.999996
      Vertex   -00035.000000,+00045.000000,-00066.000000
   End Polygon
   Begin Polygon Item=OUTSIDE Texture=un_woodfloor_b Flags=1082130464 Link=43
      Origin   +00569.000000,+01089.000000,-00066.000000
      Normal   +00000.000000,+00000.000000,+00001.000000
      TextureU +00001.000000,+00000.000000,+00000.000000
      TextureV +00000.000000,+00001.000000,+00000.000000
      Vertex   +00001.000000,-00039.000000,-00066.000000
      Vertex   -00003.000000,-00039.000000,-00066.000000
      Vertex   -00003.000000,-00043.000000,-00066.000000
      Vertex   +00001.000000,-00043.000000,-00066.000000
   End Polygon
   Begin Polygon Item=OUTSIDE Texture=un_woodfloor_b Flags=1082130464 Link=44
      Origin   +00569.000000,+01089.000000,-00066.000000
      Normal   +00000.000000,+00000.000000,+00001.000000
      TextureU +00001.000000,+00000.000000,+00000.000000
      TextureV +00000.000000,+00001.000000,+00000.000000
      Vertex   -00003.000061,+00045.000000,-00066.000000
      Vertex   -00003.000061,+00041.000000,-00066.000000
      Vertex   +00000.999939,+00041.000000,-00066.000000
      Vertex   +00000.999939,+00045.000000,-00066.000000
   End Polygon
   Begin Polygon Item=OUTSIDE Texture=un_woodfloor_b Flags=1082130464 Link=45
      Origin   +00569.000000,+01089.000000,-00066.000000
      Normal   +00000.000000,+00000.000000,+00001.000000
      TextureU +00001.000000,+00000.000000,+00000.000000
      TextureV +00000.000000,+00001.000000,+00000.000000
      Vertex   -00035.000000,+00041.000000,-00066.000000
      Vertex   -00031.000000,+00041.000000,-00066.000000
      Vertex   -00031.000000,+00045.000000,-00066.000000
      Vertex   -00035.000000,+00045.000000,-00066.000000
   End Polygon
End PolyList
