Begin PolyList
   Begin Polygon Item=Wall Texture=support1a Flags=1073741824 Link=0
      Origin   +00018.475222,-00123.381195,+00080.000000
      Normal   +00001.000000,+00000.000000,-00000.000000
      TextureU +00000.000000,+00000.000000,+00001.000000
      TextureV +00000.000000,-00001.000000,-00000.000000
      Vertex   +00018.475216,-00038.762390,+00089.237610
      Vertex   +00018.475214,-00038.762390,+00080.000000
      Vertex   +00018.475212,+00000.000005,+00080.000000
      Vertex   +00018.475212,+00000.000006,+00089.237610
   End Polygon
   Begin Polygon Item=Wall Texture=support1a Flags=1073741824 Link=1
      Origin   +00002.475223,-00123.381195,+00089.237610
      Normal   -00001.000000,-00000.000000,+00000.000000
      TextureU -00000.000000,+00000.000000,-00001.000000
      TextureV +00000.000000,-00001.000000,-00000.000000
      Vertex   +00002.475216,-00038.762394,+00089.237610
      Vertex   +00002.475212,+00000.000000,+00089.237610
      Vertex   +00002.475211,+00000.000000,+00080.000000
      Vertex   +00002.475215,-00038.762394,+00080.000000
   End Polygon
   Begin Polygon Item=Wall Texture=support1a Flags=1073741824 Link=2
      Origin   +00018.475216,+00009.237609,+00132.618805
      Normal   +00000.500000,+00000.866025,-00000.000000
      TextureU -00000.866025,+00000.500000,+00000.000000
      TextureV +00000.000000,+00000.000000,+00001.000000
      Vertex   +00018.475216,+00009.237609,+00132.618805
      Vertex   +00018.475212,+00009.237609,+00089.237610
      Vertex   +00010.475211,+00013.856410,+00093.856415
      Vertex   +00010.475215,+00013.856410,+00132.618805
   End Polygon
   Begin Polygon Item=Wall Texture=support1a Flags=1073741824 Link=3
      Origin   +00002.475208,-00123.381195,-00080.000000
      Normal   -00000.500000,+00000.000000,-00000.866025
      TextureU +00000.866025,+00000.000000,-00000.500000
      TextureV +00000.000000,-00001.000000,-00000.000000
      Vertex   +00002.475193,+00048.000004,-00080.000000
      Vertex   +00010.475193,+00043.381203,-00084.618805
      Vertex   +00010.475196,+00013.856410,-00084.618805
      Vertex   +00002.475197,+00009.237606,-00080.000000
   End Polygon
   Begin Polygon Item=Cap Texture=support1a Flags=1073741824 Link=4
      Origin   +00002.475186,+00057.237606,-00155.381195
      Normal   -00000.000000,+00000.000000,-00001.000000
      TextureU +00000.500000,-00000.866025,-00000.000000
      TextureV -00000.866025,-00000.500000,+00000.000000
      Vertex   +00010.475187,+00043.381203,-00155.381195
      Vertex   +00002.475187,+00048.000004,-00155.381195
      Vertex   +00002.475186,+00057.237606,-00155.381195
      Vertex   +00010.475185,+00061.856407,-00155.381195
      Vertex   +00018.475185,+00057.237610,-00155.381195
      Vertex   +00018.475185,+00048.000004,-00155.381195
   End Polygon
   Begin Polygon Item=Wall Texture=support1a Flags=1073741824 Link=5
      Origin   +00010.475210,+00061.856407,+00132.618805
      Normal   -00000.500000,+00000.866025,+00000.000000
      TextureU -00000.866025,-00000.500000,+00000.000000
      TextureV +00000.000000,+00000.000000,+00001.000000
      Vertex   +00010.475191,+00061.856407,-00084.618805
      Vertex   +00010.475185,+00061.856407,-00155.381195
      Vertex   +00002.475186,+00057.237606,-00155.381195
      Vertex   +00002.475193,+00057.237602,-00080.000000
   End Polygon
   Begin Polygon Item=Wall Texture=support1a Flags=1073741824 Link=6
      Origin   +00010.475206,+00109.856407,+00132.618805
      Normal   -00000.500000,+00000.866025,+00000.000000
      TextureU -00000.866025,-00000.500000,+00000.000000
      TextureV +00000.000000,+00000.000000,+00001.000000
      Vertex   +00010.475187,+00109.856407,-00084.618805
      Vertex   +00010.475182,+00109.856407,-00155.381195
      Vertex   +00002.475182,+00105.237602,-00155.381195
      Vertex   +00002.475188,+00105.237602,-00080.000000
   End Polygon
   Begin Polygon Item=Wall Texture=support1a Flags=1073741824 Link=7
      Origin   +00002.475208,+00096.000000,+00132.618805
      Normal   -00000.500000,-00000.866026,+00000.000000
      TextureU +00000.866025,-00000.500000,-00000.000000
      TextureV +00000.000000,+00000.000000,+00001.000000
      Vertex   +00002.475189,+00096.000000,-00080.000000
      Vertex   +00002.475183,+00096.000000,-00155.381195
      Vertex   +00010.475183,+00091.381203,-00155.381195
      Vertex   +00010.475189,+00091.381195,-00084.618805
   End Polygon
   Begin Polygon Item=Wall Texture=support1a Flags=1073741824 Link=8
      Origin   +00018.475206,+00105.237610,+00132.618805
      Normal   +00000.500000,+00000.866025,-00000.000000
      TextureU -00000.866025,+00000.500000,+00000.000000
      TextureV +00000.000000,+00000.000000,+00001.000000
      Vertex   +00018.475182,+00105.237610,-00155.381195
      Vertex   +00010.475182,+00109.856407,-00155.381195
      Vertex   +00010.475187,+00109.856407,-00084.618805
      Vertex   +00018.475189,+00105.237610,-00080.000000
   End Polygon
   Begin Polygon Item=Wall Texture=support1a Flags=1073741824 Link=9
      Origin   +00010.475208,+00091.381203,+00132.618805
      Normal   +00000.500000,-00000.866025,-00000.000000
      TextureU +00000.866025,+00000.500000,-00000.000000
      TextureV +00000.000000,+00000.000000,+00001.000000
      Vertex   +00010.475189,+00091.381195,-00084.618805
      Vertex   +00010.475183,+00091.381203,-00155.381195
      Vertex   +00018.475182,+00096.000000,-00155.381195
      Vertex   +00018.475189,+00096.000008,-00080.000000
   End Polygon
   Begin Polygon Item=Wall Texture=support1a Flags=1073741824 Link=10
      Origin   +00002.475212,+00048.000004,+00132.618805
      Normal   -00000.500000,-00000.866026,+00000.000000
      TextureU +00000.866025,-00000.500000,-00000.000000
      TextureV +00000.000000,+00000.000000,+00001.000000
      Vertex   +00002.475193,+00048.000004,-00080.000000
      Vertex   +00002.475187,+00048.000004,-00155.381195
      Vertex   +00010.475187,+00043.381203,-00155.381195
      Vertex   +00010.475193,+00043.381203,-00084.618805
   End Polygon
   Begin Polygon Item=Wall Texture=support1a Flags=1073741824 Link=11
      Origin   +00018.475210,+00057.237610,+00132.618805
      Normal   +00000.500000,+00000.866025,-00000.000000
      TextureU -00000.866025,+00000.500000,+00000.000000
      TextureV +00000.000000,+00000.000000,+00001.000000
      Vertex   +00018.475185,+00057.237610,-00155.381195
      Vertex   +00010.475185,+00061.856407,-00155.381195
      Vertex   +00010.475191,+00061.856407,-00084.618805
      Vertex   +00018.475193,+00057.237610,-00080.000000
   End Polygon
   Begin Polygon Item=Wall Texture=support1a Flags=1073741824 Link=12
      Origin   +00010.475212,+00043.381203,+00132.618805
      Normal   +00000.500000,-00000.866025,-00000.000000
      TextureU +00000.866025,+00000.500000,-00000.000000
      TextureV +00000.000000,+00000.000000,+00001.000000
      Vertex   +00010.475193,+00043.381203,-00084.618805
      Vertex   +00010.475187,+00043.381203,-00155.381195
      Vertex   +00018.475185,+00048.000004,-00155.381195
      Vertex   +00018.475193,+00048.000008,-00080.000000
   End Polygon
   Begin Polygon Item=Cap Texture=support1a Flags=1073741824 Link=13
      Origin   +00002.475182,+00105.237602,-00155.381195
      Normal   -00000.000000,+00000.000000,-00001.000000
      TextureU +00000.500000,-00000.866025,-00000.000000
      TextureV -00000.866025,-00000.500000,+00000.000000
      Vertex   +00010.475183,+00091.381203,-00155.381195
      Vertex   +00002.475183,+00096.000000,-00155.381195
      Vertex   +00002.475182,+00105.237602,-00155.381195
      Vertex   +00010.475182,+00109.856407,-00155.381195
      Vertex   +00018.475182,+00105.237610,-00155.381195
      Vertex   +00018.475182,+00096.000000,-00155.381195
   End Polygon
   Begin Polygon Item=Wall Texture=support1a Flags=1073741824 Link=14
      Origin   +00010.475217,-00123.381195,+00013.856414
      Normal   -00000.500000,-00000.000000,+00000.866026
      TextureU -00000.866025,-00000.000000,-00000.500000
      TextureV +00000.000000,-00001.000000,-00000.000000
      Vertex   +00010.475196,+00109.856407,+00013.856414
      Vertex   +00010.475194,+00132.618805,+00013.856414
      Vertex   +00002.475194,+00132.618805,+00009.237610
      Vertex   +00002.475196,+00105.237602,+00009.237610
   End Polygon
   Begin Polygon Item=Wall Texture=support1a Flags=1073741824 Link=15
      Origin   +00018.475224,-00123.381195,+00089.237610
      Normal   +00000.500000,-00000.000000,+00000.866025
      TextureU -00000.866025,-00000.000000,+00000.500000
      TextureV +00000.000000,-00001.000000,-00000.000000
      Vertex   +00010.475209,+00043.381203,+00093.856415
      Vertex   +00010.475211,+00013.856410,+00093.856415
      Vertex   +00018.475212,+00009.237609,+00089.237610
      Vertex   +00018.475208,+00048.000008,+00089.237610
   End Polygon
   Begin Polygon Item=Wall Texture=support1a Flags=1073741824 Link=7
      Origin   +00002.475208,+00096.000000,+00132.618805
      Normal   -00000.500000,-00000.866026,+00000.000000
      TextureU +00000.866025,-00000.500000,-00000.000000
      TextureV +00000.000000,+00000.000000,+00001.000000
      Vertex   +00010.475204,+00091.381195,+00093.856415
      Vertex   +00010.475208,+00091.381203,+00132.618805
      Vertex   +00002.475208,+00096.000000,+00132.618805
      Vertex   +00002.475204,+00096.000000,+00089.237610
   End Polygon
   Begin Polygon Item=Top Texture=support1a Flags=1073741824 Link=17
      Origin   +00002.475212,+00048.000004,+00132.618805
      Normal   -00000.894427,-00000.000000,+00000.447214
      TextureU -00000.111803,+00000.968246,-00000.223607
      TextureV -00000.433013,-00000.250000,-00000.866025
      Vertex   +00002.475212,+00048.000004,+00132.618805
      Vertex   +00010.475213,+00052.618809,+00148.618805
      Vertex   +00002.475211,+00057.237606,+00132.618805
   End Polygon
   Begin Polygon Item=Wall Texture=support1a Flags=1073741824 Link=10
      Origin   +00002.475212,+00048.000004,+00132.618805
      Normal   -00000.500000,-00000.866026,+00000.000000
      TextureU +00000.866025,-00000.500000,-00000.000000
      TextureV +00000.000000,+00000.000000,+00001.000000
      Vertex   +00010.475209,+00043.381203,+00093.856415
      Vertex   +00010.475212,+00043.381203,+00132.618805
      Vertex   +00002.475212,+00048.000004,+00132.618805
      Vertex   +00002.475208,+00048.000004,+00089.237610
   End Polygon
   Begin Polygon Item=Wall Texture=support1a Flags=1073741824 Link=5
      Origin   +00010.475210,+00061.856407,+00132.618805
      Normal   -00000.500000,+00000.866025,+00000.000000
      TextureU -00000.866025,-00000.500000,+00000.000000
      TextureV +00000.000000,+00000.000000,+00001.000000
      Vertex   +00002.475211,+00057.237606,+00132.618805
      Vertex   +00010.475210,+00061.856407,+00132.618805
      Vertex   +00010.475207,+00061.856407,+00093.856415
      Vertex   +00002.475207,+00057.237602,+00089.237610
   End Polygon
   Begin Polygon Item=Top Texture=support1a Flags=1073741824 Link=20
      Origin   +00010.475212,+00043.381203,+00132.618805
      Normal   -00000.447214,-00000.774597,+00000.447214
      TextureU -00000.894427,+00000.387298,-00000.223607
      TextureV -00000.000000,-00000.500000,-00000.866025
      Vertex   +00010.475212,+00043.381203,+00132.618805
      Vertex   +00010.475213,+00052.618809,+00148.618805
      Vertex   +00002.475212,+00048.000004,+00132.618805
   End Polygon
   Begin Polygon Item=Top Texture=support1a Flags=1073741824 Link=21
      Origin   +00002.475211,+00057.237606,+00132.618805
      Normal   -00000.447214,+00000.774597,+00000.447214
      TextureU +00000.782624,+00000.580948,-00000.223607
      TextureV -00000.433013,+00000.250000,-00000.866025
      Vertex   +00002.475211,+00057.237606,+00132.618805
      Vertex   +00010.475213,+00052.618809,+00148.618805
      Vertex   +00010.475210,+00061.856407,+00132.618805
   End Polygon
   Begin Polygon Item=Wall Texture=support1a Flags=1073741824 Link=12
      Origin   +00010.475212,+00043.381203,+00132.618805
      Normal   +00000.500000,-00000.866025,-00000.000000
      TextureU +00000.866025,+00000.500000,-00000.000000
      TextureV +00000.000000,+00000.000000,+00001.000000
      Vertex   +00010.475212,+00043.381203,+00132.618805
      Vertex   +00010.475209,+00043.381203,+00093.856415
      Vertex   +00018.475208,+00048.000008,+00089.237610
      Vertex   +00018.475212,+00048.000004,+00132.618805
   End Polygon
   Begin Polygon Item=Wall Texture=support1a Flags=1073741824 Link=11
      Origin   +00018.475210,+00057.237610,+00132.618805
      Normal   +00000.500000,+00000.866025,-00000.000000
      TextureU -00000.866025,+00000.500000,+00000.000000
      TextureV +00000.000000,+00000.000000,+00001.000000
      Vertex   +00018.475210,+00057.237610,+00132.618805
      Vertex   +00018.475206,+00057.237610,+00089.237610
      Vertex   +00010.475207,+00061.856407,+00093.856415
      Vertex   +00010.475210,+00061.856407,+00132.618805
   End Polygon
   Begin Polygon Item=Top Texture=support1a Flags=1073741824 Link=24
      Origin   +00018.475212,+00048.000004,+00132.618805
      Normal   +00000.447214,-00000.774597,+00000.447214
      TextureU -00000.782624,-00000.580948,-00000.223607
      TextureV +00000.433013,-00000.250000,-00000.866025
      Vertex   +00018.475212,+00048.000004,+00132.618805
      Vertex   +00010.475213,+00052.618809,+00148.618805
      Vertex   +00010.475212,+00043.381203,+00132.618805
   End Polygon
   Begin Polygon Item=Top Texture=support1a Flags=1073741824 Link=25
      Origin   +00010.475210,+00061.856407,+00132.618805
      Normal   +00000.447214,+00000.774597,+00000.447213
      TextureU +00000.894427,-00000.387298,-00000.223607
      TextureV -00000.000000,+00000.500000,-00000.866025
      Vertex   +00010.475210,+00061.856407,+00132.618805
      Vertex   +00010.475213,+00052.618809,+00148.618805
      Vertex   +00018.475210,+00057.237610,+00132.618805
   End Polygon
   Begin Polygon Item=Top Texture=support1a Flags=1073741824 Link=26
      Origin   +00018.475210,+00057.237610,+00132.618805
      Normal   +00000.894427,-00000.000000,+00000.447214
      TextureU +00000.111803,-00000.968246,-00000.223607
      TextureV +00000.433013,+00000.250000,-00000.866025
      Vertex   +00018.475210,+00057.237610,+00132.618805
      Vertex   +00010.475213,+00052.618809,+00148.618805
      Vertex   +00018.475212,+00048.000004,+00132.618805
   End Polygon
   Begin Polygon Item=Top Texture=support1a Flags=1073741824 Link=27
      Origin   +00002.475208,+00096.000000,+00132.618805
      Normal   -00000.894427,-00000.000000,+00000.447214
      TextureU -00000.111803,+00000.968246,-00000.223607
      TextureV -00000.433013,-00000.250000,-00000.866025
      Vertex   +00002.475208,+00096.000000,+00132.618805
      Vertex   +00010.475208,+00100.618805,+00148.618805
      Vertex   +00002.475207,+00105.237602,+00132.618805
   End Polygon
   Begin Polygon Item=Wall Texture=support1a Flags=1073741824 Link=6
      Origin   +00010.475206,+00109.856407,+00132.618805
      Normal   -00000.500000,+00000.866025,+00000.000000
      TextureU -00000.866025,-00000.500000,+00000.000000
      TextureV +00000.000000,+00000.000000,+00001.000000
      Vertex   +00002.475207,+00105.237602,+00132.618805
      Vertex   +00010.475206,+00109.856407,+00132.618805
      Vertex   +00010.475203,+00109.856407,+00093.856415
      Vertex   +00002.475203,+00105.237602,+00089.237610
   End Polygon
   Begin Polygon Item=Top Texture=support1a Flags=1073741824 Link=29
      Origin   +00010.475208,+00091.381203,+00132.618805
      Normal   -00000.447214,-00000.774597,+00000.447214
      TextureU -00000.894427,+00000.387298,-00000.223607
      TextureV -00000.000000,-00000.500000,-00000.866025
      Vertex   +00010.475208,+00091.381203,+00132.618805
      Vertex   +00010.475208,+00100.618805,+00148.618805
      Vertex   +00002.475208,+00096.000000,+00132.618805
   End Polygon
   Begin Polygon Item=Top Texture=support1a Flags=1073741824 Link=30
      Origin   +00002.475207,+00105.237602,+00132.618805
      Normal   -00000.447214,+00000.774597,+00000.447214
      TextureU +00000.782624,+00000.580948,-00000.223607
      TextureV -00000.433013,+00000.250000,-00000.866025
      Vertex   +00002.475207,+00105.237602,+00132.618805
      Vertex   +00010.475208,+00100.618805,+00148.618805
      Vertex   +00010.475206,+00109.856407,+00132.618805
   End Polygon
   Begin Polygon Item=Wall Texture=support1a Flags=1073741824 Link=9
      Origin   +00010.475208,+00091.381203,+00132.618805
      Normal   +00000.500000,-00000.866025,-00000.000000
      TextureU +00000.866025,+00000.500000,-00000.000000
      TextureV +00000.000000,+00000.000000,+00001.000000
      Vertex   +00010.475208,+00091.381203,+00132.618805
      Vertex   +00010.475204,+00091.381195,+00093.856415
      Vertex   +00018.475204,+00096.000008,+00089.237610
      Vertex   +00018.475208,+00096.000000,+00132.618805
   End Polygon
   Begin Polygon Item=Wall Texture=support1a Flags=1073741824 Link=8
      Origin   +00018.475206,+00105.237610,+00132.618805
      Normal   +00000.500000,+00000.866025,-00000.000000
      TextureU -00000.866025,+00000.500000,+00000.000000
      TextureV +00000.000000,+00000.000000,+00001.000000
      Vertex   +00018.475206,+00105.237610,+00132.618805
      Vertex   +00018.475204,+00105.237610,+00089.237610
      Vertex   +00010.475203,+00109.856407,+00093.856415
      Vertex   +00010.475206,+00109.856407,+00132.618805
   End Polygon
   Begin Polygon Item=Top Texture=support1a Flags=1073741824 Link=33
      Origin   +00018.475208,+00096.000000,+00132.618805
      Normal   +00000.447214,-00000.774597,+00000.447214
      TextureU -00000.782624,-00000.580948,-00000.223607
      TextureV +00000.433013,-00000.250000,-00000.866025
      Vertex   +00018.475208,+00096.000000,+00132.618805
      Vertex   +00010.475208,+00100.618805,+00148.618805
      Vertex   +00010.475208,+00091.381203,+00132.618805
   End Polygon
   Begin Polygon Item=Top Texture=support1a Flags=1073741824 Link=34
      Origin   +00010.475206,+00109.856407,+00132.618805
      Normal   +00000.447214,+00000.774597,+00000.447213
      TextureU +00000.894427,-00000.387298,-00000.223607
      TextureV -00000.000000,+00000.500000,-00000.866025
      Vertex   +00010.475206,+00109.856407,+00132.618805
      Vertex   +00010.475208,+00100.618805,+00148.618805
      Vertex   +00018.475206,+00105.237610,+00132.618805
   End Polygon
   Begin Polygon Item=Top Texture=support1a Flags=1073741824 Link=35
      Origin   +00018.475206,+00105.237610,+00132.618805
      Normal   +00000.894427,-00000.000000,+00000.447214
      TextureU +00000.111803,-00000.968246,-00000.223607
      TextureV +00000.433013,+00000.250000,-00000.866025
      Vertex   +00018.475206,+00105.237610,+00132.618805
      Vertex   +00010.475208,+00100.618805,+00148.618805
      Vertex   +00018.475208,+00096.000000,+00132.618805
   End Polygon
   Begin Polygon Item=Wall Texture=support1a Flags=1073741824 Link=36
      Origin   +00010.475224,-00123.381195,+00093.856415
      Normal   -00000.500000,-00000.000000,+00000.866026
      TextureU -00000.866025,-00000.000000,-00000.500000
      TextureV +00000.000000,-00001.000000,-00000.000000
      Vertex   +00010.475211,+00013.856410,+00093.856415
      Vertex   +00010.475209,+00043.381203,+00093.856415
      Vertex   +00002.475208,+00048.000004,+00089.237610
      Vertex   +00002.475211,+00009.237606,+00089.237610
   End Polygon
   Begin Polygon Item=Wall Texture=support1a Flags=1073741824 Link=5
      Origin   +00010.475210,+00061.856407,+00132.618805
      Normal   -00000.500000,+00000.866025,+00000.000000
      TextureU -00000.866025,-00000.500000,+00000.000000
      TextureV +00000.000000,+00000.000000,+00001.000000
      Vertex   +00002.475206,+00057.237602,+00080.000000
      Vertex   +00010.475205,+00061.856407,+00075.381195
      Vertex   +00010.475201,+00061.856407,+00013.856414
      Vertex   +00002.475200,+00057.237602,+00009.237610
   End Polygon
   Begin Polygon Item=Wall Texture=support1a Flags=1073741824 Link=38
      Origin   +00002.475222,-00123.381195,+00080.000000
      Normal   -00000.500000,+00000.000000,-00000.866025
      TextureU +00000.866025,+00000.000000,-00000.500000
      TextureV +00000.000000,-00001.000000,-00000.000000
      Vertex   +00002.475206,+00057.237602,+00080.000000
      Vertex   +00002.475203,+00096.000000,+00080.000000
      Vertex   +00010.475203,+00091.381195,+00075.381195
      Vertex   +00010.475205,+00061.856407,+00075.381195
   End Polygon
   Begin Polygon Item=Wall Texture=support1a Flags=1073741824 Link=39
      Origin   +00010.475222,-00123.381195,+00075.381195
      Normal   +00000.500000,+00000.000000,-00000.866025
      TextureU +00000.866025,+00000.000000,+00000.500000
      TextureV +00000.000000,-00001.000000,-00000.000000
      Vertex   +00018.475206,+00057.237610,+00080.000000
      Vertex   +00010.475205,+00061.856407,+00075.381195
      Vertex   +00010.475203,+00091.381195,+00075.381195
      Vertex   +00018.475204,+00096.000008,+00080.000000
   End Polygon
   Begin Polygon Item=Wall Texture=support1a Flags=1073741824 Link=11
      Origin   +00018.475210,+00057.237610,+00132.618805
      Normal   +00000.500000,+00000.866025,-00000.000000
      TextureU -00000.866025,+00000.500000,+00000.000000
      TextureV +00000.000000,+00000.000000,+00001.000000
      Vertex   +00010.475201,+00061.856407,+00013.856414
      Vertex   +00010.475205,+00061.856407,+00075.381195
      Vertex   +00018.475206,+00057.237610,+00080.000000
      Vertex   +00018.475201,+00057.237610,+00009.237609
   End Polygon
   Begin Polygon Item=Wall Texture=support1a Flags=1073741824 Link=38
      Origin   +00002.475222,-00123.381195,+00080.000000
      Normal   -00000.500000,+00000.000000,-00000.866025
      TextureU +00000.866025,+00000.000000,-00000.500000
      TextureV +00000.000000,-00001.000000,-00000.000000
      Vertex   +00002.475207,+00048.000004,+00080.000000
      Vertex   +00010.475207,+00043.381203,+00075.381195
      Vertex   +00010.475210,+00013.856410,+00075.381195
      Vertex   +00002.475211,+00009.237606,+00080.000000
   End Polygon
   Begin Polygon Item=Wall Texture=support1a Flags=1073741824 Link=10
      Origin   +00002.475212,+00048.000004,+00132.618805
      Normal   -00000.500000,-00000.866026,+00000.000000
      TextureU +00000.866025,-00000.500000,-00000.000000
      TextureV +00000.000000,+00000.000000,+00001.000000
      Vertex   +00010.475203,+00043.381203,+00013.856414
      Vertex   +00010.475207,+00043.381203,+00075.381195
      Vertex   +00002.475207,+00048.000004,+00080.000000
      Vertex   +00002.475201,+00048.000004,+00009.237610
   End Polygon
   Begin Polygon Item=Wall Texture=support1a Flags=1073741824 Link=12
      Origin   +00010.475212,+00043.381203,+00132.618805
      Normal   +00000.500000,-00000.866025,-00000.000000
      TextureU +00000.866025,+00000.500000,-00000.000000
      TextureV +00000.000000,+00000.000000,+00001.000000
      Vertex   +00018.475206,+00048.000008,+00080.000000
      Vertex   +00010.475207,+00043.381203,+00075.381195
      Vertex   +00010.475203,+00043.381203,+00013.856414
      Vertex   +00018.475201,+00048.000008,+00009.237609
   End Polygon
   Begin Polygon Item=Wall Texture=support1a Flags=1073741824 Link=39
      Origin   +00010.475222,-00123.381195,+00075.381195
      Normal   +00000.500000,+00000.000000,-00000.866025
      TextureU +00000.866025,+00000.000000,+00000.500000
      TextureV +00000.000000,-00001.000000,-00000.000000
      Vertex   +00018.475210,+00009.237609,+00080.000000
      Vertex   +00010.475210,+00013.856410,+00075.381195
      Vertex   +00010.475207,+00043.381203,+00075.381195
      Vertex   +00018.475206,+00048.000008,+00080.000000
   End Polygon
   Begin Polygon Item=Wall Texture=support1a Flags=1073741824 Link=36
      Origin   +00010.475224,-00123.381195,+00093.856415
      Normal   -00000.500000,-00000.000000,+00000.866026
      TextureU -00000.866025,-00000.000000,-00000.500000
      TextureV +00000.000000,-00001.000000,-00000.000000
      Vertex   +00010.475207,+00061.856407,+00093.856415
      Vertex   +00010.475204,+00091.381195,+00093.856415
      Vertex   +00002.475204,+00096.000000,+00089.237610
      Vertex   +00002.475207,+00057.237602,+00089.237610
   End Polygon
   Begin Polygon Item=Wall Texture=support1a Flags=1073741824 Link=36
      Origin   +00010.475224,-00123.381195,+00093.856415
      Normal   -00000.500000,-00000.000000,+00000.866026
      TextureU -00000.866025,-00000.000000,-00000.500000
      TextureV +00000.000000,-00001.000000,-00000.000000
      Vertex   +00010.475203,+00109.856407,+00093.856415
      Vertex   +00010.475201,+00132.618805,+00093.856415
      Vertex   +00002.475201,+00132.618805,+00089.237610
      Vertex   +00002.475203,+00105.237602,+00089.237610
   End Polygon
   Begin Polygon Item=Wall Texture=support1a Flags=1073741824 Link=9
      Origin   +00010.475208,+00091.381203,+00132.618805
      Normal   +00000.500000,-00000.866025,-00000.000000
      TextureU +00000.866025,+00000.500000,-00000.000000
      TextureV +00000.000000,+00000.000000,+00001.000000
      Vertex   +00018.475204,+00096.000008,+00080.000000
      Vertex   +00010.475203,+00091.381195,+00075.381195
      Vertex   +00010.475198,+00091.381195,+00013.856414
      Vertex   +00018.475197,+00096.000008,+00009.237609
   End Polygon
   Begin Polygon Item=Cap Texture=support1a Flags=1073741824 Link=48
      Origin   +00018.475201,+00132.618805,+00080.000000
      Normal   -00000.000000,+00001.000000,+00000.000000
      TextureU -00000.500000,-00000.000000,+00000.866026
      TextureV +00000.866025,+00000.000000,+00000.500000
      Vertex   +00010.475200,+00132.618805,+00075.381195
      Vertex   +00002.475200,+00132.618805,+00080.000000
      Vertex   +00002.475201,+00132.618805,+00089.237610
      Vertex   +00010.475201,+00132.618805,+00093.856415
      Vertex   +00018.475201,+00132.618805,+00089.237610
      Vertex   +00018.475201,+00132.618805,+00080.000000
   End Polygon
   Begin Polygon Item=Wall Texture=support1a Flags=1073741824 Link=38
      Origin   +00002.475222,-00123.381195,+00080.000000
      Normal   -00000.500000,+00000.000000,-00000.866025
      TextureU +00000.866025,+00000.000000,-00000.500000
      TextureV +00000.000000,-00001.000000,-00000.000000
      Vertex   +00002.475202,+00105.237602,+00080.000000
      Vertex   +00002.475200,+00132.618805,+00080.000000
      Vertex   +00010.475200,+00132.618805,+00075.381195
      Vertex   +00010.475202,+00109.856407,+00075.381195
   End Polygon
   Begin Polygon Item=Wall Texture=support1a Flags=1073741824 Link=6
      Origin   +00010.475206,+00109.856407,+00132.618805
      Normal   -00000.500000,+00000.866025,+00000.000000
      TextureU -00000.866025,-00000.500000,+00000.000000
      TextureV +00000.000000,+00000.000000,+00001.000000
      Vertex   +00002.475202,+00105.237602,+00080.000000
      Vertex   +00010.475202,+00109.856407,+00075.381195
      Vertex   +00010.475196,+00109.856407,+00013.856414
      Vertex   +00002.475196,+00105.237602,+00009.237610
   End Polygon
   Begin Polygon Item=Wall Texture=support1a Flags=1073741824 Link=8
      Origin   +00018.475206,+00105.237610,+00132.618805
      Normal   +00000.500000,+00000.866025,-00000.000000
      TextureU -00000.866025,+00000.500000,+00000.000000
      TextureV +00000.000000,+00000.000000,+00001.000000
      Vertex   +00010.475196,+00109.856407,+00013.856414
      Vertex   +00010.475202,+00109.856407,+00075.381195
      Vertex   +00018.475203,+00105.237610,+00080.000000
      Vertex   +00018.475197,+00105.237610,+00009.237609
   End Polygon
   Begin Polygon Item=Wall Texture=support1a Flags=1073741824 Link=39
      Origin   +00010.475222,-00123.381195,+00075.381195
      Normal   +00000.500000,+00000.000000,-00000.866025
      TextureU +00000.866025,+00000.000000,+00000.500000
      TextureV +00000.000000,-00001.000000,-00000.000000
      Vertex   +00010.475202,+00109.856407,+00075.381195
      Vertex   +00010.475200,+00132.618805,+00075.381195
      Vertex   +00018.475201,+00132.618805,+00080.000000
      Vertex   +00018.475203,+00105.237610,+00080.000000
   End Polygon
   Begin Polygon Item=Wall Texture=support1a Flags=1073741824 Link=7
      Origin   +00002.475208,+00096.000000,+00132.618805
      Normal   -00000.500000,-00000.866026,+00000.000000
      TextureU +00000.866025,-00000.500000,-00000.000000
      TextureV +00000.000000,+00000.000000,+00001.000000
      Vertex   +00010.475198,+00091.381195,+00013.856414
      Vertex   +00010.475203,+00091.381195,+00075.381195
      Vertex   +00002.475203,+00096.000000,+00080.000000
      Vertex   +00002.475197,+00096.000000,+00009.237610
   End Polygon
   Begin Polygon Item=Wall Texture=support1a Flags=1073741824 Link=15
      Origin   +00018.475224,-00123.381195,+00089.237610
      Normal   +00000.500000,-00000.000000,+00000.866025
      TextureU -00000.866025,-00000.000000,+00000.500000
      TextureV +00000.000000,-00001.000000,-00000.000000
      Vertex   +00018.475204,+00096.000008,+00089.237610
      Vertex   +00010.475204,+00091.381195,+00093.856415
      Vertex   +00010.475207,+00061.856407,+00093.856415
      Vertex   +00018.475206,+00057.237610,+00089.237610
   End Polygon
   Begin Polygon Item=Wall Texture=support1a Flags=1073741824 Link=15
      Origin   +00018.475224,-00123.381195,+00089.237610
      Normal   +00000.500000,-00000.000000,+00000.866025
      TextureU -00000.866025,-00000.000000,+00000.500000
      TextureV +00000.000000,-00001.000000,-00000.000000
      Vertex   +00018.475201,+00132.618805,+00089.237610
      Vertex   +00010.475201,+00132.618805,+00093.856415
      Vertex   +00010.475203,+00109.856407,+00093.856415
      Vertex   +00018.475204,+00105.237610,+00089.237610
   End Polygon
   Begin Polygon Item=Wall Texture=support1a Flags=1073741824 Link=56
      Origin   +00018.475216,-00123.381195,+00009.237609
      Normal   +00000.500000,-00000.000000,+00000.866025
      TextureU -00000.866025,-00000.000000,+00000.500000
      TextureV +00000.000000,-00001.000000,-00000.000000
      Vertex   +00010.475203,+00043.381203,+00013.856414
      Vertex   +00010.475204,+00013.856410,+00013.856414
      Vertex   +00018.475204,+00009.237609,+00009.237609
      Vertex   +00018.475201,+00048.000008,+00009.237609
   End Polygon
   Begin Polygon Item=Wall Texture=support1a Flags=1073741824 Link=57
      Origin   +00010.475208,-00123.381195,-00084.618805
      Normal   +00000.500000,+00000.000000,-00000.866025
      TextureU +00000.866025,+00000.000000,+00000.500000
      TextureV +00000.000000,-00001.000000,-00000.000000
      Vertex   +00018.475197,+00009.237609,-00080.000000
      Vertex   +00010.475196,+00013.856410,-00084.618805
      Vertex   +00010.475193,+00043.381203,-00084.618805
      Vertex   +00018.475193,+00048.000008,-00080.000000
   End Polygon
   Begin Polygon Item=Wall Texture=support1a Flags=1073741824 Link=58
      Origin   +00002.475215,-00123.381195,-00000.000000
      Normal   -00000.500000,+00000.000000,-00000.866025
      TextureU +00000.866025,+00000.000000,-00000.500000
      TextureV +00000.000000,-00001.000000,-00000.000000
      Vertex   +00002.475200,+00048.000004,-00000.000000
      Vertex   +00010.475201,+00043.381203,-00004.618805
      Vertex   +00010.475203,+00013.856410,-00004.618805
      Vertex   +00002.475204,+00009.237606,-00000.000000
   End Polygon
   Begin Polygon Item=Wall Texture=support1a Flags=1073741824 Link=5
      Origin   +00010.475210,+00061.856407,+00132.618805
      Normal   -00000.500000,+00000.866025,+00000.000000
      TextureU -00000.866025,-00000.500000,+00000.000000
      TextureV +00000.000000,+00000.000000,+00001.000000
      Vertex   +00002.475199,+00057.237602,-00000.000000
      Vertex   +00010.475199,+00061.856407,-00004.618805
      Vertex   +00010.475193,+00061.856407,-00066.143585
      Vertex   +00002.475193,+00057.237602,-00070.762390
   End Polygon
   Begin Polygon Item=Wall Texture=support1a Flags=1073741824 Link=60
      Origin   +00010.475209,-00123.381195,-00066.143585
      Normal   -00000.500000,-00000.000000,+00000.866026
      TextureU -00000.866025,-00000.000000,-00000.500000
      TextureV +00000.000000,-00001.000000,-00000.000000
      Vertex   +00002.475193,+00057.237602,-00070.762390
      Vertex   +00010.475193,+00061.856407,-00066.143585
      Vertex   +00010.475191,+00091.381195,-00066.143585
      Vertex   +00002.475190,+00096.000000,-00070.762390
   End Polygon
   Begin Polygon Item=Wall Texture=support1a Flags=1073741824 Link=61
      Origin   +00018.475208,-00123.381195,-00070.762390
      Normal   +00000.500000,-00000.000000,+00000.866025
      TextureU -00000.866025,-00000.000000,+00000.500000
      TextureV +00000.000000,-00001.000000,-00000.000000
      Vertex   +00018.475189,+00096.000008,-00070.762390
      Vertex   +00010.475191,+00091.381195,-00066.143585
      Vertex   +00010.475193,+00061.856407,-00066.143585
      Vertex   +00018.475193,+00057.237610,-00070.762390
   End Polygon
   Begin Polygon Item=Wall Texture=support1a Flags=1073741824 Link=11
      Origin   +00018.475210,+00057.237610,+00132.618805
      Normal   +00000.500000,+00000.866025,-00000.000000
      TextureU -00000.866025,+00000.500000,+00000.000000
      TextureV +00000.000000,+00000.000000,+00001.000000
      Vertex   +00018.475193,+00057.237610,-00070.762390
      Vertex   +00010.475193,+00061.856407,-00066.143585
      Vertex   +00010.475199,+00061.856407,-00004.618805
      Vertex   +00018.475201,+00057.237610,-00000.000002
   End Polygon
   Begin Polygon Item=Wall Texture=support1a Flags=1073741824 Link=60
      Origin   +00010.475209,-00123.381195,-00066.143585
      Normal   -00000.500000,-00000.000000,+00000.866026
      TextureU -00000.866025,-00000.000000,-00000.500000
      TextureV +00000.000000,-00001.000000,-00000.000000
      Vertex   +00010.475197,+00013.856410,-00066.143585
      Vertex   +00010.475195,+00043.381203,-00066.143585
      Vertex   +00002.475194,+00048.000004,-00070.762390
      Vertex   +00002.475198,+00009.237606,-00070.762390
   End Polygon
   Begin Polygon Item=Wall Texture=support1a Flags=1073741824 Link=10
      Origin   +00002.475212,+00048.000004,+00132.618805
      Normal   -00000.500000,-00000.866026,+00000.000000
      TextureU +00000.866025,-00000.500000,-00000.000000
      TextureV +00000.000000,+00000.000000,+00001.000000
      Vertex   +00010.475195,+00043.381203,-00066.143585
      Vertex   +00010.475201,+00043.381203,-00004.618805
      Vertex   +00002.475200,+00048.000004,-00000.000000
      Vertex   +00002.475194,+00048.000004,-00070.762390
   End Polygon
   Begin Polygon Item=Wall Texture=support1a Flags=1073741824 Link=12
      Origin   +00010.475212,+00043.381203,+00132.618805
      Normal   +00000.500000,-00000.866025,-00000.000000
      TextureU +00000.866025,+00000.500000,-00000.000000
      TextureV +00000.000000,+00000.000000,+00001.000000
      Vertex   +00010.475201,+00043.381203,-00004.618805
      Vertex   +00010.475195,+00043.381203,-00066.143585
      Vertex   +00018.475193,+00048.000008,-00070.762390
      Vertex   +00018.475201,+00048.000008,-00000.000002
   End Polygon
   Begin Polygon Item=Wall Texture=support1a Flags=1073741824 Link=61
      Origin   +00018.475208,-00123.381195,-00070.762390
      Normal   +00000.500000,-00000.000000,+00000.866025
      TextureU -00000.866025,-00000.000000,+00000.500000
      TextureV +00000.000000,-00001.000000,-00000.000000
      Vertex   +00010.475195,+00043.381203,-00066.143585
      Vertex   +00010.475197,+00013.856410,-00066.143585
      Vertex   +00018.475197,+00009.237609,-00070.762390
      Vertex   +00018.475193,+00048.000008,-00070.762390
   End Polygon
   Begin Polygon Item=Wall Texture=support1a Flags=1073741824 Link=67
      Origin   +00010.475215,-00123.381195,-00004.618805
      Normal   +00000.500000,+00000.000000,-00000.866025
      TextureU +00000.866025,+00000.000000,+00000.500000
      TextureV +00000.000000,-00001.000000,-00000.000000
      Vertex   +00010.475199,+00061.856407,-00004.618805
      Vertex   +00010.475196,+00091.381195,-00004.618805
      Vertex   +00018.475197,+00096.000008,-00000.000002
      Vertex   +00018.475201,+00057.237610,-00000.000002
   End Polygon
   Begin Polygon Item=Wall Texture=support1a Flags=1073741824 Link=67
      Origin   +00010.475215,-00123.381195,-00004.618805
      Normal   +00000.500000,+00000.000000,-00000.866025
      TextureU +00000.866025,+00000.000000,+00000.500000
      TextureV +00000.000000,-00001.000000,-00000.000000
      Vertex   +00018.475204,+00009.237609,-00000.000002
      Vertex   +00010.475203,+00013.856410,-00004.618805
      Vertex   +00010.475201,+00043.381203,-00004.618805
      Vertex   +00018.475201,+00048.000008,-00000.000002
   End Polygon
   Begin Polygon Item=Wall Texture=support1a Flags=1073741824 Link=58
      Origin   +00002.475215,-00123.381195,-00000.000000
      Normal   -00000.500000,+00000.000000,-00000.866025
      TextureU +00000.866025,+00000.000000,-00000.500000
      TextureV +00000.000000,-00001.000000,-00000.000000
      Vertex   +00010.475196,+00091.381195,-00004.618805
      Vertex   +00010.475199,+00061.856407,-00004.618805
      Vertex   +00002.475199,+00057.237602,-00000.000000
      Vertex   +00002.475196,+00096.000000,-00000.000000
   End Polygon
   Begin Polygon Item=Wall Texture=support1a Flags=1073741824 Link=57
      Origin   +00010.475208,-00123.381195,-00084.618805
      Normal   +00000.500000,+00000.000000,-00000.866025
      TextureU +00000.866025,+00000.000000,+00000.500000
      TextureV +00000.000000,-00001.000000,-00000.000000
      Vertex   +00010.475191,+00061.856407,-00084.618805
      Vertex   +00010.475189,+00091.381195,-00084.618805
      Vertex   +00018.475189,+00096.000008,-00080.000000
      Vertex   +00018.475193,+00057.237610,-00080.000000
   End Polygon
   Begin Polygon Item=Wall Texture=support1a Flags=1073741824 Link=56
      Origin   +00018.475216,-00123.381195,+00009.237609
      Normal   +00000.500000,-00000.000000,+00000.866025
      TextureU -00000.866025,-00000.000000,+00000.500000
      TextureV +00000.000000,-00001.000000,-00000.000000
      Vertex   +00018.475197,+00096.000008,+00009.237609
      Vertex   +00010.475198,+00091.381195,+00013.856414
      Vertex   +00010.475201,+00061.856407,+00013.856414
      Vertex   +00018.475201,+00057.237610,+00009.237609
   End Polygon
   Begin Polygon Item=Wall Texture=support1a Flags=1073741824 Link=7
      Origin   +00002.475208,+00096.000000,+00132.618805
      Normal   -00000.500000,-00000.866026,+00000.000000
      TextureU +00000.866025,-00000.500000,-00000.000000
      TextureV +00000.000000,+00000.000000,+00001.000000
      Vertex   +00010.475191,+00091.381195,-00066.143585
      Vertex   +00010.475196,+00091.381195,-00004.618805
      Vertex   +00002.475196,+00096.000000,-00000.000000
      Vertex   +00002.475190,+00096.000000,-00070.762390
   End Polygon
   Begin Polygon Item=Wall Texture=support1a Flags=1073741824 Link=56
      Origin   +00018.475216,-00123.381195,+00009.237609
      Normal   +00000.500000,-00000.000000,+00000.866025
      TextureU -00000.866025,-00000.000000,+00000.500000
      TextureV +00000.000000,-00001.000000,-00000.000000
      Vertex   +00018.475193,+00132.618805,+00009.237609
      Vertex   +00010.475194,+00132.618805,+00013.856414
      Vertex   +00010.475196,+00109.856407,+00013.856414
      Vertex   +00018.475197,+00105.237610,+00009.237609
   End Polygon
   Begin Polygon Item=Wall Texture=support1a Flags=1073741824 Link=57
      Origin   +00010.475208,-00123.381195,-00084.618805
      Normal   +00000.500000,+00000.000000,-00000.866025
      TextureU +00000.866025,+00000.000000,+00000.500000
      TextureV +00000.000000,-00001.000000,-00000.000000
