Begin PolyList
   Begin Polygon Item=OUTSIDE Texture=ClenLiteAshen_A Flags=1073741824 Link=0
      Origin   -00001.000000,+00016.000000,+00014.000000
      Normal   +00000.000000,+00000.000000,+00001.000000
      TextureU +00000.000000,-00001.000000,+00000.000000
      TextureV +00001.000000,+00000.000000,-00000.000000
      Vertex   -00033.000000,+00016.000000,+00014.000000
      Vertex   -00033.000000,-00048.000000,+00014.000000
      Vertex   -00016.380493,-00048.000000,+00014.000000
      Vertex   -00016.380493,+00016.000000,+00014.000000
   End Polygon
   Begin Polygon Item=OUTSIDE Texture=ClenLiteAshen_A Flags=1073741824 Link=1
      Origin   -00010.303711,-00040.000000,+00012.900620
      Normal   +00000.773010,+00000.000000,+00000.634393
      TextureU +00000.000000,-00001.000000,+00000.000000
      TextureV +00000.634393,-00000.000000,-00000.773010
      Vertex   -00030.604248,-00040.000000,+00037.636955
      Vertex   -00030.604248,-00044.000000,+00037.636955
      Vertex   -00011.205933,-00044.000000,+00014.000000
      Vertex   -00011.205933,-00040.000000,+00014.000000
   End Polygon
   Begin Polygon Item=OUTSIDE Texture=ClenLiteAshen_A Flags=1073741824 Link=2
      Origin   -00010.303711,-00040.000000,+00012.900620
      Normal   -00000.000000,+00001.000000,-00000.000000
      TextureU -00000.634393,+00000.000000,+00000.773010
      TextureV +00000.773010,+00000.000000,+00000.634393
      Vertex   -00030.604248,-00040.000000,+00037.636955
      Vertex   -00011.205933,-00040.000000,+00014.000000
      Vertex   -00016.380493,-00040.000000,+00014.000000
      Vertex   -00033.696289,-00040.000000,+00035.099380
   End Polygon
   Begin Polygon Item=OUTSIDE Texture=ClenLiteAshen_A Flags=1073741824 Link=3
      Origin   -00010.303711,+00012.000000,+00012.900620
      Normal   -00000.000000,+00001.000000,-00000.000000
      TextureU -00000.634393,+00000.000000,+00000.773010
      TextureV +00000.773010,+00000.000000,+00000.634393
      Vertex   -00016.380493,+00011.906494,+00014.000000
      Vertex   -00033.696289,+00012.000000,+00035.099380
      Vertex   -00030.604248,+00012.000000,+00037.636955
      Vertex   -00011.205933,+00012.000000,+00014.000000
   End Polygon
   Begin Polygon Item=OUTSIDE Texture=ClenLiteAshen_A Flags=1073741824 Link=4
      Origin   -00030.604248,+00008.000000,+00037.636955
      Normal   +00000.000000,-00001.000000,+00000.000000
      TextureU +00000.634393,-00000.000000,-00000.773010
      TextureV +00000.773010,+00000.000000,+00000.634393
      Vertex   -00030.604248,+00008.000000,+00037.636955
      Vertex   -00033.696289,+00008.000000,+00035.099380
      Vertex   -00016.380493,+00008.000000,+00014.000000
      Vertex   -00011.205933,+00008.000000,+00014.000000
   End Polygon
   Begin Polygon Item=OUTSIDE Texture=ClenLiteAshen_A Flags=1073741824 Link=5
      Origin   -00030.604248,+00012.000000,+00037.636955
      Normal   -00000.634393,+00000.000000,+00000.773010
      TextureU +00000.000000,-00001.000000,+00000.000000
      TextureV +00000.773010,+00000.000000,+00000.634393
      Vertex   -00030.604248,+00008.000000,+00037.636955
      Vertex   -00030.604248,+00012.000000,+00037.636955
      Vertex   -00033.696289,+00012.000000,+00035.099380
      Vertex   -00033.696289,+00008.000000,+00035.099380
   End Polygon
   Begin Polygon Item=OUTSIDE Texture=ClenLiteAshen_A Flags=1073741824 Link=6
      Origin   -00013.395752,+00008.000000,+00010.363052
      Normal   -00000.773010,-00000.000000,-00000.634393
      TextureU -00000.000000,+00001.000000,-00000.000000
      TextureV +00000.634393,-00000.000000,-00000.773010
      Vertex   -00016.380493,+00008.000000,+00014.000000
      Vertex   -00033.696289,+00008.000000,+00035.099380
      Vertex   -00033.696289,+00012.000000,+00035.099380
      Vertex   -00016.380493,+00011.906494,+00014.000000
   End Polygon
   Begin Polygon Item=OUTSIDE Texture=ClenLiteAshen_A Flags=1073741824 Link=7
      Origin   -00030.604248,-00044.000000,+00037.636955
      Normal   +00000.000000,-00001.000000,+00000.000000
      TextureU +00000.634393,-00000.000000,-00000.773010
      TextureV +00000.773010,+00000.000000,+00000.634393
      Vertex   -00030.604248,-00044.000000,+00037.636955
      Vertex   -00033.696289,-00044.000000,+00035.099380
      Vertex   -00016.380493,-00044.000000,+00014.000000
      Vertex   -00011.205933,-00044.000000,+00014.000000
   End Polygon
   Begin Polygon Item=OUTSIDE Texture=ClenLiteAshen_A Flags=1073741824 Link=8
      Origin   -00030.604248,-00040.000000,+00037.636955
      Normal   -00000.634393,+00000.000000,+00000.773010
      TextureU +00000.000000,-00001.000000,+00000.000000
      TextureV +00000.773010,+00000.000000,+00000.634393
      Vertex   -00030.604248,-00044.000000,+00037.636955
      Vertex   -00030.604248,-00040.000000,+00037.636955
      Vertex   -00033.696289,-00040.000000,+00035.099380
      Vertex   -00033.696289,-00044.000000,+00035.099380
   End Polygon
   Begin Polygon Item=OUTSIDE Texture=ClenLiteAshen_A Flags=1073741824 Link=9
      Origin   -00013.395752,-00044.000000,+00010.363052
      Normal   -00000.773010,-00000.000000,-00000.634393
      TextureU -00000.000000,+00001.000000,-00000.000000
      TextureV +00000.634393,-00000.000000,-00000.773010
      Vertex   -00016.380493,-00044.000000,+00014.000000
      Vertex   -00033.696289,-00044.000000,+00035.099380
      Vertex   -00033.696289,-00040.000000,+00035.099380
      Vertex   -00016.380493,-00040.000000,+00014.000000
   End Polygon
   Begin Polygon Item=OUTSIDE Texture=ClenLiteAshen_A Flags=1073741824 Link=10
      Origin   -00010.303711,+00012.000000,+00012.900620
      Normal   +00000.773010,+00000.000000,+00000.634393
      TextureU +00000.000000,-00001.000000,+00000.000000
      TextureV +00000.634393,-00000.000000,-00000.773010
      Vertex   -00030.604248,+00012.000000,+00037.636955
      Vertex   -00030.604248,+00008.000000,+00037.636955
      Vertex   -00011.205933,+00008.000000,+00014.000000
      Vertex   -00011.205933,+00012.000000,+00014.000000
   End Polygon
   Begin Polygon Item=OUTSIDE Texture=ClenLiteAshen_A Flags=1073741824 Link=11
      Origin   -00001.000000,-00048.000000,+00010.000000
      Normal   -00000.000000,-00000.000000,-00001.000000
      TextureU -00000.000000,+00001.000000,-00000.000000
      TextureV +00001.000000,+00000.000000,-00000.000000
      Vertex   -00001.000000,-00048.000000,+00010.000000
      Vertex   -00033.000000,-00048.000000,+00010.000000
      Vertex   -00033.000000,+00016.000000,+00010.000000
      Vertex   -00001.000000,+00016.000000,+00010.000000
   End Polygon
   Begin Polygon Item=OUTSIDE Texture=ClenLiteAshen_A Flags=1073741824 Link=12
      Origin   -00001.000000,+00016.000000,+00014.000000
      Normal   -00000.000000,+00001.000000,-00000.000000
      TextureU -00001.000000,-00000.000000,+00000.000000
      TextureV +00000.000000,+00000.000000,+00001.000000
      Vertex   -00033.000000,+00016.000000,+00010.000000
      Vertex   -00033.000000,+00016.000000,+00014.000000
      Vertex   -00001.000000,+00016.000000,+00014.000000
      Vertex   -00001.000000,+00016.000000,+00010.000000
   End Polygon
   Begin Polygon Item=OUTSIDE Texture=ClenLiteAshen_A Flags=1073741824 Link=13
      Origin   -00033.000000,-00048.000000,+00014.000000
      Normal   +00000.000000,-00001.000000,+00000.000000
      TextureU +00001.000000,+00000.000000,-00000.000000
      TextureV +00000.000000,+00000.000000,+00001.000000
      Vertex   -00033.000000,-00048.000000,+00014.000000
      Vertex   -00033.000000,-00048.000000,+00010.000000
      Vertex   -00001.000000,-00048.000000,+00010.000000
      Vertex   -00001.000000,-00048.000000,+00014.000000
   End Polygon
   Begin Polygon Item=OUTSIDE Texture=ClenLiteAshen_A Flags=1073741824 Link=14
      Origin   -00033.000000,+00016.000000,+00014.000000
      Normal   -00001.000000,-00000.000000,+00000.000000
      TextureU +00000.000000,-00001.000000,+00000.000000
      TextureV +00000.000000,+00000.000000,+00001.000000
      Vertex   -00033.000000,+00016.000000,+00014.000000
      Vertex   -00033.000000,+00016.000000,+00010.000000
      Vertex   -00033.000000,-00048.000000,+00010.000000
      Vertex   -00033.000000,-00048.000000,+00014.000000
   End Polygon
   Begin Polygon Item=OUTSIDE Texture=ClenLiteAshen_A Flags=1073741824 Link=15
      Origin   -00001.000000,-00048.000000,+00014.000000
      Normal   +00001.000000,+00000.000000,-00000.000000
      TextureU -00000.000000,+00001.000000,-00000.000000
      TextureV +00000.000000,+00000.000000,+00001.000000
      Vertex   -00001.000000,-00048.000000,+00014.000000
      Vertex   -00001.000000,-00048.000000,+00010.000000
      Vertex   -00001.000000,+00016.000000,+00010.000000
      Vertex   -00001.000000,+00016.000000,+00014.000000
   End Polygon
   Begin Polygon Item=OUTSIDE Texture=ClenLiteAshen_A Flags=1073741824 Link=0
      Origin   -00001.000000,+00016.000000,+00014.000000
      Normal   +00000.000000,+00000.000000,+00001.000000
      TextureU +00000.000000,-00001.000000,+00000.000000
      TextureV +00001.000000,+00000.000000,-00000.000000
      Vertex   -00011.205933,-00048.000000,+00014.000000
      Vertex   -00001.000000,-00048.000000,+00014.000000
      Vertex   -00001.000000,+00016.000000,+00014.000000
      Vertex   -00011.205933,+00016.000000,+00014.000000
   End Polygon
   Begin Polygon Item=OUTSIDE Texture=ClenLiteAshen_A Flags=1073741824 Link=0
      Origin   -00001.000000,+00016.000000,+00014.000000
      Normal   +00000.000000,+00000.000000,+00001.000000
      TextureU +00000.000000,-00001.000000,+00000.000000
      TextureV +00001.000000,+00000.000000,-00000.000000
      Vertex   -00011.205933,-00044.000000,+00014.000000
      Vertex   -00016.380493,-00044.000000,+00014.000000
      Vertex   -00016.380493,-00048.000000,+00014.000000
      Vertex   -00011.205933,-00048.000000,+00014.000000
   End Polygon
   Begin Polygon Item=OUTSIDE Texture=ClenLiteAshen_A Flags=1073741824 Link=0
      Origin   -00001.000000,+00016.000000,+00014.000000
      Normal   +00000.000000,+00000.000000,+00001.000000
      TextureU +00000.000000,-00001.000000,+00000.000000
      TextureV +00001.000000,+00000.000000,-00000.000000
      Vertex   -00016.380493,+00008.000000,+00014.000000
      Vertex   -00016.380493,-00040.000000,+00014.000000
      Vertex   -00011.205933,-00040.000000,+00014.000000
      Vertex   -00011.205933,+00008.000000,+00014.000000
   End Polygon
   Begin Polygon Item=OUTSIDE Texture=ClenLiteAshen_A Flags=1073741824 Link=0
      Origin   -00001.000000,+00016.000000,+00014.000000
      Normal   +00000.000000,+00000.000000,+00001.000000
      TextureU +00000.000000,-00001.000000,+00000.000000
      TextureV +00001.000000,+00000.000000,-00000.000000
      Vertex   -00011.205933,+00012.000000,+00014.000000
      Vertex   -00011.205933,+00016.000000,+00014.000000
      Vertex   -00016.380493,+00016.000000,+00014.000000
      Vertex   -00016.380493,+00011.906494,+00014.000000
   End Polygon
End PolyList
