Begin PolyList
   Begin Polygon Item=OUTSIDE Flags=-1073741824 Link=0
      Origin   -00060.000000,+00064.000000,-00064.000000
      Normal   +00000.000000,+00000.000000,-00001.000000
      TextureU +00000.000000,-00001.000000,+00000.000000
      TextureV -00001.000000,+00000.000000,+00000.000000
      Vertex   +00041.000122,-00060.000000,-00064.000000
      Vertex   +00041.000122,-00056.000000,-00064.000000
      Vertex   +00045.000122,-00056.000000,-00064.000000
      Vertex   +00045.000122,-00060.000000,-00064.000000
   End Polygon
   Begin Polygon Item=OUTSIDE Flags=-1073741824 Link=0
      Origin   -00060.000000,+00064.000000,-00064.000000
      Normal   +00000.000000,+00000.000000,-00001.000000
      TextureU +00000.000000,-00001.000000,+00000.000000
      TextureV -00001.000000,+00000.000000,+00000.000000
      Vertex   -00043.000004,-00060.000000,-00064.000000
      Vertex   -00043.000004,-00056.000000,-00064.000000
      Vertex   -00039.000000,-00056.000000,-00064.000000
      Vertex   -00039.000000,-00060.000000,-00064.000000
   End Polygon
   Begin Polygon Item=OUTSIDE Flags=-1073741824 Link=0
      Origin   -00060.000000,+00064.000000,-00064.000000
      Normal   +00000.000000,+00000.000000,-00001.000000
      TextureU +00000.000000,-00001.000000,+00000.000000
      TextureV -00001.000000,+00000.000000,+00000.000000
      Vertex   -00039.000000,+00060.000000,-00064.000000
      Vertex   -00039.000000,+00055.999023,-00064.000000
      Vertex   -00043.000000,+00055.999023,-00064.000000
      Vertex   -00043.000004,+00060.000000,-00064.000000
   End Polygon
   Begin Polygon Item=OUTSIDE Flags=-1073741824 Link=0
      Origin   -00060.000000,+00064.000000,-00064.000000
      Normal   +00000.000000,+00000.000000,-00001.000000
      TextureU +00000.000000,-00001.000000,+00000.000000
      TextureV -00001.000000,+00000.000000,+00000.000000
      Vertex   +00045.000122,+00055.999023,-00064.000000
      Vertex   +00041.000122,+00055.999023,-00064.000000
      Vertex   +00041.000122,+00060.000000,-00064.000000
      Vertex   +00045.000122,+00060.000000,-00064.000000
   End Polygon
   Begin Polygon Item=OUTSIDE Texture=pa_woodfloor_a Flags=1082130432 Link=4
      Origin   -00047.000000,+00064.000000,+00384.000000
      Normal   -00000.000000,+00001.000000,+00000.000000
      TextureU -00001.000000,-00000.000000,+00000.000000
      TextureV +00000.000000,+00000.000000,-00001.000000
      Vertex   -00047.000000,+00064.000000,-00020.000000
      Vertex   -00047.000000,+00064.000000,-00016.000000
      Vertex   +00049.000000,+00064.000000,-00016.000000
      Vertex   +00049.000000,+00064.000000,-00020.000000
   End Polygon
   Begin Polygon Item=OUTSIDE Texture=pa_woodfloor_a Flags=1082130432 Link=5
      Origin   -00031.000000,+02944.000000,-00020.000000
      Normal   +00000.000000,+00000.000000,-00001.000000
      TextureU +00000.000000,-00001.000000,+00000.000000
      TextureV +00001.000000,+00000.000000,+00000.000000
      Vertex   -00047.000000,-00064.000244,-00020.000000
      Vertex   -00047.000000,+00064.000000,-00020.000000
      Vertex   +00049.000000,+00064.000000,-00020.000000
      Vertex   +00049.000000,-00064.000244,-00020.000000
   End Polygon
   Begin Polygon Item=OUTSIDE Texture=pa_woodfloor_a Flags=1082130464 Link=6
      Origin   +00041.000046,+00052.000000,+00384.000000
      Normal   +00000.000000,-00001.000000,+00000.000000
      TextureU +00001.000000,+00000.000000,+00000.000000
      TextureV +00000.000000,+00000.000000,-00001.000000
      Vertex   +00041.000046,+00052.000000,-00032.000000
      Vertex   +00041.000046,+00052.000000,-00024.000000
      Vertex   +00037.000046,+00052.000000,-00024.000000
      Vertex   +00037.000046,+00052.000000,-00032.000000
   End Polygon
   Begin Polygon Item=OUTSIDE Texture=Ctcomb_6 Flags=1082130464 Link=7
      Origin   -00031.000122,+02944.000000,-00032.000000
      Normal   +00000.000000,+00000.000000,-00001.000000
      TextureU +00000.000000,-00001.000000,+00000.000000
      TextureV +00001.000000,+00000.000000,+00000.000000
      Vertex   +00041.000107,-00055.999756,-00032.000000
      Vertex   +00037.000107,-00055.999756,-00032.000000
      Vertex   +00037.000107,-00051.999756,-00032.000000
      Vertex   +00041.000107,-00051.999756,-00032.000000
   End Polygon
   Begin Polygon Item=OUTSIDE Texture=pa_woodfloor_a Flags=1082130464 Link=8
      Origin   +00017.000000,+02944.000000,+00384.000000
      Normal   +00000.992278,+00000.000000,-00000.124035
      TextureU -00000.000000,+00001.000000,+00000.000000
      TextureV -00000.124035,-00000.000000,-00000.992278
      Vertex   -00035.000336,-00052.000000,-00032.000000
      Vertex   -00035.000336,-00056.000000,-00032.000000
      Vertex   -00039.000008,-00060.000000,-00064.000000
      Vertex   -00039.000008,-00056.000000,-00064.000000
   End Polygon
   Begin Polygon Item=OUTSIDE Texture=pa_woodfloor_a Flags=1082130464 Link=9
      Origin   -00014.999878,+02944.000000,+00384.000031
      Normal   -00000.992278,-00000.000000,-00000.124035
      TextureU +00000.000000,-00001.000000,+00000.000000
      TextureV +00000.124035,+00000.000000,-00000.992278
      Vertex   +00037.000107,-00055.999756,-00032.000000
      Vertex   +00037.000107,-00051.999756,-00032.000000
      Vertex   +00041.000137,-00055.999756,-00064.000000
      Vertex   +00041.000137,-00059.999756,-00064.000000
   End Polygon
   Begin Polygon Item=OUTSIDE Texture=pa_woodfloor_a Flags=1082130464 Link=10
      Origin   -00010.999882,+02944.000000,+00384.000031
      Normal   +00000.992278,+00000.000000,+00000.124035
      TextureU -00000.000000,+00001.000000,+00000.000000
      TextureV +00000.124035,+00000.000000,-00000.992278
      Vertex   +00041.000107,-00051.999756,-00032.000000
      Vertex   +00041.000107,-00055.999756,-00032.000000
      Vertex   +00045.000137,-00059.999756,-00064.000000
      Vertex   +00045.000137,-00055.999756,-00064.000000
   End Polygon
   Begin Polygon Item=OUTSIDE Texture=pa_woodfloor_a Flags=1082130464 Link=11
      Origin   -00031.000000,-00000.000488,+00383.996063
      Normal   -00000.000000,+00000.992278,-00000.124035
      TextureU -00001.000000,-00000.000000,+00000.000000
      TextureV +00000.000000,-00000.124035,-00000.992278
      Vertex   +00037.000107,-00051.999756,-00032.000000
      Vertex   +00041.000107,-00051.999756,-00032.000000
      Vertex   +00045.000137,-00055.999756,-00064.000000
      Vertex   +00041.000137,-00055.999756,-00064.000000
   End Polygon
   Begin Polygon Item=OUTSIDE Texture=pa_woodfloor_a Flags=1082130464 Link=12
      Origin   -00031.000000,-00004.000000,+00383.999237
      Normal   +00000.000000,-00000.992278,+00000.124035
      TextureU +00001.000000,+00000.000000,+00000.000000
      TextureV +00000.000000,-00000.124035,-00000.992278
      Vertex   +00041.000107,-00055.999756,-00032.000000
      Vertex   +00037.000107,-00055.999756,-00032.000000
      Vertex   +00041.000137,-00059.999756,-00064.000000
      Vertex   +00045.000137,-00059.999756,-00064.000000
   End Polygon
   Begin Polygon Item=OUTSIDE Texture=pa_woodfloor_a Flags=1082130464 Link=13
      Origin   -00031.000000,-00004.000000,+00383.999237
      Normal   +00000.000000,-00000.992278,+00000.124035
      TextureU +00001.000000,+00000.000000,+00000.000000
      TextureV +00000.000000,-00000.124035,-00000.992278
      Vertex   -00035.000336,-00056.000000,-00032.000000
      Vertex   -00039.000336,-00056.000000,-00032.000000
      Vertex   -00043.000008,-00060.000000,-00064.000000
      Vertex   -00039.000008,-00060.000000,-00064.000000
   End Polygon
   Begin Polygon Item=OUTSIDE Texture=pa_woodfloor_a Flags=1082130464 Link=14
      Origin   -00031.000000,-00000.000488,+00383.996063
      Normal   -00000.000000,+00000.992278,-00000.124035
      TextureU -00001.000000,-00000.000000,+00000.000000
      TextureV +00000.000000,-00000.124035,-00000.992278
      Vertex   -00039.000336,-00052.000000,-00032.000000
      Vertex   -00035.000336,-00052.000000,-00032.000000
      Vertex   -00039.000008,-00056.000000,-00064.000000
      Vertex   -00043.000008,-00056.000000,-00064.000000
   End Polygon
   Begin Polygon Item=OUTSIDE Texture=pa_woodfloor_a Flags=1082130464 Link=15
      Origin   +00012.999992,+02944.000000,+00383.999969
      Normal   -00000.992278,-00000.000000,+00000.124035
      TextureU +00000.000000,-00001.000000,+00000.000000
      TextureV -00000.124035,-00000.000000,-00000.992278
      Vertex   -00039.000336,-00056.000000,-00032.000000
      Vertex   -00039.000336,-00052.000000,-00032.000000
      Vertex   -00043.000008,-00056.000000,-00064.000000
      Vertex   -00043.000008,-00060.000000,-00064.000000
   End Polygon
   Begin Polygon Item=OUTSIDE Texture=Ctcomb_6 Flags=1082130464 Link=16
      Origin   -00031.000000,+02944.000000,-00024.000000
      Normal   +00000.000000,+00000.000000,+00001.000000
      TextureU +00000.000000,-00001.000000,+00000.000000
      TextureV +00001.000000,+00000.000000,+00000.000000
      Vertex   +00041.000107,-00051.999756,-00024.000000
      Vertex   +00037.000107,-00051.999756,-00024.000000
      Vertex   +00037.000107,-00055.999756,-00024.000000
      Vertex   +00041.000107,-00055.999756,-00024.000000
   End Polygon
   Begin Polygon Item=OUTSIDE Texture=pa_woodfloor_a Flags=1082130464 Link=17
      Origin   -00031.000000,-00339.063232,+00384.000000
      Normal   +00000.000000,-00000.826600,-00000.562790
      TextureU +00001.000000,+00000.000000,+00000.000000
      TextureV -00000.000000,+00000.562791,-00000.826600
      Vertex   +00044.999992,-00061.276367,-00024.000000
      Vertex   +00049.000000,-00064.000244,-00020.000000
      Vertex   -00047.000000,-00064.000244,-00020.000000
      Vertex   -00043.000000,-00061.276367,-00024.000000
   End Polygon
   Begin Polygon Item=OUTSIDE Texture=pa_woodfloor_a Flags=1082130464 Link=18
      Origin   -00451.000702,+02944.000000,+00384.000702
      Normal   -00000.707107,-00000.000000,-00000.707107
      TextureU +00000.000000,-00001.000000,+00000.000000
      TextureV +00000.707108,-00000.000000,-00000.707106
      Vertex   -00043.000000,-00061.276367,-00024.000000
      Vertex   -00047.000000,-00064.000244,-00020.000000
      Vertex   -00047.000000,+00064.000000,-00020.000000
      Vertex   -00043.000000,+00061.276611,-00024.000000
   End Polygon
   Begin Polygon Item=OUTSIDE Texture=pa_woodfloor_a Flags=1082130464 Link=19
      Origin   +00453.000824,+02944.000000,+00384.000824
      Normal   +00000.707108,-00000.000000,-00000.707106
      TextureU -00000.000000,+00001.000000,+00000.000000
      TextureV -00000.707107,-00000.000000,-00000.707107
      Vertex   +00049.000000,-00064.000244,-00020.000000
      Vertex   +00044.999992,-00061.276367,-00024.000000
      Vertex   +00044.999992,+00061.276611,-00024.000000
      Vertex   +00049.000000,+00064.000000,-00020.000000
   End Polygon
   Begin Polygon Item=OUTSIDE Texture=pa_woodfloor_a Flags=1082130464 Link=20
      Origin   +00037.000107,-00055.999756,+00384.000000
      Normal   -00001.000000,-00000.000000,+00000.000000
      TextureU +00000.000000,-00001.000000,+00000.000000
      TextureV +00000.000000,+00000.000000,-00001.000000
      Vertex   +00037.000107,-00055.999756,-00032.000000
      Vertex   +00037.000107,-00055.999756,-00024.000000
      Vertex   +00037.000107,-00051.999756,-00024.000000
      Vertex   +00037.000107,-00051.999756,-00032.000000
   End Polygon
   Begin Polygon Item=OUTSIDE Texture=pa_woodfloor_a Flags=1082130464 Link=21
      Origin   -00039.000336,-00056.000000,+00384.000000
      Normal   -00001.000000,-00000.000000,+00000.000000
      TextureU +00000.000000,-00001.000000,+00000.000000
      TextureV +00000.000000,+00000.000000,-00001.000000
      Vertex   -00039.000336,-00056.000000,-00032.000000
      Vertex   -00039.000336,-00056.000000,-00024.000000
      Vertex   -00039.000336,-00052.000000,-00024.000000
      Vertex   -00039.000336,-00052.000000,-00032.000000
   End Polygon
   Begin Polygon Item=OUTSIDE Texture=pa_woodfloor_a Flags=1082130464 Link=22
      Origin   -00035.000336,-00052.000000,+00384.000000
      Normal   +00001.000000,+00000.000000,+00000.000000
      TextureU -00000.000000,+00001.000000,+00000.000000
      TextureV +00000.000000,+00000.000000,-00001.000000
      Vertex   -00035.000336,-00052.000000,-00032.000000
      Vertex   -00035.000336,-00052.000000,-00024.000000
      Vertex   -00035.000336,-00056.000000,-00024.000000
      Vertex   -00035.000336,-00056.000000,-00032.000000
   End Polygon
   Begin Polygon Item=OUTSIDE Texture=pa_woodfloor_a Flags=1082130464 Link=23
      Origin   -00039.000336,-00052.000000,+00384.000000
      Normal   -00000.000000,+00001.000000,+00000.000000
      TextureU -00001.000000,-00000.000000,+00000.000000
      TextureV +00000.000000,+00000.000000,-00001.000000
      Vertex   -00039.000336,-00052.000000,-00032.000000
      Vertex   -00039.000336,-00052.000000,-00024.000000
      Vertex   -00035.000336,-00052.000000,-00024.000000
      Vertex   -00035.000336,-00052.000000,-00032.000000
   End Polygon
   Begin Polygon Item=OUTSIDE Texture=pa_woodfloor_a Flags=1082130464 Link=24
      Origin   -00035.000336,-00056.000000,+00384.000000
      Normal   +00000.000000,-00001.000000,+00000.000000
      TextureU +00001.000000,+00000.000000,+00000.000000
      TextureV +00000.000000,+00000.000000,-00001.000000
      Vertex   -00035.000336,-00056.000000,-00032.000000
      Vertex   -00035.000336,-00056.000000,-00024.000000
      Vertex   -00039.000336,-00056.000000,-00024.000000
      Vertex   -00039.000336,-00056.000000,-00032.000000
   End Polygon
   Begin Polygon Item=OUTSIDE Texture=pa_woodfloor_a Flags=1082130464 Link=25
      Origin   +00041.000107,-00055.999756,+00384.000000
      Normal   +00000.000000,-00001.000000,+00000.000000
      TextureU +00001.000000,+00000.000000,+00000.000000
      TextureV +00000.000000,+00000.000000,-00001.000000
      Vertex   +00041.000107,-00055.999756,-00032.000000
      Vertex   +00041.000107,-00055.999756,-00024.000000
      Vertex   +00037.000107,-00055.999756,-00024.000000
      Vertex   +00037.000107,-00055.999756,-00032.000000
   End Polygon
   Begin Polygon Item=OUTSIDE Texture=pa_woodfloor_a Flags=1082130464 Link=26
      Origin   +00037.000107,-00051.999756,+00384.000000
      Normal   -00000.000000,+00001.000000,+00000.000000
      TextureU -00001.000000,-00000.000000,+00000.000000
      TextureV +00000.000000,+00000.000000,-00001.000000
      Vertex   +00037.000107,-00051.999756,-00032.000000
      Vertex   +00037.000107,-00051.999756,-00024.000000
      Vertex   +00041.000107,-00051.999756,-00024.000000
      Vertex   +00041.000107,-00051.999756,-00032.000000
   End Polygon
   Begin Polygon Item=OUTSIDE Texture=pa_woodfloor_a Flags=1082130464 Link=27
      Origin   +00041.000107,-00051.999756,+00384.000000
      Normal   +00001.000000,+00000.000000,+00000.000000
      TextureU -00000.000000,+00001.000000,+00000.000000
      TextureV +00000.000000,+00000.000000,-00001.000000
      Vertex   +00041.000107,-00051.999756,-00032.000000
      Vertex   +00041.000107,-00051.999756,-00024.000000
      Vertex   +00041.000107,-00055.999756,-00024.000000
      Vertex   +00041.000107,-00055.999756,-00032.000000
   End Polygon
   Begin Polygon Item=OUTSIDE Texture=Ctcomb_6 Flags=1082130464 Link=28
      Origin   -00031.000000,+02944.000000,-00024.000000
      Normal   +00000.000000,+00000.000000,+00001.000000
      TextureU +00000.000000,-00001.000000,+00000.000000
      TextureV +00001.000000,+00000.000000,+00000.000000
      Vertex   -00035.000336,-00052.000000,-00024.000000
      Vertex   -00039.000336,-00052.000000,-00024.000000
      Vertex   -00039.000336,-00056.000000,-00024.000000
      Vertex   -00035.000336,-00056.000000,-00024.000000
   End Polygon
   Begin Polygon Item=OUTSIDE Texture=pa_woodfloor_a Flags=1082130464 Link=29
      Origin   -00031.000000,+02944.000000,-00024.000000
      Normal   +00000.000000,+00000.000000,-00001.000000
      TextureU +00000.000000,-00001.000000,+00000.000000
      TextureV +00001.000000,+00000.000000,+00000.000000
      Vertex   +00044.999992,-00055.999756,-00024.000000
      Vertex   +00044.999992,-00061.276367,-00024.000000
      Vertex   -00043.000000,-00061.276367,-00024.000000
      Vertex   -00043.000000,-00055.999756,-00024.000000
   End Polygon
   Begin Polygon Item=OUTSIDE Texture=pa_woodfloor_a Flags=1082130464 Link=29
      Origin   -00031.000000,+02944.000000,-00024.000000
      Normal   +00000.000000,+00000.000000,-00001.000000
      TextureU +00000.000000,-00001.000000,+00000.000000
      TextureV +00001.000000,+00000.000000,+00000.000000
      Vertex   +00044.999992,+00052.000000,-00024.000000
      Vertex   +00044.999992,-00051.999756,-00024.000000
      Vertex   -00043.000000,-00051.999756,-00024.000000
      Vertex   -00043.000000,+00052.000000,-00024.000000
   End Polygon
   Begin Polygon Item=OUTSIDE Texture=pa_woodfloor_a Flags=1082130464 Link=29
      Origin   -00031.000000,+02944.000000,-00024.000000
      Normal   +00000.000000,+00000.000000,-00001.000000
      TextureU +00000.000000,-00001.000000,+00000.000000
      TextureV +00001.000000,+00000.000000,+00000.000000
      Vertex   -00039.000336,-00052.000000,-00024.000000
      Vertex   -00039.000336,-00056.000000,-00024.000000
      Vertex   -00043.000000,-00055.999756,-00024.000000
      Vertex   -00043.000000,-00051.999756,-00024.000000
   End Polygon
   Begin Polygon Item=OUTSIDE Texture=pa_woodfloor_a Flags=1082130464 Link=29
      Origin   -00031.000000,+02944.000000,-00024.000000
      Normal   +00000.000000,+00000.000000,-00001.000000
      TextureU +00000.000000,-00001.000000,+00000.000000
      TextureV +00001.000000,+00000.000000,+00000.000000
      Vertex   -00035.000336,-00052.000000,-00024.000000
      Vertex   +00037.000107,-00051.999756,-00024.000000
      Vertex   +00037.000107,-00055.999756,-00024.000000
      Vertex   -00035.000336,-00056.000000,-00024.000000
   End Polygon
   Begin Polygon Item=OUTSIDE Texture=pa_woodfloor_a Flags=1082130464 Link=29
      Origin   -00031.000000,+02944.000000,-00024.000000
      Normal   +00000.000000,+00000.000000,-00001.000000
      TextureU +00000.000000,-00001.000000,+00000.000000
      TextureV +00001.000000,+00000.000000,+00000.000000
      Vertex   +00041.000107,-00051.999756,-00024.000000
      Vertex   +00044.999992,-00051.999756,-00024.000000
      Vertex   +00044.999992,-00055.999756,-00024.000000
      Vertex   +00041.000107,-00055.999756,-00024.000000
   End Polygon
   Begin Polygon Item=OUTSIDE Texture=Ctcomb_6 Flags=1082130464 Link=34
      Origin   -00031.000122,+02944.000000,-00032.000000
      Normal   +00000.000000,+00000.000000,-00001.000000
      TextureU +00000.000000,-00001.000000,+00000.000000
      TextureV +00001.000000,+00000.000000,+00000.000000
      Vertex   -00035.000336,-00056.000000,-00032.000000
      Vertex   -00039.000336,-00056.000000,-00032.000000
      Vertex   -00039.000336,-00052.000000,-00032.000000
      Vertex   -00035.000336,-00052.000000,-00032.000000
   End Polygon
   Begin Polygon Item=OUTSIDE Texture=Ctcomb_6 Flags=1082130464 Link=35
      Origin   -00031.000122,+02944.000000,-00032.000000
      Normal   +00000.000000,+00000.000000,-00001.000000
      TextureU +00000.000000,-00001.000000,+00000.000000
      TextureV +00001.000000,+00000.000000,+00000.000000
      Vertex   +00041.000046,+00052.000000,-00032.000000
      Vertex   +00037.000046,+00052.000000,-00032.000000
      Vertex   +00037.000046,+00056.000000,-00032.000000
      Vertex   +00041.000046,+00056.000000,-00032.000000
   End Polygon
   Begin Polygon Item=OUTSIDE Texture=pa_woodfloor_a Flags=1082130464 Link=36
      Origin   -00014.999878,+02944.000000,+00384.000031
      Normal   -00000.992278,-00000.000000,-00000.124035
      TextureU +00000.000000,-00001.000000,+00000.000000
      TextureV +00000.124035,+00000.000000,-00000.992278
      Vertex   +00037.000046,+00052.000000,-00032.000000
      Vertex   +00037.000046,+00056.000000,-00032.000000
      Vertex   +00041.000122,+00060.000000,-00064.000000
      Vertex   +00041.000122,+00056.000000,-00064.000000
   End Polygon
   Begin Polygon Item=OUTSIDE Texture=pa_woodfloor_a Flags=1082130464 Link=37
      Origin   +00012.999992,+02944.000000,+00383.999969
      Normal   -00000.992278,-00000.000000,+00000.124035
      TextureU +00000.000000,-00001.000000,+00000.000000
      TextureV -00000.124035,-00000.000000,-00000.992278
      Vertex   -00038.999992,+00052.000000,-00032.000000
      Vertex   -00038.999992,+00056.000000,-00032.000000
      Vertex   -00042.999992,+00060.000000,-00064.000000
      Vertex   -00042.999992,+00056.000000,-00064.000000
   End Polygon
   Begin Polygon Item=OUTSIDE Texture=pa_woodfloor_a Flags=1082130464 Link=38
      Origin   +00017.000000,+02944.000000,+00384.000000
      Normal   +00000.992278,+00000.000000,-00000.124035
      TextureU -00000.000000,+00001.000000,+00000.000000
      TextureV -00000.124035,-00000.000000,-00000.992278
      Vertex   -00034.999992,+00056.000000,-00032.000000
      Vertex   -00034.999992,+00052.000000,-00032.000000
      Vertex   -00038.999992,+00056.000000,-00064.000000
      Vertex   -00038.999992,+00060.000000,-00064.000000
   End Polygon
   Begin Polygon Item=OUTSIDE Texture=pa_woodfloor_a Flags=1082130464 Link=39
      Origin   -00031.000000,+00004.000000,+00384.000763
      Normal   -00000.000000,+00000.992278,+00000.124035
      TextureU -00001.000000,-00000.000000,+00000.000000
      TextureV -00000.000000,+00000.124035,-00000.992278
      Vertex   -00038.999992,+00056.000000,-00032.000000
      Vertex   -00034.999992,+00056.000000,-00032.000000
      Vertex   -00038.999992,+00060.000000,-00064.000000
      Vertex   -00042.999992,+00060.000000,-00064.000000
   End Polygon
   Begin Polygon Item=OUTSIDE Texture=pa_woodfloor_a Flags=1082130464 Link=40
      Origin   -00031.000000,-00000.000488,+00383.996063
      Normal   +00000.000000,-00000.992278,-00000.124035
      TextureU +00001.000000,+00000.000000,+00000.000000
      TextureV -00000.000000,+00000.124035,-00000.992278
      Vertex   -00034.999992,+00052.000000,-00032.000000
      Vertex   -00038.999992,+00052.000000,-00032.000000
      Vertex   -00042.999992,+00056.000000,-00064.000000
      Vertex   -00038.999992,+00056.000000,-00064.000000
   End Polygon
   Begin Polygon Item=OUTSIDE Texture=pa_woodfloor_a Flags=1082130464 Link=41
      Origin   -00031.000000,-00000.000488,+00383.996063
      Normal   +00000.000000,-00000.992278,-00000.124035
      TextureU +00001.000000,+00000.000000,+00000.000000
      TextureV -00000.000000,+00000.124035,-00000.992278
      Vertex   +00041.000046,+00052.000000,-00032.000000
      Vertex   +00037.000046,+00052.000000,-00032.000000
      Vertex   +00041.000122,+00056.000000,-00064.000000
      Vertex   +00045.000122,+00056.000000,-00064.000000
   End Polygon
   Begin Polygon Item=OUTSIDE Texture=pa_woodfloor_a Flags=1082130464 Link=42
      Origin   -00031.000000,+00004.000000,+00384.000763
      Normal   -00000.000000,+00000.992278,+00000.124035
      TextureU -00001.000000,-00000.000000,+00000.000000
      TextureV -00000.000000,+00000.124035,-00000.992278
      Vertex   +00037.000046,+00056.000000,-00032.000000
      Vertex   +00041.000046,+00056.000000,-00032.000000
      Vertex   +00045.000122,+00060.000000,-00064.000000
      Vertex   +00041.000122,+00060.000000,-00064.000000
   End Polygon
   Begin Polygon Item=OUTSIDE Texture=pa_woodfloor_a Flags=1082130464 Link=43
      Origin   -00010.999882,+02944.000000,+00384.000031
      Normal   +00000.992278,+00000.000000,+00000.124035
      TextureU -00000.000000,+00001.000000,+00000.000000
      TextureV +00000.124035,+00000.000000,-00000.992278
      Vertex   +00041.000046,+00056.000000,-00032.000000
      Vertex   +00041.000046,+00052.000000,-00032.000000
      Vertex   +00045.000122,+00056.000000,-00064.000000
      Vertex   +00045.000122,+00060.000000,-00064.000000
   End Polygon
   Begin Polygon Item=OUTSIDE Texture=Ctcomb_6 Flags=1082130464 Link=44
      Origin   -00031.000000,+02944.000000,-00024.000000
      Normal   +00000.000000,+00000.000000,+00001.000000
      TextureU +00000.000000,-00001.000000,+00000.000000
      TextureV +00001.000000,+00000.000000,+00000.000000
      Vertex   +00041.000046,+00056.000000,-00024.000000
      Vertex   +00037.000046,+00056.000000,-00024.000000
      Vertex   +00037.000046,+00052.000000,-00024.000000
      Vertex   +00041.000046,+00052.000000,-00024.000000
   End Polygon
   Begin Polygon Item=OUTSIDE Texture=pa_woodfloor_a Flags=1082130464 Link=45
      Origin   -00031.000000,+00339.063477,+00384.000000
      Normal   -00000.000000,+00000.826600,-00000.562790
      TextureU -00001.000000,-00000.000000,+00000.000000
      TextureV +00000.000000,-00000.562791,-00000.826600
      Vertex   -00043.000000,+00061.276611,-00024.000000
      Vertex   -00047.000000,+00064.000000,-00020.000000
      Vertex   +00049.000000,+00064.000000,-00020.000000
      Vertex   +00044.999992,+00061.276611,-00024.000000
   End Polygon
   Begin Polygon Item=OUTSIDE Texture=pa_woodfloor_a Flags=1082130464 Link=46
      Origin   +00037.000046,+00052.000000,+00384.000000
      Normal   -00001.000000,-00000.000000,+00000.000000
      TextureU +00000.000000,-00001.000000,+00000.000000
      TextureV +00000.000000,+00000.000000,-00001.000000
      Vertex   +00037.000046,+00052.000000,-00032.000000
      Vertex   +00037.000046,+00052.000000,-00024.000000
      Vertex   +00037.000046,+00056.000000,-00024.000000
      Vertex   +00037.000046,+00056.000000,-00032.000000
   End Polygon
   Begin Polygon Item=OUTSIDE Texture=pa_woodfloor_a Flags=1082130464 Link=47
      Origin   -00039.000252,+00052.000000,+00384.000000
      Normal   -00001.000000,-00000.000000,+00000.000000
      TextureU +00000.000000,-00001.000000,+00000.000000
      TextureV +00000.000000,+00000.000000,-00001.000000
      Vertex   -00038.999992,+00052.000000,-00032.000000
      Vertex   -00039.000252,+00052.000000,-00024.000000
      Vertex   -00039.000252,+00056.000000,-00024.000000
      Vertex   -00038.999992,+00056.000000,-00032.000000
   End Polygon
   Begin Polygon Item=OUTSIDE Texture=pa_woodfloor_a Flags=1082130464 Link=48
      Origin   -00035.000252,+00056.000000,+00384.000000
      Normal   +00001.000000,+00000.000000,+00000.000000
      TextureU -00000.000000,+00001.000000,+00000.000000
      TextureV +00000.000000,+00000.000000,-00001.000000
      Vertex   -00034.999992,+00056.000000,-00032.000000
      Vertex   -00035.000252,+00056.000000,-00024.000000
      Vertex   -00035.000252,+00052.000000,-00024.000000
      Vertex   -00034.999992,+00052.000000,-00032.000000
   End Polygon
   Begin Polygon Item=OUTSIDE Texture=pa_woodfloor_a Flags=1082130464 Link=49
      Origin   -00039.000252,+00056.000000,+00384.000000
      Normal   -00000.000000,+00001.000000,+00000.000000
      TextureU -00001.000000,-00000.000000,+00000.000000
      TextureV +00000.000000,+00000.000000,-00001.000000
      Vertex   -00038.999992,+00056.000000,-00032.000000
      Vertex   -00039.000252,+00056.000000,-00024.000000
      Vertex   -00035.000252,+00056.000000,-00024.000000
      Vertex   -00034.999992,+00056.000000,-00032.000000
   End Polygon
   Begin Polygon Item=OUTSIDE Texture=pa_woodfloor_a Flags=1082130464 Link=50
      Origin   +00037.000046,+00056.000000,+00384.000000
      Normal   -00000.000000,+00001.000000,+00000.000000
      TextureU -00001.000000,-00000.000000,+00000.000000
      TextureV +00000.000000,+00000.000000,-00001.000000
      Vertex   +00037.000046,+00056.000000,-00032.000000
      Vertex   +00037.000046,+00056.000000,-00024.000000
      Vertex   +00041.000046,+00056.000000,-00024.000000
      Vertex   +00041.000046,+00056.000000,-00032.000000
   End Polygon
   Begin Polygon Item=OUTSIDE Texture=pa_woodfloor_a Flags=1082130464 Link=51
      Origin   +00041.000046,+00056.000000,+00384.000000
      Normal   +00001.000000,+00000.000000,+00000.000000
      TextureU -00000.000000,+00001.000000,+00000.000000
      TextureV +00000.000000,+00000.000000,-00001.000000
      Vertex   +00041.000046,+00056.000000,-00032.000000
      Vertex   +00041.000046,+00056.000000,-00024.000000
      Vertex   +00041.000046,+00052.000000,-00024.000000
      Vertex   +00041.000046,+00052.000000,-00032.000000
   End Polygon
   Begin Polygon Item=OUTSIDE Texture=Ctcomb_6 Flags=1082130464 Link=52
      Origin   -00031.000000,+02944.000000,-00024.000000
      Normal   +00000.000000,+00000.000000,+00001.000000
      TextureU +00000.000000,-00001.000000,+00000.000000
      TextureV +00001.000000,+00000.000000,+00000.000000
      Vertex   -00035.000252,+00056.000000,-00024.000000
      Vertex   -00039.000252,+00056.000000,-00024.000000
      Vertex   -00039.000252,+00052.000000,-00024.000000
      Vertex   -00035.000252,+00052.000000,-00024.000000
   End Polygon
   Begin Polygon Item=OUTSIDE Texture=pa_woodfloor_a Flags=1082130464 Link=29
      Origin   -00031.000000,+02944.000000,-00024.000000
      Normal   +00000.000000,+00000.000000,-00001.000000
      TextureU +00000.000000,-00001.000000,+00000.000000
      TextureV +00001.000000,+00000.000000,+00000.000000
      Vertex   +00044.999992,+00056.000000,-00024.000000
      Vertex   -00043.000000,+00056.000000,-00024.000000
      Vertex   -00043.000000,+00061.276611,-00024.000000
      Vertex   +00044.999992,+00061.276611,-00024.000000
   End Polygon
   Begin Polygon Item=OUTSIDE Texture=pa_woodfloor_a Flags=1082130464 Link=29
      Origin   -00031.000000,+02944.000000,-00024.000000
      Normal   +00000.000000,+00000.000000,-00001.000000
      TextureU +00000.000000,-00001.000000,+00000.000000
      TextureV +00001.000000,+00000.000000,+00000.000000
      Vertex   -00039.000252,+00056.000000,-00024.000000
      Vertex   -00039.000252,+00052.000000,-00024.000000
      Vertex   -00043.000000,+00052.000000,-00024.000000
      Vertex   -00043.000000,+00056.000000,-00024.000000
   End Polygon
   Begin Polygon Item=OUTSIDE Texture=pa_woodfloor_a Flags=1082130464 Link=29
      Origin   -00031.000000,+02944.000000,-00024.000000
      Normal   +00000.000000,+00000.000000,-00001.000000
      TextureU +00000.000000,-00001.000000,+00000.000000
      TextureV +00001.000000,+00000.000000,+00000.000000
      Vertex   -00035.000252,+00056.000000,-00024.000000
      Vertex   +00037.000046,+00056.000000,-00024.000000
      Vertex   +00037.000046,+00052.000000,-00024.000000
      Vertex   -00035.000252,+00052.000000,-00024.000000
   End Polygon
   Begin Polygon Item=OUTSIDE Texture=pa_woodfloor_a Flags=1082130464 Link=29
      Origin   -00031.000000,+02944.000000,-00024.000000
      Normal   +00000.000000,+00000.000000,-00001.000000
      TextureU +00000.000000,-00001.000000,+00000.000000
      TextureV +00001.000000,+00000.000000,+00000.000000
      Vertex   +00041.000046,+00056.000000,-00024.000000
      Vertex   +00044.999992,+00056.000000,-00024.000000
      Vertex   +00044.999992,+00052.000000,-00024.000000
      Vertex   +00041.000046,+00052.000000,-00024.000000
   End Polygon
   Begin Polygon Item=OUTSIDE Texture=pa_interior_h_f Flags=1082130464 Link=57
      Origin   +00080.999878,+02944.000000,-00032.000000
      Normal   +00000.000000,+00000.000000,+00001.000000
      TextureU +00000.000000,-00001.000000,+00000.000000
      TextureV +00001.000000,+00000.000000,+00000.000000
      Vertex   -00034.999992,+00056.000000,-00032.000000
      Vertex   -00038.999992,+00056.000000,-00032.000000
      Vertex   -00038.999992,+00052.000000,-00032.000000
      Vertex   -00034.999992,+00052.000000,-00032.000000
   End Polygon
   Begin Polygon Item=OUTSIDE Texture=pa_woodfloor_a Flags=1082130464 Link=58
      Origin   -00035.000252,+00052.000000,+00384.000000
      Normal   +00000.000000,-00001.000000,+00000.000000
      TextureU +00001.000000,+00000.000000,+00000.000000
      TextureV +00000.000000,+00000.000000,-00001.000000
      Vertex   -00034.999992,+00052.000000,-00032.000000
      Vertex   -00035.000252,+00052.000000,-00024.000000
      Vertex   -00039.000252,+00052.000000,-00024.000000
      Vertex   -00038.999992,+00052.000000,-00032.000000
   End Polygon
   Begin Polygon Item=OUTSIDE Texture=pa_woodfloor_a Flags=1082130432 Link=59
      Origin   -00031.000000,+02944.000000,-00016.000000
      Normal   +00000.000000,+00000.000000,+00001.000000
      TextureU +00000.000000,-00001.000000,+00000.000000
      TextureV +00001.000000,+00000.000000,+00000.000000
      Vertex   -00047.000000,+00064.000000,-00016.000000
      Vertex   -00047.000000,-00064.000244,-00016.000000
      Vertex   +00049.000000,-00064.000244,-00016.000000
      Vertex   +00049.000000,+00064.000000,-00016.000000
   End Polygon
   Begin Polygon Item=OUTSIDE Texture=pa_woodfloor_a Flags=1082130432 Link=60
      Origin   +00049.000000,-00064.000244,+00384.000000
      Normal   +00000.000000,-00001.000000,+00000.000000
      TextureU +00001.000000,+00000.000000,+00000.000000
      TextureV +00000.000000,+00000.000000,-00001.000000
      Vertex   -00047.000000,-00064.000244,-00016.000000
      Vertex   -00047.000000,-00064.000244,-00020.000000
      Vertex   +00049.000000,-00064.000244,-00020.000000
      Vertex   +00049.000000,-00064.000244,-00016.000000
   End Polygon
   Begin Polygon Item=OUTSIDE Texture=pa_woodfloor_a Flags=1082130432 Link=61
      Origin   -00047.000000,-00064.000244,+00384.000000
      Normal   -00001.000000,-00000.000000,+00000.000000
      TextureU +00000.000000,-00001.000000,+00000.000000
      TextureV +00000.000000,+00000.000000,-00001.000000
      Vertex   -00047.000000,-00064.000244,-00020.000000
      Vertex   -00047.000000,-00064.000244,-00016.000000
      Vertex   -00047.000000,+00064.000000,-00016.000000
      Vertex   -00047.000000,+00064.000000,-00020.000000
   End Polygon
   Begin Polygon Item=OUTSIDE Texture=pa_woodfloor_a Flags=1082130432 Link=62
      Origin   +00049.000000,+00088.510742,+00384.000000
      Normal   +00001.000000,+00000.000000,+00000.000000
      TextureU -00000.000000,+00001.000000,+00000.000000
      TextureV +00000.000000,+00000.000000,-00001.000000
      Vertex   +00049.000000,+00064.000000,-00020.000000
      Vertex   +00049.000000,+00064.000000,-00016.000000
      Vertex   +00049.000000,-00064.000244,-00016.000000
      Vertex   +00049.000000,-00064.000244,-00020.000000
   End Polygon
End PolyList
