Begin PolyList
   Begin Polygon Texture=sec2 Flags=8912928 Link=0
      Origin   -00065.428543,-00038.000000,-00187.000000
      Normal   +00000.000000,-00001.000000,+00000.000000
      Pan      U=126 V=0
      TextureU -00000.400000,+00000.000000,+00000.000000
      TextureV +00000.000000,+00000.000000,+00002.000000
      Vertex   -00065.428528,-00038.000000,+00001.000006
      Vertex   -00065.428528,-00038.000000,-00006.999994
      Vertex   +00078.571472,-00038.000000,-00007.000007
      Vertex   +00078.571472,-00038.000000,+00000.999993
   End Polygon
   Begin Polygon Texture=sec2 Flags=8912928 Link=1
      Origin   +00078.571457,+00010.000000,-00187.000000
      Normal   +00000.000000,+00001.000000,+00000.000000
      Pan      U=190 V=0
      TextureU +00000.400000,+00000.000000,-00000.000000
      TextureV +00000.000000,+00000.000000,+00002.000000
      Vertex   +00078.571472,+00010.000000,+00000.999993
      Vertex   +00078.571472,+00010.000000,-00007.000007
      Vertex   -00065.428528,+00010.000000,-00006.999994
      Vertex   -00065.428528,+00010.000000,+00001.000006
   End Polygon
   Begin Polygon Texture=sec3 Flags=8912928 Link=2
      Origin   +00846.571472,-01040.000000,-00007.000074
      Normal   -00000.000000,+00000.000000,-00001.000000
      Pan      U=272 V=264
      TextureU -00000.400000,+00000.000000,+00000.000000
      TextureV +00000.000000,+00001.333333,-00000.000000
      Vertex   -00065.428528,-00038.000000,-00006.999994
      Vertex   -00065.428528,+00010.000000,-00006.999994
      Vertex   +00078.571472,+00010.000000,-00007.000007
      Vertex   +00078.571472,-00038.000000,-00007.000007
   End Polygon
   Begin Polygon Texture=sec3 Flags=8912928 Link=3
      Origin   +00038.571476,+00010.000000,+00048.999996
      Normal   -00001.000000,+00000.000000,+00000.000000
      TextureU +00000.000000,-00001.428571,+00000.000000
      TextureV +00000.000000,+00000.000000,+00001.428571
      Vertex   +00038.571476,-00034.000000,+00048.999996
      Vertex   +00038.571476,+00010.000000,+00048.999996
      Vertex   +00038.571472,+00010.000000,+00006.999997
      Vertex   +00038.571472,-00034.000000,+00006.999997
   End Polygon
   Begin Polygon Texture=sec3 Flags=8912928 Link=4
      Origin   -00025.428524,-00038.000000,+00049.000004
      Normal   +00001.000000,+00000.000000,-00000.000000
      TextureU +00000.000000,+00001.428571,+00000.000000
      TextureV +00000.000000,+00000.000000,+00001.428571
      Vertex   -00025.428524,-00034.000000,+00049.000004
      Vertex   -00025.428528,-00034.000000,+00007.000002
      Vertex   -00025.428528,+00010.000000,+00007.000002
      Vertex   -00025.428524,+00010.000000,+00049.000004
   End Polygon
   Begin Polygon Texture=sec3 Flags=8912928 Link=5
      Origin   -00025.428528,-00038.000000,+00007.000002
      Normal   +00000.000000,+00000.000000,+00001.000000
      Pan      U=80 V=128
      TextureU +00000.000000,+00001.000000,+00000.000000
      TextureV -00001.000000,+00000.000000,+00000.000000
      Vertex   -00025.428528,-00034.000000,+00007.000002
      Vertex   +00038.571472,-00034.000000,+00006.999997
      Vertex   +00038.571472,+00010.000000,+00006.999997
      Vertex   -00025.428528,+00010.000000,+00007.000002
   End Polygon
   Begin Polygon Texture=sec3 Flags=8912928 Link=6
      Origin   +00038.571476,-00034.000000,+00048.999996
      Normal   +00000.000000,+00001.000000,+00000.000000
      TextureU -00001.000000,+00000.000000,+00000.000000
      TextureV +00000.000000,+00000.000000,+00001.428571
      Vertex   +00038.571476,-00034.000000,+00048.999996
      Vertex   +00038.571472,-00034.000000,+00006.999997
      Vertex   -00025.428528,-00034.000000,+00007.000002
      Vertex   -00025.428524,-00034.000000,+00049.000004
   End Polygon
   Begin Polygon Texture=sec3 Flags=8912928 Link=7
      Origin   -00025.428524,-00038.000000,+00049.000004
      Normal   +00000.000000,+00000.000000,+00001.000000
      TextureU +00000.000000,+00001.000000,+00000.000000
      TextureV -00001.000000,+00000.000000,+00000.000000
      Vertex   -00025.428524,-00038.000000,+00049.000004
      Vertex   +00038.571476,-00038.000000,+00048.999996
      Vertex   +00038.571476,-00034.000000,+00048.999996
      Vertex   -00025.428524,-00034.000000,+00049.000004
   End Polygon
   Begin Polygon Texture=sec3 Flags=8912928 Link=7
      Origin   -00025.428524,-00038.000000,+00049.000004
      Normal   +00000.000000,+00000.000000,+00001.000000
      TextureU +00000.000000,+00001.000000,+00000.000000
      TextureV -00001.000000,+00000.000000,+00000.000000
      Vertex   -00062.005795,-00038.000000,+00049.000004
      Vertex   -00025.428524,-00038.000000,+00049.000004
      Vertex   -00025.428524,+00010.000000,+00049.000004
      Vertex   -00034.292965,+00010.000000,+00049.000004
   End Polygon
   Begin Polygon Item=Top Texture=sec3 Flags=8912928 Link=9
      Origin   -00057.964413,-00031.000122,+00049.000004
      Normal   +00000.774597,-00000.447214,+00000.447214
      TextureU -00000.158114,-00000.821584,-00000.547723
      TextureV +00000.612373,+00000.353553,-00000.707107
      Vertex   -00057.964413,-00031.000122,+00049.000004
      Vertex   -00061.428524,-00033.000122,+00053.000004
      Vertex   -00061.428524,-00037.000122,+00049.000004
   End Polygon
   Begin Polygon Item=Top Texture=sec3 Flags=8912928 Link=10
      Origin   -00061.428524,-00037.000122,+00049.000004
      Normal   -00000.774597,-00000.447213,+00000.447214
      TextureU -00000.632455,+00000.547723,-00000.547723
      TextureV -00000.000000,-00000.707107,-00000.707107
      Vertex   -00061.428524,-00037.000122,+00049.000004
      Vertex   -00061.428524,-00033.000122,+00053.000004
      Vertex   -00064.892632,-00031.000000,+00049.000004
   End Polygon
   Begin Polygon Item=Top Texture=sec3 Flags=8912928 Link=11
      Origin   -00064.892632,-00031.000000,+00049.000004
      Normal   +00000.000000,+00000.894431,+00000.447207
      TextureU +00000.790569,+00000.273861,-00000.547723
      TextureV -00000.612372,+00000.353554,-00000.707107
      Vertex   -00064.892632,-00031.000000,+00049.000004
      Vertex   -00061.428524,-00033.000122,+00053.000004
      Vertex   -00057.964413,-00031.000122,+00049.000004
   End Polygon
   Begin Polygon Item=Top Texture=sec3 Flags=8912928 Link=12
      Origin   -00057.964413,+00008.999878,+00049.000004
      Normal   +00000.774597,-00000.447214,+00000.447214
      TextureU -00000.158114,-00000.821584,-00000.547723
      TextureV +00000.612373,+00000.353553,-00000.707107
      Vertex   -00057.964413,+00008.999878,+00049.000004
      Vertex   -00061.428524,+00006.999878,+00053.000004
      Vertex   -00061.428524,+00002.999878,+00049.000004
   End Polygon
   Begin Polygon Item=Top Texture=sec3 Flags=8912928 Link=13
      Origin   -00061.428524,+00002.999878,+00049.000004
      Normal   -00000.774597,-00000.447213,+00000.447214
      TextureU -00000.632455,+00000.547723,-00000.547723
      TextureV -00000.000000,-00000.707107,-00000.707107
      Vertex   -00061.428524,+00002.999878,+00049.000004
      Vertex   -00061.428524,+00006.999878,+00053.000004
      Vertex   -00064.892632,+00008.999878,+00049.000004
   End Polygon
   Begin Polygon Item=Top Texture=sec3 Flags=8912928 Link=14
      Origin   -00064.892632,+00008.999878,+00049.000004
      Normal   +00000.000000,+00000.894431,+00000.447207
      TextureU +00000.790569,+00000.273861,-00000.547723
      TextureV -00000.612372,+00000.353554,-00000.707107
      Vertex   -00064.892632,+00008.999878,+00049.000004
      Vertex   -00061.428524,+00006.999878,+00053.000004
      Vertex   -00057.964413,+00008.999878,+00049.000004
   End Polygon
   Begin Polygon Texture=sec3 Flags=8912928 Link=7
      Origin   -00025.428524,-00038.000000,+00049.000004
      Normal   +00000.000000,+00000.000000,+00001.000000
      TextureU +00000.000000,+00001.000000,+00000.000000
      TextureV -00001.000000,+00000.000000,+00000.000000
      Vertex   -00065.428520,-00030.071899,+00049.000004
      Vertex   -00065.428520,-00038.000000,+00049.000004
      Vertex   -00062.005795,-00038.000000,+00049.000004
      Vertex   -00061.428524,-00037.000122,+00049.000004
   End Polygon
   Begin Polygon Texture=sec3 Flags=8912928 Link=7
      Origin   -00025.428524,-00038.000000,+00049.000004
      Normal   +00000.000000,+00000.000000,+00001.000000
      TextureU +00000.000000,+00001.000000,+00000.000000
      TextureV -00001.000000,+00000.000000,+00000.000000
      Vertex   -00065.428520,-00003.928345,+00049.000004
      Vertex   -00065.428520,-00030.071899,+00049.000004
      Vertex   -00064.892632,-00031.000000,+00049.000004
      Vertex   -00057.964413,-00031.000122,+00049.000004
      Vertex   -00034.292965,+00010.000000,+00049.000004
      Vertex   -00057.387020,+00010.000000,+00049.000004
   End Polygon
   Begin Polygon Texture=sec3 Flags=8912928 Link=7
      Origin   -00025.428524,-00038.000000,+00049.000004
      Normal   +00000.000000,+00000.000000,+00001.000000
      TextureU +00000.000000,+00001.000000,+00000.000000
      TextureV -00001.000000,+00000.000000,+00000.000000
      Vertex   -00065.428520,+00010.000000,+00049.000004
      Vertex   -00065.428520,-00003.928345,+00049.000004
      Vertex   -00061.428524,+00002.999878,+00049.000004
   End Polygon
   Begin Polygon Texture=sec3 Flags=8912928 Link=7
      Origin   -00025.428524,-00038.000000,+00049.000004
      Normal   +00000.000000,+00000.000000,+00001.000000
      TextureU +00000.000000,+00001.000000,+00000.000000
      TextureV -00001.000000,+00000.000000,+00000.000000
      Vertex   -00064.857048,+00008.999878,+00049.000004
      Vertex   -00057.964413,+00008.999878,+00049.000004
      Vertex   -00057.387020,+00010.000000,+00049.000004
      Vertex   -00065.428520,+00010.000000,+00049.000004
   End Polygon
   Begin Polygon Texture=sec3 Flags=8912928 Link=7
      Origin   -00025.428524,-00038.000000,+00049.000004
      Normal   +00000.000000,+00000.000000,+00001.000000
      TextureU +00000.000000,+00001.000000,+00000.000000
      TextureV -00001.000000,+00000.000000,+00000.000000
      Vertex   +00071.571480,+00006.000000,+00048.999992
      Vertex   +00078.571480,+00010.000000,+00048.999992
      Vertex   +00064.643257,+00010.000000,+00048.999992
   End Polygon
   Begin Polygon Item=Top Texture=sec3 Flags=8912928 Link=20
      Origin   +00077.571480,+00002.535889,+00048.999992
      Normal   -00000.447214,-00000.774597,+00000.447214
      TextureU -00000.821584,+00000.158114,-00000.547723
      TextureV +00000.353553,-00000.612373,-00000.707107
      Vertex   +00077.571480,+00002.535889,+00048.999992
      Vertex   +00075.571480,+00006.000000,+00052.999992
      Vertex   +00071.571480,+00006.000000,+00048.999992
   End Polygon
   Begin Polygon Item=Top Texture=sec3 Flags=8912928 Link=21
      Origin   +00077.571480,-00036.464111,+00048.999992
      Normal   -00000.447214,-00000.774597,+00000.447214
      TextureU -00000.821584,+00000.158114,-00000.547723
      TextureV +00000.353553,-00000.612373,-00000.707107
      Vertex   +00077.571480,-00036.464111,+00048.999992
      Vertex   +00075.571480,-00033.000000,+00052.999992
      Vertex   +00071.571480,-00033.000000,+00048.999992
   End Polygon
   Begin Polygon Item=Top Texture=sec3 Flags=8912928 Link=22
      Origin   +00071.571480,-00033.000000,+00048.999992
      Normal   -00000.447213,+00000.774597,+00000.447214
      TextureU +00000.547723,+00000.632455,-00000.547723
      TextureV -00000.707109,-00000.000000,-00000.707104
      Vertex   +00071.571480,-00033.000000,+00048.999992
      Vertex   +00075.571480,-00033.000000,+00052.999992
      Vertex   +00077.571480,-00029.535889,+00048.999992
   End Polygon
   Begin Polygon Item=Top Texture=sec3 Flags=8912928 Link=23
      Origin   +00077.571480,-00029.535889,+00048.999992
      Normal   +00000.894427,+00000.000000,+00000.447214
      TextureU +00000.273861,-00000.790570,-00000.547722
      TextureV +00000.353554,+00000.612372,-00000.707107
      Vertex   +00077.571480,-00029.535889,+00048.999992
      Vertex   +00075.571480,-00033.000000,+00052.999992
      Vertex   +00077.571480,-00036.464111,+00048.999992
   End Polygon
   Begin Polygon Item=Top Texture=sec3 Flags=8912928 Link=24
      Origin   +00071.571480,+00006.000000,+00048.999992
      Normal   -00000.447213,+00000.774597,+00000.447214
      TextureU +00000.547723,+00000.632455,-00000.547723
      TextureV -00000.707109,-00000.000000,-00000.707104
      Vertex   +00071.571480,+00006.000000,+00048.999992
      Vertex   +00075.571480,+00006.000000,+00052.999992
      Vertex   +00077.571480,+00009.464111,+00048.999992
   End Polygon
   Begin Polygon Item=Top Texture=sec3 Flags=8912928 Link=23
      Origin   +00077.571480,-00029.535889,+00048.999992
      Normal   +00000.894427,+00000.000000,+00000.447214
      TextureU +00000.273861,-00000.790570,-00000.547722
      TextureV +00000.353554,+00000.612372,-00000.707107
      Vertex   +00077.571480,+00009.464111,+00048.999992
      Vertex   +00075.571480,+00006.000000,+00052.999992
      Vertex   +00077.571480,+00002.535889,+00048.999992
   End Polygon
   Begin Polygon Texture=sec3 Flags=8912928 Link=7
      Origin   -00025.428524,-00038.000000,+00049.000004
      Normal   +00000.000000,+00000.000000,+00001.000000
      TextureU +00000.000000,+00001.000000,+00000.000000
      TextureV -00001.000000,+00000.000000,+00000.000000
      Vertex   +00077.571480,+00009.428589,+00048.999992
      Vertex   +00077.571480,+00002.535889,+00048.999992
      Vertex   +00078.571480,+00001.958496,+00048.999992
      Vertex   +00078.571480,+00010.000000,+00048.999992
   End Polygon
   Begin Polygon Texture=sec3 Flags=8912928 Link=7
      Origin   -00025.428524,-00038.000000,+00049.000004
      Normal   +00000.000000,+00000.000000,+00001.000000
      TextureU +00000.000000,+00001.000000,+00000.000000
      TextureV -00001.000000,+00000.000000,+00000.000000
      Vertex   +00038.571476,-00013.947388,+00048.999996
      Vertex   +00038.571476,-00038.000000,+00048.999996
      Vertex   +00078.571480,-00038.000000,+00048.999992
      Vertex   +00078.571480,-00037.041504,+00048.999992
   End Polygon
   Begin Polygon Texture=sec3 Flags=8912928 Link=7
      Origin   -00025.428524,-00038.000000,+00049.000004
      Normal   +00000.000000,+00000.000000,+00001.000000
      TextureU +00000.000000,+00001.000000,+00000.000000
      TextureV -00001.000000,+00000.000000,+00000.000000
      Vertex   +00038.571476,-00013.947388,+00048.999996
      Vertex   +00071.571480,-00033.000000,+00048.999992
      Vertex   +00078.571480,-00028.958496,+00048.999992
      Vertex   +00078.571480,+00001.958496,+00048.999992
      Vertex   +00064.643257,+00010.000000,+00048.999992
      Vertex   +00038.571476,+00010.000000,+00048.999996
   End Polygon
   Begin Polygon Texture=sec3 Flags=8912928 Link=7
      Origin   -00025.428524,-00038.000000,+00049.000004
      Normal   +00000.000000,+00000.000000,+00001.000000
      TextureU +00000.000000,+00001.000000,+00000.000000
      TextureV -00001.000000,+00000.000000,+00000.000000
      Vertex   +00077.571480,-00029.535889,+00048.999992
      Vertex   +00077.571480,-00036.464111,+00048.999992
      Vertex   +00078.571480,-00037.041504,+00048.999992
      Vertex   +00078.571480,-00028.958496,+00048.999992
   End Polygon
   Begin Polygon Texture=sec1 Flags=8912928 Link=30
      Origin   +00078.571480,+00010.000000,+00048.999992
      Normal   +00000.000000,+00001.000000,+00000.000000
      Pan      U=130 V=0
      TextureU -00003.076923,-00000.000000,-00000.000000
      TextureV +00000.000000,+00000.000000,+00001.333333
      Vertex   +00078.571480,+00010.000000,+00048.999992
      Vertex   +00078.571472,+00010.000000,+00000.999993
      Vertex   +00038.571472,+00010.000000,+00000.999997
      Vertex   +00038.571476,+00010.000000,+00048.999996
   End Polygon
   Begin Polygon Texture=sec2 Flags=8912928 Link=31
      Origin   +00038.571472,+00010.000000,+00006.999997
      Normal   +00000.000000,+00001.000000,+00000.000000
      TextureU -00004.000000,+00000.000000,+00000.000000
      TextureV +00000.000000,+00000.000000,+00004.000000
      Vertex   +00038.571472,+00010.000000,+00006.999997
      Vertex   +00038.571472,+00010.000000,+00000.999997
      Vertex   -00025.428528,+00010.000000,+00001.000002
      Vertex   -00025.428528,+00010.000000,+00007.000002
   End Polygon
   Begin Polygon Texture=sec1 Flags=8912928 Link=32
      Origin   -00537.428467,+00010.000000,+00513.000061
      Normal   +00000.000000,+00001.000000,+00000.000000
      Pan      U=148 V=106
      TextureU -00003.030303,+00000.000000,+00000.000000
      TextureV +00000.000000,+00000.000000,+00001.333333
      Vertex   -00065.428528,+00010.000000,+00001.000006
      Vertex   -00065.428520,+00010.000000,+00049.000004
      Vertex   -00025.428524,+00010.000000,+00049.000004
      Vertex   -00025.428528,+00010.000000,+00001.000002
   End Polygon
   Begin Polygon Texture=sec1 Flags=8912928 Link=33
      Origin   +00038.571457,-00038.000000,-00187.000000
      Normal   +00000.000000,-00001.000000,+00000.000000
      Pan      U=166 V=132
      TextureU -00000.769231,+00000.000000,+00000.000000
      TextureV +00000.000000,+00000.000000,+00001.333333
      Vertex   -00065.428520,-00038.000000,+00049.000004
      Vertex   -00065.428528,-00038.000000,+00001.000006
      Vertex   +00078.571472,-00038.000000,+00000.999993
      Vertex   +00078.571480,-00038.000000,+00048.999992
   End Polygon
   Begin Polygon Texture=sec2 Flags=8912928 Link=34
      Origin   +00078.571457,-00038.000000,-00187.000000
      Normal   +00001.000000,+00000.000000,-00000.000000
      Pan      U=48 V=0
      TextureU -00000.000000,-00000.400000,-00000.000000
      TextureV +00000.000000,+00000.000000,+00002.000000
      Vertex   +00078.571472,-00038.000000,+00000.999993
      Vertex   +00078.571472,-00038.000000,-00007.000007
      Vertex   +00078.571472,+00010.000000,-00007.000007
      Vertex   +00078.571472,+00010.000000,+00000.999993
   End Polygon
   Begin Polygon Texture=sec3 Flags=8912928 Link=35
      Origin   +00078.571480,-00038.000000,+00048.999992
      Normal   +00001.000000,+00000.000000,-00000.000000
      Pan      U=0 V=4
      TextureU +00000.000000,+00001.428571,+00000.000000
      TextureV +00000.000000,+00000.000000,+00001.428571
      Vertex   +00078.571480,-00038.000000,+00048.999992
      Vertex   +00078.571472,-00038.000000,+00000.999993
      Vertex   +00078.571472,+00010.000000,+00000.999993
      Vertex   +00078.571480,+00010.000000,+00048.999992
   End Polygon
   Begin Polygon Texture=sec2 Flags=8912928 Link=36
      Origin   -00065.428543,+00010.000000,-00187.000000
      Normal   -00001.000000,+00000.000000,+00000.000000
      Pan      U=48 V=0
      TextureU +00000.000000,+00000.400000,+00000.000000
      TextureV +00000.000000,+00000.000000,+00002.000000
      Vertex   -00065.428528,+00010.000000,+00001.000006
      Vertex   -00065.428528,+00010.000000,-00006.999994
      Vertex   -00065.428528,-00038.000000,-00006.999994
      Vertex   -00065.428528,-00038.000000,+00001.000006
   End Polygon
   Begin Polygon Texture=sec3 Flags=8912928 Link=37
      Origin   -00065.428520,+00010.000000,+00049.000004
      Normal   -00001.000000,+00000.000000,+00000.000000
      Pan      U=126 V=4
      TextureU +00000.000000,-00001.428571,+00000.000000
      TextureV +00000.000000,+00000.000000,+00001.428571
      Vertex   -00065.428520,+00010.000000,+00049.000004
      Vertex   -00065.428528,+00010.000000,+00001.000006
      Vertex   -00065.428528,-00038.000000,+00001.000006
      Vertex   -00065.428520,-00038.000000,+00049.000004
   End Polygon
End PolyList
